0 0.686335 0.771179 0.686335 0.771761 0.686056 0.772052 0.686335 0.774672 0.688283 0.777584 0.688839 0.777875 0.689953 0.780495 0.689674 0.780786 0.690231 0.781368 0.690231 0.782533 0.690788 0.783115 0.691066 0.783988 0.692736 0.785735 0.693014 0.785735 0.694127 0.786900 0.694406 0.786608 0.694684 0.786900 0.694684 0.787482 0.695241 0.787773 0.695797 0.788646 0.696076 0.788355 0.696354 0.788646 0.696632 0.789520 0.697746 0.790102 0.699694 0.790393 0.699972 0.790684 0.701642 0.790684 0.702199 0.790393 0.701642 0.788937 0.700807 0.788937 0.699416 0.788355 0.699694 0.787773 0.699694 0.786608 0.699416 0.786317 0.699972 0.785735 0.701364 0.787191 0.704704 0.788937 0.705260 0.789520 0.705260 0.789811 0.704704 0.790102 0.705539 0.790684 0.706095 0.790684 0.707208 0.790102 0.707487 0.789520 0.707208 0.789229 0.707208 0.788646 0.706652 0.788064 0.705817 0.787773 0.705539 0.787482 0.705817 0.787191 0.703034 0.785735 0.701642 0.783988 0.700250 0.783697 0.699972 0.783406 0.700250 0.783115 0.699694 0.781951 0.699416 0.781951 0.697467 0.779913 0.697467 0.779622 0.696354 0.778457 0.696354 0.778166 0.695241 0.777293 0.695241 0.777001 0.694684 0.777001 0.693014 0.775255 0.692736 0.775255 0.691344 0.773508 0.691344 0.773217 0.691066 0.773217 0.689396 0.771179 0.688561 0.771470 0.687169 0.770597
0 0.804063 0.759243 0.803785 0.759243 0.803507 0.759534 0.802672 0.759534 0.802672 0.760990 0.802950 0.761281 0.803228 0.760990 0.803507 0.761281 0.803785 0.761281 0.804342 0.760699 0.804342 0.759825 0.804063 0.759534
0 0.758419 0.722271 0.757028 0.722562 0.754801 0.726638 0.753131 0.734498 0.753131 0.737409 0.752574 0.738282 0.752574 0.749345 0.753688 0.756914 0.753131 0.758952 0.751739 0.760990 0.749791 0.759825 0.749513 0.758079 0.748121 0.758079 0.747008 0.766521 0.747286 0.768268 0.747008 0.768559 0.746730 0.767686 0.747008 0.771761 0.744503 0.780495 0.744782 0.781951 0.746173 0.781951 0.747286 0.779913 0.747843 0.781077 0.748121 0.785153 0.749235 0.787773 0.748400 0.796215 0.748678 0.800291 0.750070 0.800291 0.750348 0.798836 0.750070 0.795051 0.750626 0.794469 0.750348 0.792722 0.750905 0.792140 0.750626 0.787191 0.752574 0.776710 0.753688 0.775255 0.754801 0.770015 0.754523 0.765066 0.755914 0.761572 0.755914 0.757496 0.757028 0.752838 0.756471 0.742649 0.756749 0.740029 0.757306 0.739738 0.756749 0.739156 0.757584 0.728675 0.758697 0.724309
0 0.747843 0.721106 0.747008 0.721106 0.746451 0.720815 0.746451 0.721689 0.745060 0.723435 0.745338 0.724017 0.744782 0.724600 0.744503 0.724600 0.744503 0.725473 0.742555 0.727802 0.742277 0.728384 0.742277 0.729549 0.741163 0.731004 0.741163 0.731587 0.739493 0.735080 0.739493 0.736536 0.739215 0.736827 0.739215 0.738282 0.738937 0.738574 0.739215 0.738865 0.738659 0.739156 0.738937 0.739447 0.738659 0.739738 0.738937 0.740320 0.738380 0.740902 0.738937 0.742067 0.738937 0.744978 0.738659 0.745269 0.738659 0.746434 0.738102 0.747307 0.738102 0.748180 0.737824 0.748472 0.738102 0.749054 0.738102 0.753421 0.738937 0.754003 0.739215 0.753712 0.739493 0.754003 0.740050 0.753421 0.740050 0.749054 0.740328 0.748763 0.740328 0.747016 0.740607 0.746725 0.740607 0.743231 0.740885 0.742940 0.740607 0.741485 0.740885 0.741194 0.741163 0.737118 0.741442 0.736827 0.741442 0.735953 0.741998 0.734789 0.741720 0.734498 0.743947 0.730131 0.743947 0.729549 0.744503 0.728675 0.744503 0.728093 0.745895 0.726638 0.747843 0.722562 0.747843 0.721980 0.748121 0.721689
0 0.400779 0.705386 0.400501 0.705677 0.399109 0.705677 0.397718 0.706259 0.396883 0.706259 0.396605 0.705968 0.396048 0.706259 0.394378 0.705968 0.392708 0.706841 0.391873 0.707715 0.391873 0.708879 0.391316 0.709753 0.391316 0.710626 0.390481 0.711499 0.390203 0.712373 0.389647 0.712955 0.389368 0.712664 0.389368 0.713246 0.388812 0.713828 0.389090 0.718195 0.389368 0.718486 0.389090 0.726055 0.388533 0.726638 0.388533 0.729840 0.389090 0.730713 0.388533 0.731295 0.388533 0.732751 0.388255 0.733042 0.388255 0.733916 0.388533 0.734207 0.388255 0.734498 0.388255 0.736245 0.388533 0.736536 0.388255 0.737118 0.388812 0.737991 0.388812 0.739738 0.390760 0.739738 0.391316 0.738574 0.391038 0.737991 0.391038 0.735953 0.391316 0.735662 0.391316 0.733333 0.391595 0.733042 0.391595 0.729840 0.392708 0.726638 0.392708 0.725473 0.392986 0.725182 0.393265 0.723144 0.393821 0.722562 0.393821 0.721980 0.395491 0.718777 0.396048 0.718486 0.396048 0.717322 0.396326 0.717031 0.396605 0.717322 0.396605 0.716448 0.398274 0.714993 0.398831 0.713537 0.399666 0.712373 0.399666 0.711790 0.399944 0.711499 0.399944 0.710044 0.401336 0.707132 0.401336 0.706259
0 0.770109 0.701310 0.769274 0.701310 0.768995 0.701019 0.767325 0.702183 0.766769 0.703348 0.766212 0.703057 0.766212 0.702475 0.763707 0.702475 0.763986 0.703057 0.763429 0.703639 0.763429 0.704221 0.762594 0.705386 0.762594 0.706259 0.762037 0.706841 0.762037 0.708588 0.761759 0.708879 0.761759 0.709753 0.761481 0.710044 0.761481 0.712373 0.761202 0.712664 0.761202 0.714702 0.760924 0.714993 0.760924 0.717031 0.760646 0.717322 0.760646 0.718777 0.760367 0.719068 0.760367 0.720233 0.760089 0.720524 0.760089 0.721689 0.759811 0.721980 0.759811 0.723435 0.759532 0.723726 0.759532 0.725764 0.760089 0.726346 0.760089 0.726929 0.760367 0.727220 0.761759 0.727220 0.762872 0.725182 0.762872 0.724309 0.763151 0.724017 0.763151 0.722562 0.763429 0.722271 0.763429 0.721106 0.763707 0.720815 0.763986 0.718777 0.764264 0.718486 0.764264 0.717904 0.764820 0.716739 0.764820 0.715575 0.765099 0.715284 0.765099 0.714410 0.765377 0.714119 0.765655 0.712082 0.766212 0.710917 0.766212 0.710044 0.766769 0.708879 0.767047 0.706841 0.767325 0.706259 0.768439 0.705386 0.768439 0.704803 0.768717 0.704221 0.769830 0.703057 0.770109 0.703057
0 0.437239 0.696361 0.436682 0.697234 0.436126 0.697234 0.435847 0.697817 0.435847 0.698399 0.435291 0.699563 0.435013 0.702183 0.434734 0.702475 0.434734 0.703057 0.435013 0.703348 0.434734 0.703930 0.435013 0.704221 0.435013 0.704803 0.435569 0.705386 0.435569 0.706259 0.435847 0.706550 0.435847 0.707132 0.435569 0.707424 0.435847 0.707715 0.435847 0.708588 0.436404 0.709461 0.436404 0.710335 0.438352 0.714410 0.438352 0.715284 0.438631 0.715575 0.438909 0.717031 0.439466 0.717322 0.439466 0.717904 0.440301 0.719651 0.440022 0.720233 0.440022 0.720815 0.440301 0.721106 0.440301 0.721980 0.440857 0.723144 0.440857 0.724309 0.441136 0.724600 0.441414 0.724309 0.441692 0.724600 0.442805 0.724600 0.443084 0.724309 0.443084 0.720233 0.443362 0.719942 0.443084 0.719651 0.443084 0.718195 0.442805 0.717904 0.442805 0.715866 0.442527 0.715575 0.442527 0.711499 0.442249 0.711208 0.442249 0.710044 0.441692 0.708879 0.441692 0.707715 0.441414 0.707424 0.441414 0.705968 0.441136 0.705677 0.441136 0.704803 0.440579 0.703930 0.440579 0.702183 0.440022 0.701310 0.440022 0.700728 0.439466 0.699563 0.439466 0.698690 0.439187 0.698399 0.439187 0.697817 0.438352 0.696361
0 0.767604 0.687918 0.766769 0.687918 0.766490 0.688210 0.765934 0.688210 0.765655 0.688501 0.764820 0.688501 0.764542 0.688792 0.763986 0.688792 0.763151 0.689374 0.762037 0.689374 0.760646 0.690247 0.760089 0.690247 0.760089 0.690539 0.759811 0.690830 0.759254 0.690830 0.758697 0.691412 0.758419 0.691412 0.757584 0.691994 0.756749 0.691994 0.756749 0.692285 0.756471 0.692576 0.755636 0.692576 0.755358 0.692868 0.755079 0.692868 0.754523 0.693450 0.754523 0.694032 0.754244 0.694323 0.754523 0.694614 0.754523 0.694905 0.753966 0.695488 0.753966 0.696361 0.754244 0.696652 0.753966 0.696943 0.753966 0.698108 0.754244 0.698399 0.754244 0.698981 0.754523 0.699272 0.754523 0.699854 0.754801 0.700146 0.754801 0.701019 0.755079 0.701310 0.755079 0.701892 0.755914 0.701892 0.756193 0.702183 0.756471 0.701892 0.756749 0.701892 0.757306 0.701310 0.757306 0.701019 0.757028 0.700728 0.757306 0.700437 0.757028 0.700146 0.757028 0.699563 0.757306 0.699272 0.757028 0.698981 0.757028 0.698108 0.757584 0.697525 0.757863 0.696652 0.758976 0.695488 0.759254 0.695488 0.759811 0.694905 0.760089 0.695197 0.760089 0.694905 0.760367 0.694614 0.760646 0.694905 0.760924 0.694614 0.761202 0.694614 0.761202 0.694032 0.761481 0.693741 0.761759 0.694032 0.762037 0.694032 0.762594 0.693159 0.762872 0.693450 0.763151 0.693159 0.762872 0.692868 0.763151 0.692576 0.763707 0.692576 0.765099 0.691412 0.765377 0.691412 0.765655 0.691121 0.766212 0.691121 0.766490 0.690830 0.767047 0.690830 0.767882 0.690247 0.767882 0.689083 0.768160 0.688792 0.768160 0.688501
0 0.851934 0.689374 0.851934 0.688210 0.851378 0.687627 0.849708 0.687627 0.849429 0.687336 0.848873 0.687336 0.848594 0.687045 0.846925 0.687045 0.846646 0.686754 0.845255 0.686754 0.844976 0.687045 0.839688 0.687045 0.839410 0.687336 0.838575 0.687336 0.838575 0.687918 0.838297 0.688210 0.838297 0.688501 0.838575 0.688792 0.838853 0.688792 0.839132 0.689083 0.839688 0.689083 0.839967 0.688792 0.842471 0.688792 0.842750 0.688501 0.847481 0.688501 0.848038 0.689083 0.850264 0.689083 0.850543 0.689374
0 0.827442 0.686463 0.826886 0.686463 0.826607 0.686172 0.825494 0.686172 0.825216 0.686463 0.824102 0.686463 0.823824 0.686754 0.823267 0.686754 0.822989 0.687045 0.821876 0.687045 0.821598 0.687336 0.821041 0.687336 0.820484 0.687918 0.820206 0.687918 0.820206 0.689083 0.820484 0.689374 0.821041 0.689374 0.821319 0.689665 0.821876 0.689665 0.822154 0.689374 0.822433 0.689374 0.822711 0.689083 0.823267 0.689083 0.823546 0.688792 0.824102 0.688792 0.824381 0.688501 0.824937 0.688501 0.825216 0.688210 0.826607 0.688210 0.826886 0.687918 0.827442 0.687918
0 0.473142 0.664629 0.472307 0.665502 0.472307 0.666667 0.472864 0.667540 0.472586 0.667831 0.473142 0.668413 0.473421 0.669578 0.475369 0.671907 0.475647 0.672780 0.475925 0.672780 0.477039 0.673945 0.477317 0.673945 0.477874 0.674527 0.478430 0.675691 0.479822 0.677147 0.479822 0.677438 0.480935 0.678894 0.480935 0.679476 0.481492 0.680058 0.481492 0.681223 0.482605 0.682387 0.482605 0.682678 0.484553 0.684425 0.485110 0.684425 0.485388 0.684716 0.485388 0.685298 0.485945 0.686463 0.487058 0.687627 0.488171 0.688210 0.489006 0.689083 0.489563 0.688792 0.490676 0.689374 0.492346 0.689374 0.492625 0.689083 0.492625 0.687627 0.491790 0.686172 0.492068 0.685881 0.491233 0.685007 0.490955 0.684134 0.490120 0.683261 0.489841 0.683261 0.489563 0.682678 0.488450 0.681514 0.488171 0.681514 0.486780 0.680058 0.486223 0.680058 0.485945 0.679767 0.486223 0.679476 0.484553 0.677438 0.483718 0.675400 0.483162 0.675400 0.482048 0.674236 0.482048 0.673945 0.481213 0.673071 0.481213 0.672780 0.480657 0.672489 0.480657 0.671907 0.480100 0.671325 0.479822 0.670160 0.479265 0.669578 0.479265 0.669287 0.475925 0.666084 0.475369 0.666084 0.474255 0.664629
0 0.800167 0.663755 0.799610 0.663173 0.798775 0.663173 0.798497 0.663464 0.797940 0.663464 0.797662 0.663755 0.797105 0.663755 0.796827 0.664047 0.796271 0.664047 0.795992 0.664338 0.795436 0.664338 0.795157 0.664629 0.794322 0.664629 0.794044 0.664920 0.793209 0.664920 0.792931 0.665211 0.792096 0.665211 0.791817 0.665502 0.791261 0.665502 0.790704 0.666084 0.790148 0.666084 0.789034 0.666958 0.788478 0.666958 0.787921 0.667540 0.787364 0.667540 0.787086 0.667249 0.787086 0.667540 0.786529 0.668122 0.785416 0.668122 0.785416 0.668413 0.785138 0.668705 0.784581 0.668705 0.784024 0.669287 0.783190 0.669578 0.782911 0.669869 0.783190 0.670160 0.781798 0.671325 0.781520 0.671325 0.780685 0.671907 0.780128 0.671907 0.779850 0.672198 0.779571 0.672198 0.779015 0.672780 0.779015 0.673945 0.779850 0.675109 0.779850 0.675400 0.780406 0.675983 0.780406 0.676565 0.780685 0.676565 0.780963 0.676856 0.780963 0.677147 0.781520 0.677147 0.782355 0.677729 0.784024 0.677729 0.784024 0.677438 0.785973 0.675109 0.786251 0.675109 0.786808 0.674527 0.787086 0.674527 0.787921 0.673945 0.788199 0.674236 0.788199 0.673945 0.788478 0.673654 0.789034 0.673654 0.789313 0.673362 0.789869 0.673362 0.790148 0.673071 0.790426 0.673071 0.790982 0.672489 0.790982 0.672198 0.791261 0.671907 0.791539 0.671907 0.791539 0.671616 0.791817 0.671325 0.791817 0.670742 0.792096 0.670451 0.792374 0.670451 0.792374 0.669869 0.792652 0.669578 0.792931 0.669578 0.792931 0.669287 0.794044 0.668122 0.794322 0.668122 0.794879 0.667540 0.795436 0.667540 0.796271 0.666958 0.796549 0.667249 0.797105 0.666667 0.797940 0.666376 0.798497 0.665793 0.798775 0.665793 0.799332 0.665211 0.799610 0.665211 0.799889 0.664920 0.799889 0.664338 0.800167 0.664047
0 0.870025 0.659389 0.869468 0.658806 0.868912 0.659098 0.868355 0.658806 0.868077 0.659098 0.867242 0.659098 0.866964 0.659389 0.866407 0.659098 0.863067 0.659098 0.862232 0.659680 0.861397 0.659680 0.860284 0.660262 0.859449 0.660262 0.858614 0.660844 0.857222 0.660844 0.856666 0.661426 0.854718 0.661426 0.853604 0.662009 0.852213 0.662009 0.851934 0.662300 0.851378 0.662300 0.850821 0.662591 0.850821 0.662882 0.850264 0.663464 0.849708 0.663464 0.848316 0.664338 0.847481 0.664338 0.847203 0.664629 0.846090 0.664629 0.845811 0.664920 0.844976 0.664920 0.844420 0.664338 0.844141 0.664629 0.843863 0.664047 0.843585 0.664047 0.843306 0.664338 0.842750 0.664338 0.842471 0.664920 0.842471 0.666667 0.846090 0.666667 0.846368 0.666376 0.846646 0.666667 0.847203 0.666376 0.852769 0.666376 0.853326 0.665793 0.854718 0.665793 0.854996 0.665502 0.855831 0.665502 0.856666 0.664920 0.857779 0.664920 0.859171 0.664047 0.859727 0.664338 0.860006 0.663755 0.860284 0.664047 0.861119 0.663464 0.861397 0.663755 0.862232 0.663173 0.863067 0.663173 0.864737 0.662300 0.866407 0.662300 0.867798 0.661135 0.868355 0.661135 0.868633 0.660844 0.870025 0.660553
0 0.453382 0.655022 0.453382 0.656186 0.453103 0.656477 0.453382 0.656769 0.453382 0.657060 0.453660 0.657351 0.453938 0.657351 0.454217 0.657642 0.453938 0.657933 0.454217 0.657933 0.454495 0.658224 0.454217 0.658515 0.454495 0.658224 0.454773 0.658515 0.454773 0.658806 0.455330 0.659389 0.455051 0.659680 0.455330 0.659389 0.455608 0.659680 0.455608 0.659971 0.455886 0.660262 0.455886 0.661135 0.456165 0.661426 0.456165 0.661718 0.456721 0.662300 0.456721 0.662591 0.457000 0.662882 0.457000 0.663173 0.457278 0.663464 0.457278 0.664047 0.457556 0.664338 0.457556 0.664629 0.458113 0.664629 0.458391 0.664920 0.458670 0.664629 0.459226 0.664629 0.459783 0.664047 0.459783 0.663464 0.460061 0.663173 0.459783 0.662882 0.459783 0.662300 0.459226 0.661718 0.459226 0.661426 0.458948 0.661135 0.458948 0.660844 0.458391 0.660262 0.458391 0.659971 0.457835 0.659389 0.457835 0.658806 0.457000 0.657933 0.457000 0.657642 0.456721 0.657642 0.456443 0.657351 0.456721 0.657060 0.455608 0.655895 0.455886 0.655604 0.455608 0.655895 0.455051 0.655313 0.454773 0.655313 0.454495 0.655022
0 0.254105 0.625036 0.251879 0.624745 0.251044 0.623581 0.251044 0.621834 0.249652 0.621834 0.249095 0.622707 0.246312 0.624163 0.236849 0.627656 0.233788 0.630277 0.231283 0.631150 0.229335 0.631150 0.223212 0.634061 0.222933 0.633770 0.221820 0.634352 0.220150 0.636390 0.219872 0.635808 0.219872 0.636390 0.218480 0.637555 0.208461 0.640757 0.207348 0.642213 0.205399 0.642795 0.200111 0.645706 0.197328 0.646579 0.197050 0.647453 0.195102 0.648326 0.193710 0.648035 0.193710 0.649782 0.198163 0.649782 0.198441 0.649199 0.200111 0.648908 0.200668 0.648326 0.201503 0.648617 0.202616 0.647162 0.204843 0.647162 0.209018 0.645124 0.209296 0.644250 0.223768 0.638719 0.224882 0.638719 0.231005 0.635226 0.241303 0.632606 0.245199 0.630277 0.245477 0.630568 0.246034 0.629694 0.247426 0.629403 0.251600 0.627074 0.253549 0.626783 0.253827 0.627365 0.254384 0.626783
0 0.900362 0.620378 0.899805 0.619796 0.898970 0.619796 0.898692 0.620087 0.898414 0.619796 0.897300 0.620670 0.897022 0.620670 0.896744 0.620378 0.896744 0.620961 0.896465 0.621252 0.895909 0.621252 0.894517 0.622416 0.893682 0.622416 0.893404 0.622707 0.892291 0.622707 0.892012 0.622999 0.890899 0.622999 0.890621 0.623290 0.889229 0.623581 0.887837 0.624454 0.887281 0.624454 0.886724 0.625036 0.886446 0.625036 0.886168 0.625328 0.885611 0.625328 0.885333 0.625619 0.884498 0.625910 0.883941 0.626492 0.883106 0.626783 0.882271 0.627656 0.881714 0.627656 0.881714 0.627948 0.881436 0.628239 0.881158 0.627948 0.880323 0.628821 0.878375 0.629694 0.878096 0.629985 0.878096 0.631441 0.878375 0.631441 0.878653 0.631732 0.878375 0.632023 0.878653 0.631732 0.879488 0.631732 0.880323 0.631150 0.880879 0.631150 0.880601 0.631150 0.880323 0.630859 0.880601 0.630568 0.881158 0.630568 0.881436 0.630859 0.882271 0.631150 0.881993 0.630859 0.883106 0.629985 0.883663 0.629985 0.883384 0.629694 0.884498 0.628530 0.884776 0.628530 0.886168 0.627656 0.886724 0.627656 0.887003 0.627365 0.887281 0.627365 0.888116 0.626783 0.888672 0.626783 0.888951 0.626492 0.889229 0.626783 0.889786 0.626783 0.890064 0.626492 0.890342 0.626783 0.890342 0.626492 0.890621 0.626201 0.891456 0.626201 0.891734 0.625910 0.892291 0.625910 0.892569 0.625619 0.893404 0.625619 0.894239 0.625036 0.894795 0.625036 0.895074 0.624745 0.895630 0.624745 0.896465 0.624163 0.897022 0.624163 0.897300 0.623872 0.897579 0.623872 0.898692 0.622707 0.898970 0.622707 0.899249 0.622999 0.899249 0.622707 0.899527 0.622416 0.899805 0.622707 0.900083 0.622416 0.900083 0.621834 0.899805 0.621543 0.899805 0.620670 0.900083 0.620378
0 0.557195 0.617176 0.557195 0.618632 0.561648 0.618923 0.564153 0.619796 0.564709 0.619505 0.567214 0.620378 0.568327 0.620378 0.571110 0.621834 0.574450 0.624454 0.576955 0.625036 0.577512 0.625619 0.578068 0.625328 0.578625 0.625910 0.580573 0.626492 0.584470 0.626783 0.587531 0.627656 0.589758 0.627365 0.590036 0.627948 0.592819 0.627656 0.593098 0.628239 0.594211 0.627948 0.599221 0.629694 0.600891 0.629694 0.602561 0.630277 0.608684 0.628530 0.608684 0.627074 0.607570 0.625910 0.605622 0.625910 0.602561 0.624745 0.600891 0.624454 0.600056 0.624745 0.599499 0.624163 0.598664 0.624454 0.594489 0.623581 0.593098 0.622416 0.591149 0.622125 0.589480 0.621252 0.588645 0.621252 0.588088 0.620670 0.584191 0.619505 0.578068 0.619796 0.576677 0.618923 0.576399 0.619214 0.575842 0.618632 0.571945 0.617758 0.571110 0.617176 0.568606 0.617467 0.566936 0.616885 0.563874 0.616594 0.561091 0.615429 0.559143 0.615138 0.557751 0.615429
0 0.789034 0.571470 0.789034 0.571761 0.788478 0.572635 0.788756 0.572926 0.788756 0.573799 0.789034 0.573799 0.789869 0.574964 0.790982 0.577584 0.792096 0.578748 0.792096 0.579330 0.792374 0.579330 0.792652 0.579622 0.792652 0.580204 0.794044 0.581077 0.794044 0.581368 0.794322 0.581659 0.794044 0.582533 0.794322 0.582533 0.794601 0.582824 0.794879 0.584279 0.795714 0.585444 0.795714 0.585735 0.796271 0.586317 0.796271 0.586900 0.797105 0.588064 0.797105 0.588355 0.798219 0.589520 0.798219 0.589811 0.798497 0.589811 0.799332 0.590684 0.799610 0.592140 0.800724 0.593304 0.801280 0.593304 0.801559 0.593595 0.802394 0.593886 0.802672 0.594178 0.802394 0.594469 0.802672 0.594178 0.803785 0.594178 0.804063 0.593886 0.804063 0.592431 0.803507 0.591557 0.803507 0.590393 0.802394 0.588937 0.802394 0.588355 0.802115 0.588064 0.802115 0.587773 0.801837 0.587482 0.801559 0.587482 0.801280 0.587191 0.801280 0.586900 0.801002 0.586900 0.799332 0.585153 0.799332 0.584862 0.798775 0.584279 0.798775 0.583988 0.798219 0.583406 0.798219 0.583115 0.797662 0.582533 0.797662 0.582242 0.796827 0.581368 0.796827 0.581077 0.796271 0.580495 0.796271 0.580204 0.795714 0.579622 0.795714 0.579330 0.795157 0.579330 0.794601 0.578748 0.794879 0.578457 0.794879 0.578166 0.794601 0.577875 0.794601 0.577584 0.794322 0.577584 0.794044 0.577293 0.794044 0.576710 0.793766 0.576710 0.793209 0.576128 0.793209 0.575255 0.792374 0.574381 0.792374 0.573799 0.791817 0.573217 0.791817 0.572926 0.791261 0.572926 0.790426 0.572052 0.790704 0.571761 0.789591 0.571761 0.789313 0.571470
0 0.761481 0.571179 0.761481 0.571470 0.760924 0.571761 0.760924 0.576710 0.761202 0.577001 0.761202 0.577584 0.760924 0.577875 0.761202 0.578166 0.761202 0.579330 0.760924 0.579622 0.760924 0.582824 0.761202 0.583115 0.760924 0.583406 0.760924 0.586026 0.761481 0.586317 0.761481 0.593886 0.761202 0.594178 0.761202 0.598253 0.760924 0.598544 0.761202 0.598836 0.760924 0.604076 0.761481 0.604658 0.762316 0.604658 0.762872 0.603785 0.762872 0.595051 0.763151 0.594760 0.763151 0.593886 0.763429 0.593595 0.763429 0.589229 0.763707 0.588937 0.763707 0.587482 0.763429 0.587191 0.763707 0.586900 0.763151 0.586026 0.763151 0.583988 0.763429 0.583697 0.763429 0.582242 0.763151 0.581951 0.763151 0.576128 0.762594 0.575255 0.762872 0.574672 0.762872 0.571470 0.762316 0.571179
0 0.209852 0.566521 0.210409 0.567103 0.210687 0.567977 0.221264 0.567977 0.221542 0.567686 0.222933 0.567686 0.223212 0.567977 0.223490 0.567686 0.225438 0.567686 0.225717 0.567394 0.226273 0.567394 0.226830 0.567686 0.227108 0.567394 0.228222 0.567394 0.228500 0.567103 0.230170 0.567103 0.230448 0.566812 0.231283 0.567103 0.231561 0.566812 0.232118 0.566812 0.232675 0.566230 0.232953 0.566521 0.233231 0.566230 0.234345 0.566230 0.234901 0.565648 0.235736 0.565648 0.236293 0.565066 0.236293 0.564192 0.235458 0.563610 0.235736 0.563319 0.235458 0.563319 0.234901 0.562737 0.233510 0.562737 0.233231 0.563319 0.232396 0.563319 0.232118 0.562737 0.230726 0.562737 0.230448 0.562445 0.228500 0.562445 0.228222 0.562154 0.227108 0.562154 0.226552 0.562445 0.226273 0.562154 0.224325 0.562154 0.224047 0.561863 0.216254 0.561863 0.215976 0.562154 0.215141 0.562154 0.214862 0.562445 0.213471 0.562445 0.213192 0.562737 0.212357 0.562737 0.211801 0.563028 0.211244 0.563901 0.210966 0.563610 0.210966 0.563901 0.209852 0.565066
0 0.624826 0.551674 0.624826 0.552838 0.625104 0.553130 0.626218 0.553130 0.626218 0.551965 0.625939 0.551674
0 0.628166 0.550218 0.628166 0.551965 0.628444 0.552256 0.629836 0.552256 0.630114 0.551965 0.630114 0.551674 0.630392 0.551383 0.630392 0.551092 0.630114 0.550801 0.630114 0.550218
0 0.682160 0.519651 0.682160 0.520524 0.682438 0.520815 0.682438 0.521397 0.683273 0.522271 0.683551 0.522271 0.683830 0.522562 0.686335 0.522562 0.686891 0.521980 0.687169 0.521980 0.687726 0.521397 0.688004 0.521397 0.688283 0.521106 0.688561 0.521397 0.688839 0.521106 0.688839 0.518777 0.688561 0.518486 0.687726 0.518486 0.687448 0.518195 0.685778 0.518195 0.685500 0.517904 0.683273 0.517904 0.682995 0.518195 0.682716 0.518195 0.682716 0.518777 0.682438 0.519068 0.682438 0.519360
0 0.229613 0.516739 0.228500 0.516448 0.220150 0.519651 0.215697 0.520524 0.212636 0.521689 0.212636 0.522271 0.206234 0.524600 0.202338 0.527220 0.197885 0.531587 0.193432 0.533624 0.184525 0.539738 0.180072 0.541776 0.176454 0.544978 0.175063 0.545269 0.167826 0.549345 0.163373 0.553421 0.161982 0.554003 0.161147 0.553712 0.161147 0.554294 0.159755 0.554585 0.159198 0.556041 0.162260 0.556041 0.165321 0.554585 0.165600 0.553712 0.168383 0.551092 0.174506 0.547598 0.177289 0.546725 0.181742 0.543523 0.190648 0.538574 0.195658 0.534789 0.200668 0.532460 0.203451 0.529549 0.207069 0.527802 0.218480 0.524600 0.223212 0.521980 0.224325 0.520815 0.227387 0.520233 0.229613 0.517904
0 0.671584 0.507132 0.671862 0.507424 0.671027 0.508297 0.671027 0.509753 0.672419 0.511208 0.672419 0.511790 0.672697 0.512082 0.672697 0.512955 0.673254 0.513537 0.673254 0.513828 0.673532 0.513828 0.673810 0.514119 0.674367 0.514119 0.674645 0.513828 0.674923 0.513828 0.675202 0.514119 0.675202 0.514410 0.675480 0.514410 0.675758 0.514702 0.676037 0.514410 0.676593 0.514410 0.676872 0.514702 0.677428 0.514702 0.677985 0.515284 0.678263 0.515284 0.678542 0.515575 0.680490 0.515575 0.680490 0.514119 0.679933 0.513537 0.679655 0.513537 0.679377 0.513246 0.679098 0.513246 0.678820 0.512955 0.678542 0.512955 0.677985 0.512373 0.677707 0.512373 0.677150 0.511790 0.677150 0.511499 0.676315 0.510626 0.676037 0.510626 0.675480 0.510044 0.675480 0.509753 0.674367 0.508588 0.674367 0.508297 0.674089 0.508006 0.674089 0.507715 0.673254 0.506841 0.672140 0.506841 0.671862 0.507132
0 0.586140 0.478603 0.586418 0.478894 0.586418 0.480058 0.586975 0.480640 0.587531 0.480640 0.587810 0.481223 0.588923 0.481514 0.589480 0.482678 0.590593 0.482969 0.591428 0.483552 0.591706 0.484134 0.592263 0.484134 0.593376 0.485007 0.593654 0.484716 0.593933 0.485007 0.593933 0.486172 0.594489 0.486754 0.596438 0.487918 0.597551 0.488210 0.597829 0.488792 0.598942 0.488792 0.600056 0.489956 0.600612 0.489665 0.600891 0.490539 0.601447 0.490247 0.602004 0.490830 0.601726 0.491121 0.602004 0.490830 0.603395 0.491994 0.603952 0.491994 0.604509 0.492576 0.605344 0.492868 0.605622 0.493450 0.606735 0.494032 0.607849 0.495197 0.608405 0.495197 0.610075 0.496361 0.611467 0.496361 0.612580 0.496943 0.613693 0.496943 0.614528 0.497525 0.615642 0.497525 0.615920 0.497817 0.617590 0.497817 0.618146 0.497525 0.618146 0.496652 0.618703 0.496361 0.618703 0.495488 0.618146 0.495197 0.617033 0.493741 0.616476 0.493741 0.615363 0.492868 0.612580 0.492576 0.612302 0.492285 0.611467 0.492285 0.609797 0.491703 0.607849 0.489956 0.607014 0.489665 0.606457 0.488792 0.606179 0.489083 0.604230 0.487336 0.604509 0.487045 0.604230 0.487336 0.603674 0.486754 0.603952 0.486463 0.601726 0.484425 0.601169 0.484425 0.600891 0.483843 0.600056 0.483552 0.599499 0.482969 0.598386 0.482678 0.597551 0.482096 0.596716 0.482387 0.595324 0.481805 0.591984 0.478603 0.590593 0.478603 0.589201 0.478020 0.586696 0.478020 0.586696 0.478311
0 0.467019 0.464047 0.465628 0.464047 0.465071 0.464920 0.464514 0.466958 0.463401 0.468996 0.462009 0.470451 0.461731 0.470451 0.460061 0.472780 0.460340 0.473071 0.459783 0.473945 0.459783 0.474527 0.458948 0.476274 0.457835 0.477147 0.458113 0.477729 0.457278 0.479185 0.457000 0.478894 0.457000 0.479185 0.455886 0.480058 0.455886 0.480640 0.455330 0.481805 0.451712 0.485298 0.450598 0.487045 0.450320 0.487918 0.449763 0.488501 0.449763 0.489083 0.447815 0.491412 0.446980 0.493159 0.447259 0.493450 0.447259 0.494614 0.448650 0.494614 0.448928 0.494323 0.448928 0.493741 0.449485 0.492576 0.450877 0.491412 0.450877 0.490830 0.451433 0.490247 0.451712 0.489083 0.453103 0.487627 0.453382 0.487627 0.453103 0.487336 0.453938 0.486754 0.453938 0.486172 0.454217 0.485881 0.454773 0.485881 0.455330 0.485298 0.455608 0.484425 0.457000 0.483261 0.457556 0.482096 0.459226 0.480058 0.459505 0.478894 0.461453 0.475983 0.461731 0.474527 0.462566 0.473362 0.462844 0.472489 0.463679 0.471907 0.464236 0.470451 0.464793 0.470160 0.464793 0.469869 0.465906 0.468705 0.465906 0.468122 0.467019 0.465793
0 0.781520 0.394760 0.781241 0.395051 0.780128 0.395051 0.779850 0.394760 0.779571 0.395051 0.779293 0.395051 0.779293 0.395924 0.779015 0.396215 0.779015 0.396507 0.778736 0.396798 0.778736 0.397380 0.778458 0.397671 0.778458 0.398544 0.778180 0.398836 0.778180 0.399418 0.777901 0.399709 0.777901 0.400291 0.777623 0.400582 0.777901 0.400873 0.777901 0.401164 0.777623 0.401456 0.777345 0.401456 0.777623 0.401747 0.777067 0.402329 0.777345 0.402620 0.777067 0.402911 0.776788 0.402911 0.776788 0.403493 0.776510 0.403785 0.776510 0.404367 0.776788 0.404658 0.776788 0.405240 0.777067 0.405531 0.777067 0.405822 0.777345 0.406114 0.777901 0.406114 0.778180 0.405822 0.778736 0.405822 0.779015 0.405531 0.779015 0.405240 0.779293 0.404949 0.779571 0.404949 0.779571 0.404367 0.779850 0.404076 0.779850 0.403493 0.780406 0.402911 0.780685 0.402911 0.781798 0.401747 0.782076 0.401747 0.782633 0.401164 0.782911 0.401164 0.783468 0.400582 0.783468 0.398836 0.782911 0.398253 0.782911 0.397962 0.782355 0.397380 0.782355 0.395342 0.782076 0.395051 0.781798 0.395051
0 0.206234 0.341485 0.206234 0.342358 0.206791 0.342940 0.211244 0.345269 0.212357 0.345269 0.215419 0.346725 0.222099 0.350801 0.225160 0.351674 0.231005 0.354585 0.234345 0.358370 0.234901 0.358370 0.236571 0.360116 0.237963 0.360408 0.242137 0.365648 0.246591 0.368559 0.250765 0.374381 0.254662 0.375837 0.255497 0.376710 0.255775 0.377875 0.258280 0.380204 0.261341 0.380204 0.261898 0.379622 0.262176 0.376710 0.260785 0.374381 0.258558 0.373217 0.254105 0.369723 0.248261 0.363901 0.246591 0.363319 0.239911 0.357496 0.234901 0.355167 0.234066 0.354003 0.229056 0.351383 0.226830 0.349345 0.222099 0.348180 0.219315 0.346143 0.214862 0.344105 0.210131 0.342940 0.207626 0.341485