0 0.259887 0.884718 0.259887 0.886059 0.259416 0.886394 0.259416 0.888740 0.261299 0.893097 0.261770 0.895107 0.261770 0.896783 0.262476 0.899799 0.262947 0.900804 0.262947 0.901475 0.263183 0.901139 0.263653 0.902145 0.263889 0.908177 0.264124 0.908512 0.264124 0.910523 0.264360 0.910858 0.264595 0.921917 0.265066 0.923257 0.265066 0.924598 0.265537 0.925603 0.266478 0.929960 0.267891 0.931300 0.269068 0.931300 0.269539 0.929960 0.269539 0.927614 0.268832 0.926609 0.268597 0.923928 0.268126 0.923257 0.268126 0.921582 0.267655 0.920241 0.267655 0.917225 0.267185 0.915885 0.266714 0.911863 0.266008 0.909517 0.266008 0.908177 0.265772 0.907842 0.266008 0.907172 0.265537 0.906501 0.265537 0.905496 0.265772 0.905161 0.265301 0.903485 0.265301 0.901810 0.264595 0.898794 0.264124 0.898458 0.264124 0.897788 0.264595 0.897453 0.264360 0.897118 0.264360 0.893097 0.263889 0.891421 0.263418 0.886394 0.262712 0.886059 0.262241 0.886394 0.261299 0.884718
0 0.217985 0.878016 0.217279 0.879357 0.215631 0.880362 0.216573 0.890080 0.216573 0.897118 0.217985 0.908847 0.218456 0.909517 0.220104 0.916220 0.219633 0.919236 0.219868 0.925268 0.221751 0.924598 0.221751 0.917895 0.222693 0.916555 0.223870 0.915885 0.225282 0.911528 0.229284 0.906166 0.229991 0.903485 0.231403 0.901139 0.231168 0.900804 0.232109 0.899799 0.233757 0.895777 0.233522 0.894102 0.234699 0.891421 0.234699 0.888740 0.232815 0.886729 0.231403 0.886394 0.230461 0.887064 0.230226 0.888740 0.228343 0.893432 0.228107 0.896113 0.226224 0.903485 0.224341 0.906501 0.222222 0.913204 0.221751 0.913539 0.220104 0.909182 0.220810 0.907507 0.220339 0.899799 0.220574 0.883378 0.219633 0.878016
0 0.189736 0.878016 0.188559 0.878016 0.188324 0.877681 0.188324 0.878016 0.187853 0.878686 0.186911 0.881702 0.186205 0.883043 0.186205 0.884048 0.185970 0.884383 0.185264 0.886729 0.184793 0.887399 0.184793 0.887735 0.183380 0.891421 0.183380 0.892426 0.183145 0.892761 0.183145 0.893432 0.182439 0.894772 0.182439 0.895107 0.182203 0.895442 0.182203 0.896113 0.181968 0.896448 0.181733 0.897453 0.181262 0.898123 0.181262 0.898794 0.180791 0.899464 0.180791 0.900134 0.180085 0.901139 0.180085 0.901475 0.179614 0.902145 0.179614 0.902480 0.179143 0.903150 0.179143 0.903485 0.178437 0.904826 0.178437 0.906166 0.178672 0.906501 0.178908 0.906501 0.179143 0.906836 0.179379 0.906501 0.179849 0.906501 0.180320 0.905831 0.180556 0.905831 0.180556 0.904826 0.181968 0.902480 0.182439 0.900804 0.182674 0.900469 0.182910 0.900469 0.182910 0.899799 0.183380 0.899129 0.183380 0.898794 0.183851 0.897788 0.183851 0.897118 0.184322 0.896448 0.184322 0.895777 0.184793 0.895107 0.185264 0.891756 0.185970 0.890751 0.186205 0.890751 0.185970 0.890416 0.185970 0.890080 0.186441 0.889410 0.186676 0.889410 0.186676 0.888740 0.186911 0.888405 0.187147 0.887399 0.187853 0.886394 0.187853 0.885389 0.188089 0.885054 0.188089 0.884383 0.188559 0.883713 0.188559 0.883378 0.189501 0.881032 0.189501 0.880362 0.189736 0.880027
0 0.150424 0.861260 0.149247 0.861260 0.149011 0.861595 0.148540 0.861595 0.147599 0.862936 0.147363 0.862936 0.147128 0.863271 0.146893 0.863271 0.144303 0.866957 0.144068 0.866957 0.144068 0.867292 0.143126 0.868633 0.142891 0.868633 0.140772 0.871649 0.140772 0.871984 0.140537 0.872319 0.140537 0.873995 0.141243 0.875000 0.142420 0.875000 0.142891 0.874330 0.143126 0.874330 0.142891 0.873995 0.143126 0.873660 0.143597 0.873660 0.144303 0.872654 0.144539 0.872654 0.145009 0.871984 0.145245 0.871984 0.145716 0.871314 0.145951 0.871314 0.146186 0.870979 0.146422 0.870979 0.146657 0.870643 0.147128 0.870643 0.147128 0.870308 0.147363 0.869973 0.147363 0.869638 0.147599 0.869303 0.147599 0.868968 0.148070 0.868298 0.148070 0.867962 0.148776 0.866957 0.148776 0.866622 0.150424 0.864276 0.150424 0.863941 0.150659 0.863606 0.150659 0.861595
0 0.280367 0.859584 0.280132 0.859920 0.279896 0.859920 0.279661 0.859584 0.279426 0.859584 0.279190 0.859920 0.279190 0.860255 0.278719 0.861260 0.278719 0.861930 0.278249 0.862936 0.278249 0.863606 0.277778 0.864611 0.277778 0.865282 0.277307 0.866287 0.277307 0.868298 0.277072 0.868633 0.277072 0.869638 0.276836 0.869973 0.276836 0.871314 0.276601 0.871649 0.276601 0.872654 0.276365 0.872989 0.276365 0.873995 0.275895 0.875000 0.275895 0.876340 0.275659 0.876676 0.275659 0.877681 0.275424 0.878016 0.275424 0.880362 0.274953 0.881367 0.274953 0.883713 0.276365 0.883713 0.276601 0.883378 0.276601 0.882708 0.276836 0.882373 0.276836 0.882038 0.277307 0.881032 0.277307 0.880362 0.277542 0.880027 0.277542 0.878686 0.277778 0.878351 0.277778 0.877681 0.278013 0.877346 0.278013 0.876676 0.278249 0.876340 0.278013 0.876005 0.278249 0.875670 0.278484 0.875670 0.278249 0.875335 0.278484 0.875000 0.278484 0.874330 0.278719 0.873995 0.278955 0.874330 0.278719 0.873995 0.278955 0.873660 0.278955 0.872654 0.279661 0.871649 0.279661 0.871314 0.279896 0.870979 0.279661 0.870643 0.279661 0.870308 0.279896 0.869973 0.279896 0.868968 0.280132 0.868633 0.280132 0.867962 0.280367 0.867627 0.280367 0.867292 0.280603 0.866957 0.280838 0.866957 0.280838 0.862601 0.280603 0.862265 0.280603 0.859920
0 0.112994 0.842158 0.112994 0.843164 0.112759 0.843499 0.112759 0.844169 0.113230 0.845174 0.113230 0.846850 0.113465 0.847185 0.113230 0.847520 0.113230 0.847855 0.113701 0.848525 0.113701 0.849196 0.113936 0.849196 0.114878 0.850536 0.114878 0.851206 0.115113 0.851206 0.115819 0.851877 0.116290 0.851877 0.116996 0.852882 0.117467 0.852882 0.117938 0.853552 0.118879 0.853552 0.119350 0.854223 0.119821 0.854223 0.120527 0.855228 0.120527 0.855563 0.121234 0.855563 0.122411 0.857239 0.122411 0.857909 0.122646 0.858244 0.122646 0.859249 0.123588 0.859249 0.123823 0.859584 0.123823 0.860255 0.124058 0.860590 0.125471 0.860590 0.125706 0.860255 0.125706 0.858244 0.125235 0.857239 0.125235 0.856568 0.125706 0.855898 0.125706 0.855228 0.126412 0.854223 0.127589 0.854223 0.128060 0.853552 0.128060 0.852547 0.128296 0.852212 0.128060 0.851877 0.128060 0.850871 0.127825 0.850536 0.127825 0.848861 0.127589 0.848861 0.126883 0.848190 0.125942 0.848190 0.124765 0.847185 0.123588 0.847185 0.123117 0.846515 0.122411 0.846515 0.122175 0.846180 0.121469 0.846180 0.121234 0.845845 0.120527 0.845509 0.119821 0.844504 0.119115 0.844504 0.118409 0.843834 0.117702 0.843834 0.117232 0.843164 0.116290 0.843164 0.115819 0.842493 0.114642 0.842493 0.114407 0.842158
0 0.144774 0.807641 0.144303 0.806971 0.143126 0.806971 0.142185 0.808981 0.140537 0.810992 0.137006 0.811997 0.135122 0.813338 0.130414 0.818365 0.129944 0.818029 0.128060 0.820375 0.125942 0.822051 0.124765 0.824062 0.124529 0.823727 0.124294 0.825067 0.122411 0.827748 0.119115 0.829088 0.114171 0.832775 0.113230 0.832105 0.112288 0.832105 0.110405 0.833110 0.108992 0.835456 0.108286 0.835791 0.107345 0.837131 0.107109 0.839142 0.111347 0.838137 0.111582 0.837466 0.113936 0.836796 0.116761 0.834786 0.117232 0.835121 0.117467 0.834450 0.120527 0.832105 0.121234 0.832105 0.125471 0.828753 0.126412 0.828418 0.130650 0.824062 0.134652 0.821716 0.135829 0.820710 0.139360 0.815349 0.141949 0.813003 0.144774 0.808981
0 0.310028 0.803954 0.308851 0.803954 0.308380 0.804960 0.308380 0.805965 0.308145 0.806300 0.308145 0.807306 0.307910 0.807641 0.307910 0.808646 0.307674 0.808981 0.307674 0.809987 0.307439 0.810322 0.307439 0.811997 0.307203 0.812332 0.307203 0.813673 0.306968 0.814008 0.306968 0.815013 0.306733 0.815349 0.306733 0.816354 0.306497 0.816689 0.306497 0.820040 0.306262 0.820375 0.306262 0.822386 0.306026 0.822721 0.306026 0.827078 0.305791 0.827413 0.305791 0.828753 0.305556 0.829088 0.305556 0.830094 0.304143 0.834115 0.304143 0.835121 0.303908 0.835456 0.303908 0.838137 0.305085 0.838137 0.305791 0.836796 0.306497 0.837131 0.307203 0.836461 0.307203 0.835791 0.307439 0.835456 0.307439 0.834786 0.307910 0.833445 0.307910 0.832440 0.308616 0.830429 0.308616 0.827413 0.309087 0.826072 0.309087 0.825067 0.309322 0.824732 0.309322 0.823727 0.309557 0.823391 0.309557 0.822386 0.309793 0.822051 0.309793 0.821046 0.310028 0.820710 0.310028 0.818700 0.310264 0.818365 0.310264 0.817024 0.310499 0.816689 0.310499 0.816019 0.310970 0.814678 0.310970 0.813338 0.311205 0.813003 0.311205 0.811327 0.311441 0.810992 0.311205 0.810322 0.311205 0.808646 0.310970 0.808311 0.310970 0.807306 0.310734 0.806971 0.310499 0.805295 0.310028 0.804960
0 0.273305 0.797922 0.273070 0.798257 0.273070 0.799598 0.272834 0.799933 0.272834 0.802614 0.273305 0.804290 0.273070 0.804960 0.273540 0.805295 0.273776 0.807641 0.274011 0.807976 0.274482 0.811327 0.274953 0.812668 0.274953 0.814343 0.275659 0.815349 0.275895 0.817024 0.276836 0.819370 0.276836 0.820040 0.277542 0.822386 0.277542 0.831099 0.278249 0.831769 0.278484 0.831434 0.278719 0.831769 0.278719 0.832775 0.278484 0.833110 0.278484 0.837131 0.278249 0.837466 0.278249 0.840818 0.278484 0.841488 0.279661 0.841488 0.280603 0.838807 0.280838 0.836126 0.281073 0.835791 0.281073 0.834786 0.281544 0.833110 0.281544 0.831769 0.281780 0.831434 0.281780 0.826408 0.281544 0.826072 0.281544 0.824732 0.280838 0.823391 0.280838 0.822721 0.280367 0.822051 0.280132 0.820375 0.279426 0.818700 0.279426 0.817359 0.278955 0.816354 0.278955 0.815684 0.278719 0.816019 0.278484 0.815684 0.278484 0.815013 0.278013 0.814343 0.278013 0.813673 0.277778 0.813338 0.277542 0.809316 0.277307 0.808981 0.277307 0.806971 0.277072 0.806635 0.277072 0.804625 0.276601 0.803619 0.276601 0.802279 0.276130 0.801609 0.276130 0.800938 0.275424 0.800268 0.275188 0.799263 0.274718 0.798592 0.274718 0.797922
0 0.178437 0.782172 0.177024 0.782172 0.175377 0.783847 0.173023 0.784853 0.165725 0.786193 0.163371 0.787534 0.159605 0.788204 0.154661 0.791220 0.153249 0.792895 0.153013 0.794571 0.154190 0.794906 0.157957 0.792560 0.159840 0.792895 0.161017 0.791890 0.162665 0.791890 0.165019 0.790885 0.165725 0.791220 0.165019 0.792225 0.165019 0.793231 0.162665 0.798928 0.158898 0.805965 0.158192 0.816354 0.157721 0.819035 0.157250 0.819370 0.157250 0.821381 0.156780 0.822721 0.157486 0.828753 0.157957 0.829424 0.159134 0.829088 0.159369 0.825402 0.159840 0.824397 0.159605 0.823391 0.160311 0.819370 0.159605 0.818365 0.160311 0.810992 0.161959 0.808311 0.165490 0.804960 0.169492 0.798592 0.171139 0.797252 0.173258 0.794236 0.173493 0.794571 0.173258 0.794236 0.175141 0.791220 0.178908 0.787534 0.178908 0.785523 0.178202 0.784853
0 0.161488 0.738941 0.161017 0.738271 0.159605 0.738606 0.157957 0.739946 0.157015 0.741287 0.156309 0.741622 0.154190 0.745308 0.150188 0.749330 0.149953 0.750335 0.148540 0.751676 0.145716 0.756032 0.144068 0.757708 0.142655 0.758378 0.141714 0.760724 0.141243 0.761394 0.140772 0.761394 0.139360 0.763740 0.138889 0.763740 0.137712 0.764745 0.137241 0.765751 0.135593 0.767091 0.135593 0.767761 0.135122 0.768097 0.133239 0.771448 0.133475 0.773123 0.134887 0.773458 0.135358 0.772788 0.135358 0.772118 0.136064 0.770442 0.137712 0.768097 0.142655 0.764410 0.144303 0.762064 0.144774 0.762064 0.145480 0.761059 0.147128 0.759718 0.148776 0.757373 0.150424 0.755697 0.151836 0.753351 0.153249 0.752346 0.154426 0.750335 0.154896 0.750335 0.156780 0.747989 0.157721 0.747319 0.159369 0.744638 0.159605 0.743633 0.161252 0.741287
0 0.536017 0.715147 0.534840 0.714142 0.533898 0.714142 0.531780 0.713137 0.530367 0.713137 0.529426 0.714477 0.528955 0.717828 0.529661 0.720174 0.529190 0.722520 0.528719 0.723190 0.528719 0.724531 0.528249 0.725536 0.527307 0.730228 0.525659 0.733244 0.524011 0.734920 0.523776 0.736260 0.524011 0.737265 0.523540 0.738271 0.520480 0.741957 0.516478 0.745308 0.514831 0.747654 0.511535 0.749330 0.511535 0.751005 0.511770 0.751340 0.512947 0.751340 0.513183 0.751676 0.514124 0.751005 0.515066 0.751005 0.515301 0.750335 0.516243 0.750335 0.518597 0.746984 0.518832 0.747319 0.519774 0.745979 0.520245 0.746314 0.520716 0.745979 0.521186 0.744973 0.521422 0.745308 0.522363 0.744973 0.523070 0.743633 0.524482 0.742292 0.526836 0.738941 0.527307 0.737265 0.528013 0.736260 0.528249 0.734920 0.530838 0.731233 0.531073 0.730563 0.530838 0.730228 0.531309 0.729893 0.531073 0.729558 0.532486 0.727547 0.534134 0.723525 0.534134 0.722520 0.534605 0.721515 0.534605 0.720174 0.534369 0.719839 0.534605 0.718834 0.535311 0.718499 0.535311 0.717493 0.536017 0.716823
0 0.580273 0.524129 0.578861 0.524129 0.578625 0.524464 0.578390 0.524464 0.577684 0.525469 0.576977 0.525804 0.576507 0.526475 0.576271 0.526139 0.576036 0.526475 0.576036 0.526810 0.575094 0.528150 0.574388 0.528485 0.573917 0.529155 0.573682 0.529155 0.573446 0.529491 0.572976 0.529491 0.572740 0.529826 0.572505 0.529826 0.571798 0.530496 0.571328 0.530496 0.571092 0.530831 0.570621 0.530831 0.570386 0.531166 0.569915 0.531166 0.569680 0.531501 0.569209 0.531501 0.568974 0.531836 0.568738 0.531836 0.568738 0.532172 0.568974 0.532507 0.568974 0.533177 0.568738 0.533512 0.568738 0.533847 0.569444 0.534517 0.570151 0.534517 0.570857 0.535188 0.570621 0.535523 0.570621 0.536193 0.570386 0.536528 0.570386 0.537869 0.570621 0.538204 0.570621 0.538539 0.571092 0.539544 0.571328 0.539544 0.571563 0.539209 0.571798 0.539544 0.572269 0.539544 0.572505 0.539209 0.572976 0.539209 0.573446 0.538539 0.573682 0.538539 0.574623 0.537198 0.574859 0.537198 0.575330 0.536528 0.575565 0.536528 0.576507 0.535188 0.577213 0.535188 0.578154 0.533847 0.578861 0.533512 0.579567 0.532507 0.579802 0.532507 0.580273 0.531836 0.580273 0.530831 0.580508 0.530496 0.580508 0.529155 0.580744 0.528820 0.580744 0.525134
0 0.376412 0.498660 0.375471 0.499330 0.373117 0.502681 0.372881 0.503686 0.372411 0.504021 0.372175 0.504692 0.371940 0.504692 0.370056 0.506702 0.368644 0.507708 0.368644 0.508043 0.368173 0.508378 0.367232 0.509718 0.367232 0.510054 0.365113 0.513405 0.364878 0.513405 0.363936 0.514745 0.362994 0.515416 0.362053 0.516756 0.362053 0.518097 0.361111 0.519772 0.361111 0.520442 0.360405 0.521783 0.360405 0.522118 0.358992 0.523123 0.358522 0.523794 0.358522 0.524129 0.358992 0.524464 0.359228 0.525134 0.359699 0.525134 0.359699 0.524799 0.360876 0.523123 0.361347 0.523123 0.361582 0.522453 0.362288 0.521783 0.362759 0.520107 0.363465 0.519102 0.363465 0.518767 0.363936 0.518097 0.364171 0.518097 0.364407 0.517426 0.364642 0.517426 0.365348 0.516421 0.366290 0.515751 0.367702 0.513740 0.367938 0.513740 0.368409 0.512399 0.368879 0.512064 0.368879 0.511729 0.371234 0.508378 0.371469 0.508378 0.371940 0.507708 0.372881 0.507038 0.373588 0.506032 0.373823 0.506032 0.374294 0.504357 0.374765 0.503686 0.375000 0.502011 0.375942 0.500670 0.376412 0.500335 0.376648 0.499665 0.376648 0.498995