0 0.551866 0.725116 0.550998 0.725116 0.550564 0.725694 0.550564 0.725984 0.550130 0.726852 0.549913 0.726852 0.549696 0.727141 0.549479 0.726852 0.548828 0.727431 0.548828 0.729456 0.548611 0.729745 0.548611 0.730324 0.548828 0.730613 0.548828 0.730903 0.548611 0.731192 0.548828 0.731481 0.548828 0.732350 0.548611 0.732639 0.548611 0.735243 0.548828 0.735532 0.548611 0.735822 0.549045 0.736400 0.549045 0.737558 0.549262 0.737847 0.549262 0.738426 0.549479 0.738715 0.549479 0.741609 0.549262 0.741898 0.549262 0.742477 0.549479 0.742766 0.549479 0.743924 0.549913 0.744502 0.550130 0.744502 0.550130 0.744213 0.550781 0.743345 0.550781 0.742766 0.550564 0.742477 0.550564 0.741609 0.550781 0.741319 0.550781 0.740451 0.550998 0.740162 0.550998 0.739294 0.550781 0.739005 0.550781 0.737558 0.550998 0.737269 0.550781 0.737269 0.550564 0.736979 0.550564 0.735532 0.550781 0.735243 0.550998 0.735532 0.550781 0.735243 0.550781 0.734375 0.550998 0.734086 0.550998 0.731481 0.551215 0.731192 0.551215 0.729745 0.551649 0.728877 0.551649 0.728299 0.551866 0.728009 0.551866 0.727431 0.552083 0.727141 0.552300 0.727141 0.552083 0.727141 0.551866 0.726852 0.551866 0.726562 0.552083 0.726273 0.552300 0.726273 0.552300 0.725984 0.552083 0.725694 0.552300 0.725405 0.552083 0.725405
0 0.445312 0.703704 0.444444 0.703704 0.444444 0.704282 0.442274 0.709780 0.442274 0.710359 0.441840 0.711227 0.441840 0.711806 0.440972 0.714120 0.440972 0.714988 0.440755 0.715278 0.440755 0.715856 0.440538 0.716146 0.440538 0.717303 0.440321 0.717593 0.440321 0.719039 0.440104 0.719329 0.440104 0.720197 0.439887 0.720486 0.439887 0.721933 0.439670 0.722222 0.439670 0.728009 0.439887 0.728299 0.439887 0.729456 0.440104 0.729745 0.439887 0.730324 0.439887 0.731192 0.440321 0.731771 0.440538 0.733218 0.440755 0.732928 0.440972 0.733218 0.440972 0.733796 0.441406 0.733796 0.442057 0.732928 0.442057 0.731481 0.442274 0.731192 0.442274 0.730324 0.442491 0.730035 0.442491 0.729167 0.442274 0.728588 0.442708 0.728009 0.442491 0.727431 0.442925 0.726852 0.442708 0.726273 0.442708 0.723669 0.442925 0.723380 0.442925 0.719907 0.443142 0.719618 0.443142 0.717882 0.443359 0.717593 0.443576 0.714410 0.444010 0.713831 0.444010 0.712674 0.444227 0.712384 0.444227 0.710648 0.444444 0.710359 0.444444 0.709201 0.444661 0.708912 0.444878 0.709201 0.444661 0.708044 0.445312 0.706308 0.445312 0.706019 0.444878 0.705440 0.445095 0.705150 0.444878 0.705440 0.444661 0.704861 0.444878 0.704572 0.445312 0.704572
0 0.582031 0.698785 0.581163 0.699653 0.579861 0.702546 0.580078 0.703125 0.579861 0.703704 0.579861 0.710069 0.580295 0.711516 0.580512 0.714699 0.581163 0.716435 0.581380 0.719907 0.581597 0.720197 0.581380 0.720486 0.581380 0.721644 0.582248 0.724248 0.582248 0.727141 0.582465 0.727431 0.582465 0.730035 0.582682 0.730324 0.582682 0.734375 0.583116 0.734954 0.583550 0.734954 0.583984 0.734664 0.584852 0.733218 0.584852 0.729456 0.584635 0.729167 0.584852 0.728877 0.584852 0.727720 0.584635 0.727431 0.584635 0.721065 0.584418 0.720775 0.584635 0.720486 0.584635 0.719907 0.584418 0.719618 0.584635 0.718750 0.584201 0.717303 0.584201 0.715567 0.583333 0.713542 0.583116 0.711806 0.582899 0.711516 0.582899 0.710359 0.582465 0.709780 0.582899 0.708333 0.582465 0.708044 0.582465 0.707465 0.582682 0.707176 0.582465 0.706887 0.582682 0.706597 0.582682 0.703125 0.582465 0.702836 0.582465 0.701678 0.582899 0.701389 0.582682 0.700810 0.583116 0.700231 0.583116 0.699363
0 0.610460 0.697049 0.610026 0.697917 0.609809 0.700810 0.610677 0.702257 0.610677 0.702836 0.611111 0.703125 0.611545 0.706019 0.612847 0.709491 0.613281 0.709780 0.613064 0.711806 0.613498 0.712384 0.613498 0.713831 0.614149 0.714410 0.613715 0.715856 0.614149 0.716725 0.614366 0.720197 0.614149 0.721354 0.614800 0.723669 0.614583 0.725984 0.615234 0.730324 0.615017 0.733218 0.615234 0.735243 0.614800 0.735822 0.614583 0.738715 0.614800 0.739873 0.614583 0.743345 0.614800 0.743634 0.614149 0.745949 0.614366 0.746528 0.614149 0.747975 0.614366 0.749132 0.615017 0.749711 0.614366 0.750868 0.614366 0.753762 0.615234 0.754051 0.615668 0.753472 0.615885 0.750868 0.616319 0.750000 0.616319 0.747975 0.616753 0.747106 0.616970 0.743924 0.616753 0.743345 0.617405 0.741898 0.617405 0.740162 0.616970 0.739005 0.616753 0.735243 0.616970 0.734664 0.616536 0.734375 0.616753 0.730613 0.617405 0.728588 0.617188 0.724826 0.617839 0.723669 0.617622 0.720197 0.617839 0.718171 0.617188 0.717593 0.617188 0.715278 0.616102 0.711516 0.616319 0.708044 0.615885 0.706887 0.615668 0.702257 0.615234 0.701389 0.615234 0.699942 0.614583 0.698495 0.612413 0.697049 0.611762 0.697338
0 0.629123 0.690104 0.628906 0.690394 0.628689 0.690394 0.628689 0.690683 0.628472 0.690972 0.628038 0.690972 0.627821 0.691262 0.627821 0.691551 0.627604 0.691840 0.627604 0.692998 0.627387 0.693287 0.627387 0.693576 0.627170 0.693866 0.627170 0.695891 0.626953 0.696181 0.626953 0.697049 0.627170 0.697049 0.627387 0.697338 0.627821 0.697338 0.628038 0.697049 0.628038 0.696759 0.628255 0.696470 0.628255 0.696181 0.628689 0.695602 0.628689 0.695023 0.628906 0.694734 0.628906 0.694155 0.629123 0.693866 0.629123 0.693576 0.629557 0.692998 0.629340 0.692708 0.629557 0.692419 0.629557 0.690683
0 0.499132 0.676505 0.498915 0.676794 0.498698 0.676794 0.498698 0.677083 0.498481 0.677373 0.498264 0.677373 0.498264 0.677662 0.498047 0.677951 0.498047 0.678241 0.497830 0.678530 0.497830 0.679109 0.497613 0.679398 0.497613 0.679977 0.497396 0.680266 0.497396 0.681134 0.497613 0.681424 0.497613 0.682002 0.497830 0.682292 0.497830 0.682581 0.498047 0.682870 0.498047 0.683449 0.498264 0.683738 0.498264 0.684028 0.498481 0.684317 0.498481 0.684606 0.498264 0.684896 0.498481 0.685185 0.498481 0.686343 0.498698 0.686632 0.498698 0.686921 0.498915 0.687211 0.499132 0.686921 0.499566 0.686921 0.499783 0.687211 0.500000 0.686921 0.500000 0.686343 0.499783 0.686053 0.499783 0.684896 0.499566 0.684606 0.499566 0.684317 0.499783 0.684028 0.499783 0.683449 0.499566 0.683160 0.499566 0.680266 0.499783 0.679977 0.499783 0.679109 0.499566 0.678819 0.499783 0.678530 0.499783 0.677083 0.499566 0.676794 0.499349 0.676794
0 0.482422 0.674190 0.480903 0.674190 0.478516 0.675058 0.477865 0.675926 0.477431 0.677951 0.476780 0.679109 0.476780 0.679977 0.476345 0.680845 0.476562 0.681713 0.475694 0.686921 0.475911 0.688079 0.475043 0.692130 0.475043 0.694155 0.474392 0.695891 0.474392 0.696759 0.473741 0.697917 0.473741 0.698785 0.473090 0.700810 0.472656 0.703704 0.472656 0.705729 0.472439 0.706019 0.472656 0.711516 0.472439 0.711806 0.472222 0.711516 0.472656 0.714410 0.472656 0.717882 0.472873 0.718171 0.472873 0.719618 0.473741 0.722512 0.474392 0.722222 0.474826 0.714120 0.475260 0.712963 0.475477 0.713252 0.475911 0.712963 0.475911 0.711516 0.475477 0.710938 0.475694 0.701678 0.475911 0.701389 0.475694 0.699653 0.475911 0.699363 0.476128 0.700231 0.475911 0.699074 0.476345 0.698785 0.476345 0.697338 0.476997 0.695891 0.477214 0.692419 0.477431 0.692130 0.477214 0.691262 0.478299 0.688657 0.478950 0.684317 0.480252 0.682002 0.481120 0.681134 0.481771 0.679398 0.482639 0.675637
0 0.499349 0.664352 0.498915 0.664352 0.498698 0.664641 0.498264 0.664641 0.498047 0.664931 0.497830 0.664931 0.497830 0.665220 0.497613 0.665509 0.497613 0.666377 0.497396 0.666667 0.497396 0.668403 0.497179 0.668692 0.497179 0.668981 0.497396 0.669271 0.497179 0.669560 0.497179 0.670428 0.496962 0.670718 0.496962 0.671296 0.496745 0.671586 0.496745 0.671875 0.496528 0.672164 0.496528 0.672454 0.496962 0.673032 0.497396 0.673032 0.497396 0.672743 0.497613 0.672454 0.497613 0.672164 0.497830 0.671875 0.497830 0.671586 0.498047 0.671296 0.498047 0.671007 0.498481 0.670428 0.498481 0.670139 0.498698 0.669850 0.498698 0.669560 0.498915 0.669271 0.498915 0.668981 0.499132 0.668692 0.499132 0.668403 0.499349 0.668113 0.499349 0.667824 0.499783 0.667245 0.499783 0.666667 0.500000 0.666377 0.500000 0.664931 0.499783 0.664641 0.499566 0.664641
0 0.600694 0.654803 0.600477 0.654803 0.600260 0.654514 0.599609 0.654514 0.599392 0.654225 0.599175 0.654514 0.598958 0.654514 0.597222 0.656829 0.597222 0.657118 0.596571 0.657986 0.596571 0.658275 0.596137 0.658854 0.596137 0.659144 0.595703 0.659722 0.595703 0.660012 0.595269 0.660590 0.595269 0.660880 0.594401 0.662037 0.594184 0.662037 0.593967 0.662326 0.593967 0.662616 0.593533 0.663194 0.593316 0.663194 0.593316 0.663484 0.592448 0.664641 0.592448 0.664931 0.592014 0.665799 0.592014 0.666377 0.591580 0.667245 0.591797 0.667535 0.591797 0.668113 0.592014 0.668403 0.591797 0.668692 0.591580 0.668692 0.591580 0.668981 0.592014 0.668981 0.592231 0.668692 0.593099 0.668692 0.593533 0.668113 0.593533 0.667824 0.593750 0.667535 0.593967 0.667535 0.593967 0.667245 0.594184 0.666956 0.594184 0.666667 0.594835 0.665799 0.595052 0.665799 0.595703 0.664931 0.595920 0.664931 0.596354 0.664352 0.596788 0.664352 0.596788 0.664062 0.597005 0.663773 0.597005 0.663484 0.597222 0.663194 0.597439 0.663194 0.597656 0.662905 0.597873 0.662905 0.598524 0.662037 0.598524 0.661748 0.599392 0.660590 0.599392 0.660301 0.599826 0.659722 0.599826 0.659433 0.601562 0.657118 0.601780 0.657118 0.601780 0.656829 0.601562 0.656539 0.601562 0.655961
0 0.504123 0.646701 0.503906 0.646991 0.503689 0.646991 0.503255 0.647569 0.502821 0.647569 0.502387 0.648148 0.502387 0.649016 0.502604 0.649306 0.502604 0.649884 0.503038 0.650463 0.503038 0.651042 0.503255 0.651331 0.503255 0.652488 0.503472 0.652778 0.503472 0.653935 0.503906 0.654514 0.503906 0.655382 0.504340 0.656250 0.504340 0.657118 0.504774 0.657697 0.504774 0.658275 0.504991 0.658565 0.504991 0.659144 0.505208 0.659433 0.505208 0.660301 0.505425 0.660590 0.505425 0.661169 0.505642 0.661458 0.505642 0.662037 0.505859 0.662326 0.505859 0.662616 0.506076 0.662616 0.506510 0.663194 0.506510 0.664062 0.506727 0.663773 0.506944 0.664062 0.506944 0.664352 0.507378 0.664931 0.507378 0.665220 0.508030 0.666088 0.508030 0.666377 0.508464 0.666377 0.509115 0.665509 0.509549 0.665509 0.509766 0.665220 0.509983 0.665220 0.509983 0.664352 0.509766 0.664352 0.509549 0.664062 0.509549 0.663773 0.509332 0.663484 0.509332 0.663194 0.508898 0.662616 0.508898 0.662326 0.508681 0.662037 0.508681 0.661458 0.508247 0.660590 0.508247 0.660012 0.508030 0.659722 0.508030 0.658275 0.507812 0.657986 0.507812 0.657118 0.507595 0.656829 0.507595 0.656250 0.507161 0.655382 0.507161 0.654514 0.506944 0.654225 0.506944 0.653356 0.506727 0.653067 0.506727 0.651910 0.506510 0.651620 0.506510 0.650752 0.506293 0.650463 0.506293 0.649595 0.505642 0.648727 0.505425 0.648727 0.505208 0.648438 0.505208 0.647569 0.504991 0.647280 0.504991 0.646991 0.504340 0.646991
0 0.551866 0.645544 0.551649 0.645544 0.551432 0.645255 0.549479 0.645255 0.549262 0.644965 0.548828 0.645544 0.548177 0.645544 0.548177 0.646123 0.547960 0.646412 0.547743 0.646412 0.547743 0.646701 0.546875 0.647859 0.546875 0.648148 0.545356 0.650174 0.545139 0.650174 0.543620 0.652199 0.543403 0.652199 0.542752 0.653067 0.542969 0.653356 0.542969 0.654514 0.543186 0.654803 0.543186 0.655382 0.542969 0.655671 0.542969 0.655961 0.543186 0.656250 0.543186 0.656829 0.543403 0.657118 0.543837 0.657118 0.545139 0.655382 0.545573 0.655382 0.545356 0.655093 0.545790 0.654514 0.546007 0.654514 0.546224 0.654225 0.546441 0.654225 0.546658 0.653935 0.546875 0.653935 0.547092 0.653646 0.547092 0.653356 0.547309 0.653067 0.547526 0.653067 0.547526 0.652778 0.547743 0.652488 0.547960 0.652488 0.548828 0.651331 0.549045 0.651331 0.549045 0.651042 0.549479 0.650463 0.549479 0.650174 0.549696 0.649884 0.549696 0.649595 0.549913 0.649306 0.549913 0.649016 0.550781 0.647859 0.551215 0.647859 0.551432 0.647569 0.551432 0.647280 0.551866 0.646701 0.551866 0.646123 0.551649 0.645833
0 0.570747 0.637442 0.570312 0.637442 0.569878 0.638021 0.569878 0.638600 0.569444 0.639178 0.569444 0.640046 0.569010 0.640625 0.568793 0.641493 0.569010 0.642072 0.568576 0.643229 0.568142 0.643519 0.568359 0.644097 0.567925 0.644387 0.568142 0.644676 0.568142 0.647859 0.567708 0.648148 0.567708 0.649595 0.568142 0.650174 0.567925 0.652488 0.568359 0.653646 0.568359 0.654803 0.568142 0.655093 0.568142 0.660012 0.568576 0.660590 0.568576 0.661748 0.568359 0.662037 0.568576 0.663484 0.568359 0.663773 0.568359 0.664641 0.568793 0.664931 0.569010 0.671007 0.569227 0.671296 0.569010 0.677083 0.569661 0.677373 0.570095 0.676505 0.570095 0.675058 0.570530 0.674190 0.570747 0.674479 0.570530 0.674190 0.570747 0.673900 0.570312 0.673611 0.570312 0.671586 0.570530 0.671296 0.570747 0.671586 0.570747 0.673032 0.570747 0.671586 0.570312 0.670139 0.570312 0.664641 0.570530 0.664352 0.570530 0.654225 0.570964 0.652778 0.570747 0.651910 0.570747 0.648148 0.570530 0.647859 0.570530 0.644387 0.570747 0.644097 0.570530 0.642650 0.570747 0.642361 0.570312 0.642072 0.570530 0.641782 0.570747 0.639757 0.570964 0.639468 0.571181 0.639757 0.571181 0.638600
0 0.485026 0.636574 0.484375 0.637153 0.484375 0.638600 0.483941 0.639468 0.483941 0.640046 0.483724 0.640336 0.483724 0.640914 0.483507 0.641204 0.483507 0.642072 0.483073 0.642940 0.483073 0.644097 0.482856 0.644387 0.482856 0.644965 0.482639 0.645255 0.482639 0.646123 0.482856 0.646412 0.482856 0.647280 0.483073 0.647569 0.482856 0.647859 0.482856 0.649306 0.482639 0.649595 0.482856 0.649884 0.482856 0.651042 0.483073 0.651331 0.483073 0.651910 0.483941 0.653067 0.483941 0.653356 0.484158 0.653646 0.484158 0.653935 0.484375 0.654225 0.484592 0.655093 0.485894 0.657118 0.486545 0.657118 0.486979 0.656539 0.486979 0.655671 0.486762 0.655382 0.486762 0.651042 0.487196 0.650463 0.487196 0.649884 0.486979 0.649595 0.487196 0.649306 0.487196 0.647859 0.487413 0.647569 0.487413 0.646991 0.487630 0.646701 0.487630 0.645544 0.487847 0.645255 0.487847 0.644676 0.488064 0.644387 0.488064 0.643229 0.488281 0.642940 0.488281 0.641782 0.488498 0.641493 0.488498 0.641204 0.488281 0.640914 0.488281 0.639178 0.488064 0.638889 0.487847 0.638889 0.486762 0.637442 0.486545 0.637442 0.486328 0.637153 0.485677 0.637153 0.485460 0.636863 0.485243 0.637153 0.485026 0.637153 0.484809 0.636863
0 0.475477 0.634549 0.475477 0.634838 0.475260 0.635127 0.475260 0.635417 0.475043 0.635706 0.475043 0.636863 0.475260 0.637153 0.475260 0.637442 0.475477 0.637731 0.475477 0.638021 0.475694 0.638310 0.475694 0.639178 0.475911 0.639468 0.475911 0.639757 0.476345 0.640336 0.476345 0.640625 0.476780 0.641204 0.476780 0.641493 0.477214 0.642072 0.477214 0.642650 0.477431 0.642940 0.477431 0.643229 0.477648 0.643519 0.477648 0.643808 0.478082 0.644387 0.478082 0.644676 0.478733 0.645544 0.478733 0.645833 0.478950 0.645833 0.479167 0.646123 0.479167 0.646412 0.479818 0.647280 0.480035 0.647280 0.480469 0.647859 0.480903 0.647859 0.481120 0.647569 0.481120 0.646991 0.480903 0.646701 0.480903 0.646412 0.480035 0.645255 0.480035 0.644965 0.479167 0.643808 0.479167 0.643519 0.479384 0.643229 0.478950 0.642650 0.478950 0.642361 0.478733 0.642072 0.478733 0.641782 0.478516 0.641493 0.478516 0.640914 0.477431 0.639468 0.477431 0.639178 0.477214 0.639178 0.476780 0.638600 0.476780 0.637442 0.476562 0.637153 0.476562 0.636285 0.476345 0.635995 0.476345 0.635417 0.475694 0.634549
0 0.466797 0.629630 0.466363 0.629630 0.465929 0.630208 0.465712 0.631076 0.465278 0.631655 0.465278 0.632234 0.465061 0.632523 0.465061 0.632812 0.464627 0.633681 0.464627 0.634259 0.464410 0.634549 0.464410 0.635706 0.464193 0.635995 0.464193 0.636285 0.463976 0.636574 0.463759 0.636574 0.463759 0.636863 0.463325 0.637442 0.463108 0.638310 0.462457 0.639178 0.462457 0.639468 0.462023 0.640046 0.462023 0.640336 0.461155 0.641493 0.461155 0.641782 0.460720 0.642361 0.460720 0.642650 0.460069 0.643519 0.459852 0.643519 0.459852 0.643808 0.459635 0.644097 0.459635 0.645833 0.459852 0.646123 0.459852 0.646701 0.460069 0.646991 0.460069 0.647859 0.460286 0.648148 0.460286 0.648727 0.460720 0.649595 0.460720 0.650463 0.460938 0.650752 0.461155 0.651620 0.461589 0.651620 0.462023 0.651042 0.462023 0.649306 0.462240 0.649016 0.462240 0.648148 0.462891 0.646701 0.462891 0.646123 0.463108 0.645833 0.463108 0.645544 0.463542 0.644965 0.463542 0.644676 0.464193 0.643229 0.464193 0.642650 0.464410 0.642361 0.464410 0.641782 0.465495 0.640336 0.465929 0.638889 0.466797 0.637442 0.466797 0.637153 0.467014 0.636863 0.466797 0.636574 0.466797 0.636285 0.467448 0.635417 0.467448 0.635127 0.467665 0.634838 0.467665 0.634259 0.468099 0.633391 0.468099 0.631655 0.467882 0.631366 0.467665 0.630498 0.467231 0.629919 0.467014 0.629919
0 0.678168 0.622975 0.678602 0.625289 0.680122 0.626447 0.681424 0.626447 0.682726 0.627025 0.688802 0.627025 0.690321 0.628762 0.690755 0.628762 0.692057 0.630498 0.693359 0.633102 0.693142 0.633681 0.693359 0.633391 0.694010 0.634549 0.693793 0.634838 0.694878 0.635995 0.694661 0.636285 0.695747 0.636863 0.696181 0.636285 0.695964 0.635995 0.695964 0.635127 0.694010 0.632234 0.694227 0.631944 0.692708 0.627894 0.692925 0.627604 0.693142 0.627894 0.693359 0.627604 0.694661 0.627604 0.694878 0.628183 0.696181 0.628183 0.696398 0.628472 0.696832 0.627604 0.696615 0.626736 0.693142 0.625000 0.690321 0.625000 0.689453 0.623553 0.688368 0.620370 0.687500 0.619792 0.685547 0.616898 0.684896 0.616609 0.684679 0.616898 0.684462 0.618634 0.684245 0.618924 0.684462 0.619792 0.686415 0.623264 0.686632 0.624132 0.686415 0.625000 0.685113 0.625000 0.684896 0.624421 0.684028 0.624421 0.682509 0.623553 0.679905 0.622975 0.679688 0.622685 0.678385 0.622685
0 0.561198 0.611111 0.560981 0.610822 0.560981 0.610243 0.560547 0.609954 0.558160 0.610243 0.557943 0.610532 0.556424 0.610532 0.556207 0.610822 0.555556 0.610822 0.555339 0.611111 0.554253 0.611111 0.553602 0.611690 0.552734 0.611690 0.552517 0.611979 0.551866 0.611979 0.551649 0.612269 0.550347 0.612558 0.548394 0.614005 0.547743 0.614005 0.546875 0.614583 0.544922 0.614873 0.544705 0.615162 0.544054 0.615162 0.543186 0.615741 0.541667 0.615741 0.541450 0.616030 0.541016 0.616030 0.540582 0.616898 0.540582 0.617766 0.541233 0.618634 0.546875 0.618924 0.547092 0.619213 0.547309 0.618924 0.547526 0.619213 0.550347 0.619213 0.550564 0.619502 0.556207 0.619502 0.556641 0.619213 0.556641 0.618345 0.555773 0.617188 0.554470 0.616319 0.551649 0.616319 0.551215 0.616609 0.550998 0.616030 0.551432 0.615451 0.552300 0.615451 0.552734 0.614873 0.553385 0.614873 0.554036 0.614294 0.555339 0.614005 0.555990 0.613426 0.556858 0.613426 0.557075 0.613137 0.557726 0.613137 0.558594 0.612558 0.560330 0.612269 0.560764 0.611979
0 0.592448 0.608507 0.592665 0.610532 0.593750 0.612269 0.594184 0.614005 0.597222 0.620660 0.597656 0.622975 0.597439 0.623553 0.598090 0.624421 0.597873 0.624711 0.598307 0.625000 0.598090 0.625289 0.598741 0.625868 0.598524 0.626447 0.599392 0.627604 0.599175 0.628183 0.599392 0.629340 0.601997 0.635417 0.602214 0.637153 0.603950 0.639178 0.603733 0.639757 0.603516 0.639468 0.603733 0.640046 0.603950 0.639468 0.604384 0.640336 0.604167 0.640914 0.604384 0.640625 0.604601 0.640914 0.604384 0.642072 0.605035 0.643519 0.606120 0.647859 0.607639 0.651331 0.607856 0.652488 0.610026 0.656539 0.610677 0.655961 0.610677 0.655093 0.609592 0.652199 0.609809 0.650463 0.608724 0.646701 0.608073 0.646123 0.608073 0.645544 0.607856 0.645833 0.606554 0.641493 0.605252 0.638600 0.604601 0.636285 0.604818 0.635706 0.603950 0.631944 0.602865 0.629630 0.602431 0.629340 0.599392 0.620370 0.597439 0.617188 0.596788 0.614583 0.595269 0.611690 0.593967 0.610243 0.593099 0.608507
0 0.631727 0.601852 0.631510 0.602431 0.631510 0.603009 0.631944 0.603588 0.632161 0.604456 0.632378 0.604456 0.632595 0.605035 0.633030 0.605324 0.633030 0.605613 0.633681 0.606771 0.633464 0.607060 0.634115 0.607639 0.633898 0.607928 0.634332 0.608507 0.634766 0.609664 0.636502 0.612269 0.636719 0.613137 0.637370 0.613715 0.637153 0.614005 0.637587 0.614294 0.637370 0.614583 0.637370 0.615451 0.637587 0.615741 0.637587 0.616898 0.638238 0.618056 0.638455 0.618924 0.638672 0.618924 0.638889 0.619502 0.639106 0.619502 0.639323 0.620081 0.639540 0.620081 0.640191 0.620949 0.641059 0.620949 0.642361 0.621817 0.642795 0.621817 0.643229 0.622396 0.643446 0.622396 0.644531 0.623843 0.645182 0.623843 0.645182 0.622685 0.643663 0.620660 0.643012 0.620370 0.642144 0.619502 0.642361 0.619792 0.641927 0.620081 0.641493 0.619792 0.640625 0.618634 0.640842 0.618056 0.640408 0.617477 0.640191 0.616609 0.639540 0.615741 0.639540 0.614873 0.639106 0.614294 0.639106 0.613426 0.638672 0.612847 0.638672 0.611979 0.638238 0.611400 0.637804 0.610243 0.636068 0.607928 0.636068 0.607639 0.634983 0.605903 0.634549 0.604745 0.634332 0.604745 0.634115 0.604167 0.633247 0.603009 0.633030 0.602141 0.632812 0.601852
0 0.616753 0.574074 0.616970 0.574942 0.617188 0.574942 0.617405 0.575231 0.618273 0.575231 0.618490 0.575521 0.620226 0.575521 0.620443 0.575231 0.623264 0.575231 0.623481 0.574942 0.623698 0.574942 0.623915 0.575231 0.632378 0.575231 0.632595 0.575521 0.633898 0.575521 0.634115 0.575810 0.636068 0.575810 0.636285 0.576100 0.637370 0.576100 0.637370 0.575810 0.637587 0.575521 0.637587 0.574942 0.636936 0.574363 0.636502 0.574363 0.636285 0.574074 0.635417 0.574074 0.635200 0.573785 0.634549 0.573785 0.634332 0.573495 0.633464 0.573495 0.633247 0.573206 0.631944 0.573206 0.631727 0.572917 0.626085 0.572917 0.625868 0.573206 0.624132 0.573206 0.623915 0.572917 0.623698 0.572917 0.623481 0.573206 0.621962 0.573206 0.621745 0.573495 0.619792 0.573495 0.619575 0.573206 0.617622 0.573206
0 0.694444 0.567419 0.694444 0.567998 0.694878 0.568576 0.695312 0.568576 0.695530 0.568866 0.695530 0.569155 0.696181 0.570023 0.696181 0.570312 0.696398 0.570602 0.696615 0.570602 0.697049 0.571181 0.697700 0.571181 0.697917 0.571470 0.699002 0.571470 0.699219 0.571759 0.700087 0.571759 0.700304 0.572049 0.701389 0.572049 0.701606 0.572338 0.702040 0.572338 0.702257 0.572627 0.703125 0.572627 0.703342 0.572338 0.703342 0.570891 0.703125 0.570602 0.703125 0.570023 0.702908 0.569734 0.703342 0.569155 0.703559 0.569155 0.703559 0.568287 0.703125 0.567708 0.701389 0.567708 0.701172 0.567419 0.700304 0.567419 0.700087 0.567130 0.694661 0.567130
0 0.680556 0.565683 0.680556 0.566840 0.680773 0.567130 0.681424 0.567130 0.681641 0.567419 0.681858 0.567419 0.682075 0.567708 0.683377 0.567708 0.683594 0.567998 0.684245 0.567998 0.684679 0.568576 0.685330 0.568576 0.685547 0.568287 0.685764 0.568287 0.685981 0.567998 0.686849 0.567998 0.687066 0.568287 0.688151 0.568287 0.688368 0.568576 0.689019 0.568576 0.689236 0.568866 0.689887 0.568866 0.690104 0.568576 0.690321 0.568576 0.690321 0.567998 0.690104 0.567708 0.690321 0.567419 0.689887 0.566840 0.688802 0.566840 0.688585 0.566551 0.687934 0.566551 0.687717 0.566262 0.687717 0.565972 0.686849 0.565972 0.686632 0.565683
0 0.690321 0.412326 0.690321 0.412616 0.690538 0.412905 0.690755 0.412905 0.690972 0.413194 0.691406 0.413194 0.691623 0.413484 0.692057 0.413484 0.692491 0.414062 0.692491 0.414641 0.692708 0.414931 0.692708 0.415220 0.692491 0.415509 0.692708 0.415799 0.692708 0.416088 0.693142 0.416088 0.693576 0.415509 0.694010 0.416088 0.694227 0.416956 0.695095 0.418113 0.695312 0.418113 0.696181 0.418981 0.696615 0.418981 0.696832 0.419271 0.697483 0.419271 0.698134 0.419850 0.698568 0.419850 0.698785 0.420139 0.699002 0.420139 0.699436 0.420718 0.699870 0.420718 0.700087 0.421007 0.700521 0.421007 0.700738 0.421296 0.701389 0.421296 0.701606 0.421586 0.701823 0.421586 0.702474 0.422164 0.702908 0.422164 0.705295 0.423900 0.705946 0.423900 0.706380 0.423322 0.706597 0.423322 0.706814 0.423611 0.707031 0.423611 0.707248 0.423322 0.707248 0.422164 0.707031 0.421875 0.706814 0.421007 0.706597 0.421007 0.705078 0.419850 0.703993 0.419560 0.703342 0.418981 0.702908 0.418981 0.702691 0.418692 0.702257 0.418692 0.701172 0.417824 0.700738 0.417824 0.700304 0.417245 0.699870 0.417245 0.699653 0.416956 0.699436 0.416956 0.698568 0.415799 0.698351 0.415799 0.698134 0.415509 0.697700 0.415509 0.697483 0.415220 0.697266 0.415220 0.696181 0.414352 0.695747 0.414352 0.695095 0.413773 0.694661 0.413773 0.694444 0.413484 0.693793 0.413484 0.693576 0.413194 0.692925 0.413194 0.692708 0.412905 0.692274 0.412905 0.692057 0.412616 0.691623 0.412616 0.691406 0.412326
0 0.417101 0.392072 0.416884 0.392650 0.416884 0.393519 0.417752 0.395544 0.417535 0.396412 0.417969 0.397569 0.418403 0.398148 0.418403 0.399016 0.419488 0.400752 0.419488 0.401042 0.419922 0.401331 0.420573 0.402488 0.421007 0.403646 0.420790 0.403935 0.421224 0.404803 0.421224 0.405382 0.421658 0.405961 0.422309 0.407986 0.424045 0.410590 0.424045 0.410880 0.424479 0.411169 0.424262 0.411458 0.424479 0.411458 0.425130 0.412616 0.424913 0.412905 0.425130 0.412616 0.425347 0.412905 0.425998 0.414641 0.425781 0.415220 0.426215 0.415509 0.425998 0.415799 0.426215 0.415509 0.426432 0.415799 0.426215 0.416377 0.426432 0.416088 0.426649 0.416377 0.426432 0.416956 0.426649 0.416667 0.426866 0.416956 0.426866 0.417824 0.427083 0.418403 0.427734 0.418981 0.428168 0.418981 0.428385 0.418692 0.428819 0.418981 0.428819 0.418692 0.429470 0.417824 0.429470 0.416667 0.428602 0.414352 0.427517 0.412616 0.427083 0.412616 0.426866 0.412326 0.425998 0.410012 0.423394 0.406250 0.423394 0.405382 0.422960 0.404803 0.422960 0.404225 0.422526 0.403646 0.422309 0.402199 0.421658 0.401042 0.421441 0.399595 0.420573 0.399306 0.420139 0.398438 0.419922 0.395544 0.419054 0.393519 0.418403 0.392650 0.417535 0.392072
0 0.479601 0.329572 0.479384 0.329861 0.479167 0.331019 0.479818 0.331887 0.479818 0.332176 0.480469 0.333333 0.480469 0.334491 0.481120 0.335359 0.481120 0.336227 0.481554 0.336806 0.482205 0.338542 0.482205 0.340278 0.482639 0.340856 0.482856 0.342303 0.483724 0.344618 0.484375 0.345486 0.484375 0.346065 0.485243 0.347222 0.485243 0.347512 0.485677 0.347801 0.485677 0.348090 0.487847 0.351273 0.488064 0.352141 0.488715 0.353009 0.488715 0.353588 0.489149 0.354745 0.489583 0.355324 0.489800 0.356192 0.490668 0.357350 0.491319 0.357060 0.491536 0.356771 0.491536 0.355903 0.490668 0.353877 0.490668 0.353299 0.490234 0.352720 0.489800 0.351562 0.489800 0.350116 0.488932 0.348958 0.488932 0.348380 0.488498 0.347801 0.488281 0.346644 0.487630 0.345775 0.487413 0.344329 0.487196 0.344329 0.486328 0.343171 0.486328 0.342593 0.486111 0.342593 0.485026 0.341146 0.484592 0.339988 0.484592 0.339410 0.484158 0.338542 0.484158 0.337963 0.483724 0.337674 0.483724 0.337095 0.483073 0.335359 0.482639 0.334780 0.482422 0.333623 0.481771 0.332755 0.480903 0.330440
0 0.608724 0.000289 0.608507 0.000579 0.608290 0.000579 0.608073 0.000868 0.607856 0.000868 0.607639 0.001157 0.607639 0.001447 0.607422 0.001736 0.607422 0.002315 0.607205 0.002604 0.607422 0.002315 0.607639 0.002604 0.607639 0.003183 0.607856 0.003472 0.607856 0.003762 0.608073 0.004051 0.608073 0.004630 0.608290 0.004919 0.608290 0.005208 0.608507 0.005498 0.608507 0.006366 0.608724 0.006655 0.608724 0.007234 0.608941 0.007523 0.608941 0.007812 0.609158 0.008102 0.609158 0.008391 0.609375 0.008681 0.609375 0.008970 0.609592 0.009259 0.609592 0.009838 0.609809 0.010127 0.609809 0.011285 0.609592 0.011574 0.609809 0.011574 0.610243 0.012153 0.610243 0.012442 0.610460 0.012731 0.610460 0.013021 0.610677 0.013310 0.610677 0.013600 0.611328 0.013600 0.611328 0.009259 0.611545 0.008970 0.611545 0.007523 0.611328 0.007234 0.611328 0.006655 0.611111 0.006366 0.611111 0.005787 0.610894 0.005498 0.610894 0.004630 0.610677 0.004340 0.610677 0.003183 0.610460 0.002894 0.610460 0.002604 0.610243 0.002315 0.610243 0.001736 0.610026 0.001447 0.610026 0.001157 0.609809 0.000868 0.609809 0.000579 0.609592 0.000289