0 0.023438 0.967665 0.022569 0.967665 0.021412 0.968099 0.019676 0.969401 0.019387 0.970052 0.017940 0.971354 0.017072 0.973958 0.015336 0.975694 0.015046 0.976562 0.012153 0.980469 0.010995 0.982856 0.010417 0.985026 0.009259 0.985894 0.009259 0.988281 0.010417 0.990234 0.010706 0.991753 0.011574 0.992405 0.011285 0.993273 0.011863 0.994575 0.011574 0.995226 0.011863 0.995660 0.011574 0.995877 0.012153 0.996745 0.012153 0.998698 0.012731 0.999783 0.020833 0.999783 0.021412 0.999349 0.022280 0.999783 0.029514 0.999783 0.030093 0.999132 0.030093 0.996528 0.029803 0.995877 0.029225 0.995660 0.029514 0.994792 0.029225 0.995226 0.028935 0.995009 0.028646 0.992405 0.027778 0.991319 0.026620 0.988064 0.025463 0.986328 0.025752 0.986111 0.025463 0.985894 0.025463 0.984375 0.024884 0.983507 0.024884 0.981771 0.025174 0.981554 0.024884 0.981337 0.025174 0.968967
0 0.501736 0.926432 0.500868 0.927083 0.500000 0.930773 0.500000 0.940755 0.502025 0.947049 0.505787 0.954427 0.506076 0.957465 0.508681 0.963976 0.509259 0.963976 0.509259 0.965495 0.512153 0.971354 0.513889 0.985894 0.513600 0.991970 0.514178 0.996528 0.513600 0.996528 0.513600 0.999783 0.518808 0.999783 0.519676 0.989366 0.519097 0.986979 0.519387 0.982639 0.518229 0.981554 0.518519 0.979818 0.516782 0.975260 0.516204 0.970486 0.515046 0.967448 0.513021 0.965061 0.513021 0.963108 0.511863 0.958984 0.509549 0.954427 0.509838 0.953342 0.508970 0.952257 0.508681 0.949436 0.504919 0.941623 0.503183 0.934896 0.503183 0.926866
0 0.209491 0.904297 0.208044 0.905382 0.207176 0.905165 0.206308 0.905599 0.206019 0.906033 0.206019 0.907552 0.204861 0.908854 0.204861 0.909939 0.203993 0.912326 0.203993 0.915799 0.204572 0.917535 0.204572 0.920356 0.206308 0.924262 0.209201 0.927083 0.210069 0.928819 0.212095 0.930556 0.213831 0.933594 0.214410 0.934245 0.215567 0.934679 0.217014 0.936632 0.218461 0.937717 0.219618 0.937934 0.220775 0.937066 0.220775 0.935981 0.219907 0.934028 0.220197 0.933160 0.219329 0.931424 0.219329 0.929036 0.218750 0.928168 0.218750 0.925998 0.217303 0.923394 0.217014 0.921658 0.216435 0.921007 0.216435 0.919488 0.215278 0.916884 0.214699 0.916450 0.215278 0.916016 0.214120 0.915148 0.214120 0.914062 0.212963 0.912109 0.212963 0.911241 0.212384 0.909939 0.212384 0.908420 0.211806 0.907769 0.211806 0.906684 0.211227 0.906033 0.211227 0.905165 0.210069 0.904297
0 0.703993 0.900391 0.703125 0.901259 0.703414 0.906684 0.703704 0.907552 0.703993 0.907335 0.704282 0.907552 0.703993 0.908420 0.705150 0.911024 0.706887 0.913628 0.707755 0.914280 0.708044 0.915148 0.708912 0.915799 0.710069 0.916016 0.709780 0.916884 0.711516 0.919488 0.712095 0.921224 0.712095 0.922743 0.712674 0.923611 0.712674 0.926649 0.714410 0.929470 0.714410 0.930556 0.715278 0.932292 0.716435 0.933377 0.717014 0.933377 0.717882 0.934028 0.717882 0.934462 0.719329 0.935764 0.725694 0.939670 0.726852 0.941840 0.727720 0.942491 0.729167 0.942491 0.729745 0.941840 0.729167 0.939887 0.724826 0.933377 0.723090 0.929253 0.721354 0.927083 0.719907 0.924045 0.719907 0.919488 0.718750 0.917752 0.718750 0.916016 0.718171 0.915365 0.718171 0.914280 0.716725 0.912760 0.715856 0.910807 0.715567 0.911024 0.712963 0.905816 0.711227 0.903863 0.708044 0.901259 0.704861 0.900174
0 0.366609 0.870877 0.358218 0.877170 0.356192 0.882595 0.374421 0.916667 0.375289 0.921224 0.378472 0.923611 0.381655 0.933160 0.397280 0.958767 0.395544 0.999783 0.404514 0.999783 0.410012 0.982422 0.422743 0.999783 0.429688 0.999783 0.425058 0.972656 0.429977 0.980469 0.437789 0.987196 0.445602 0.997613 0.450810 0.999783 0.447338 0.991970 0.432002 0.978082 0.428241 0.970052 0.423032 0.965061 0.414352 0.939670 0.387153 0.898220 0.385417 0.893012 0.386863 0.891276 0.381076 0.880642 0.373553 0.876302 0.369502 0.871528
0 0.576968 0.869575 0.571470 0.873698 0.569734 0.878255 0.569734 0.883030 0.574074 0.889540 0.585359 0.902344 0.585648 0.904080 0.589120 0.906684 0.591435 0.911675 0.601273 0.925347 0.603299 0.931424 0.602720 0.932726 0.603877 0.933594 0.603299 0.935113 0.606771 0.947266 0.608507 0.949002 0.610243 0.953993 0.612269 0.954644 0.614005 0.952474 0.615162 0.947700 0.615451 0.938802 0.614294 0.935764 0.615741 0.934679 0.615162 0.930773 0.615741 0.923611 0.610532 0.900391 0.609375 0.899306 0.606192 0.899089 0.602720 0.894314 0.594329 0.887587 0.586227 0.876302 0.583623 0.875000 0.578704 0.869792
0 0.199653 0.814019 0.198495 0.814453 0.199653 0.822266 0.198206 0.823568 0.197627 0.825738 0.198785 0.831597 0.201389 0.837674 0.203704 0.840278 0.205440 0.849392 0.207755 0.852214 0.208333 0.855686 0.212095 0.862630 0.212963 0.866536 0.217014 0.873047 0.218750 0.881944 0.221065 0.888672 0.223958 0.893663 0.226273 0.895182 0.226852 0.894531 0.226562 0.891710 0.220775 0.876519 0.218461 0.867622 0.218750 0.865017 0.217882 0.861545 0.214699 0.856554 0.213542 0.852214 0.208912 0.844184 0.205150 0.833767 0.205150 0.831380 0.201389 0.815972
0 0.273438 0.621528 0.272859 0.622396 0.273148 0.623915 0.279514 0.630425 0.280382 0.632378 0.281539 0.633681 0.281250 0.634115 0.281539 0.633898 0.282118 0.634332 0.281829 0.634766 0.282118 0.634549 0.282986 0.635200 0.284433 0.637153 0.284144 0.638021 0.285590 0.639974 0.287905 0.641710 0.289641 0.644314 0.293692 0.647352 0.295428 0.649957 0.297164 0.651259 0.297743 0.651042 0.299479 0.652561 0.299479 0.653212 0.302373 0.656467 0.307002 0.659071 0.308449 0.659071 0.309028 0.658420 0.309028 0.657552 0.307002 0.654731 0.307292 0.654514 0.305556 0.650825 0.303819 0.649089 0.303819 0.647352 0.303530 0.647786 0.303530 0.646918 0.303241 0.647135 0.302083 0.646267 0.298900 0.639323 0.299190 0.638889 0.298611 0.638672 0.297743 0.637153 0.298032 0.636285 0.297454 0.635634 0.297454 0.634549 0.296007 0.632161 0.295139 0.629340 0.293981 0.627821 0.293981 0.626953 0.291956 0.623915 0.289352 0.621311 0.288773 0.619792 0.286458 0.618273 0.284433 0.618056 0.277778 0.621528 0.276620 0.621528 0.276042 0.621094
0 0.271123 0.520616 0.270255 0.521484 0.270255 0.523220 0.269676 0.523655 0.269097 0.525174 0.269387 0.525608 0.269097 0.526910 0.269676 0.528212 0.271701 0.529731 0.273148 0.531467 0.276042 0.533420 0.277778 0.536675 0.280382 0.537760 0.283275 0.541450 0.285880 0.543186 0.286748 0.544488 0.288194 0.545356 0.288484 0.545790 0.288194 0.546007 0.290509 0.549045 0.292245 0.549913 0.292535 0.550347 0.292245 0.550781 0.293981 0.552517 0.296007 0.552300 0.296296 0.551866 0.296007 0.550564 0.294850 0.549045 0.295139 0.548177 0.292535 0.544054 0.291956 0.541884 0.289931 0.540365 0.287037 0.535807 0.287616 0.535373 0.288194 0.535590 0.289352 0.535156 0.291667 0.537326 0.292824 0.537760 0.296007 0.537109 0.296586 0.536675 0.296586 0.536024 0.291377 0.531250 0.287905 0.529080 0.285590 0.527127 0.283565 0.524306 0.279803 0.520833 0.276910 0.519748 0.276042 0.519748 0.274884 0.520399 0.273438 0.519965
0 0.304109 0.462023 0.303819 0.463108 0.304688 0.463759 0.308738 0.465061 0.314236 0.467882 0.317998 0.471137 0.321470 0.473090 0.322338 0.473090 0.326389 0.474826 0.326968 0.474609 0.327836 0.475477 0.328704 0.475477 0.333623 0.477431 0.337963 0.477865 0.343171 0.479167 0.350116 0.482205 0.353009 0.484375 0.357350 0.486328 0.367766 0.488715 0.371238 0.488715 0.372106 0.488281 0.372685 0.482856 0.368056 0.479167 0.364005 0.477431 0.359664 0.476128 0.357060 0.474826 0.346644 0.472222 0.339699 0.468750 0.333912 0.467448 0.326968 0.464627 0.323785 0.463759 0.317998 0.463325 0.308738 0.461155
0 0.138021 0.430122 0.118924 0.434028 0.107639 0.454861 0.104456 0.468750 0.099826 0.439670 0.092593 0.441623 0.088252 0.448785 0.089988 0.482422 0.103588 0.513672 0.108218 0.512370 0.114294 0.504557 0.122975 0.528863 0.113715 0.537760 0.103588 0.541233 0.093461 0.594618 0.099537 0.672743 0.106192 0.658637 0.106481 0.608941 0.116030 0.583550 0.123843 0.531250 0.146412 0.567708 0.162616 0.615885 0.167824 0.621528 0.159144 0.544488 0.133102 0.463759
0 0.165220 0.393880 0.164352 0.394314 0.164641 0.397135 0.164062 0.397352 0.166667 0.404514 0.170428 0.411241 0.174769 0.414931 0.175058 0.417752 0.177083 0.422526 0.180556 0.427083 0.183449 0.433160 0.185185 0.435330 0.186921 0.436198 0.188947 0.439236 0.192419 0.448568 0.192419 0.451389 0.196759 0.462240 0.200810 0.467231 0.207176 0.472005 0.208623 0.472222 0.209201 0.469184 0.210069 0.468316 0.210069 0.455512 0.208623 0.453342 0.208912 0.452257 0.207465 0.448785 0.203704 0.444444 0.201100 0.443359 0.197917 0.440321 0.197338 0.437934 0.196470 0.437500 0.196470 0.435764 0.194734 0.433811 0.188947 0.422743 0.186053 0.419922 0.184606 0.417318 0.182581 0.416450 0.175637 0.404080 0.169560 0.399089 0.166377 0.394097
0 0.368345 0.169705 0.367477 0.170790 0.367766 0.171007 0.367766 0.171875 0.367477 0.172092 0.367766 0.174913 0.368634 0.177734 0.368634 0.180339 0.369792 0.182509 0.369792 0.183811 0.370370 0.184462 0.370370 0.186415 0.370949 0.186849 0.370949 0.188585 0.371528 0.189453 0.371528 0.190104 0.372685 0.191840 0.374132 0.192925 0.375000 0.194010 0.375000 0.194444 0.375868 0.195095 0.375868 0.196181 0.376447 0.196832 0.377025 0.199219 0.377604 0.199870 0.377604 0.200521 0.379630 0.203125 0.379630 0.203559 0.380787 0.204644 0.383102 0.204861 0.383681 0.204427 0.383681 0.203776 0.384838 0.202257 0.384549 0.201389 0.383970 0.201172 0.383970 0.200521 0.383102 0.199870 0.383391 0.199436 0.382234 0.197700 0.382523 0.197049 0.382234 0.197266 0.381655 0.196615 0.381944 0.195095 0.381076 0.194010 0.380787 0.192274 0.379051 0.188368 0.379051 0.187500 0.377894 0.186198 0.377894 0.185113 0.377315 0.184462 0.377315 0.183377 0.376157 0.180990 0.372685 0.176866 0.372396 0.175781 0.371238 0.174262 0.371238 0.173611 0.370081 0.172092 0.370081 0.171224 0.369502 0.170139 0.368924 0.169705
0 0.258681 0.137153 0.257523 0.137804 0.257523 0.139974 0.256655 0.140625 0.256655 0.141276 0.257234 0.141710 0.257234 0.146701 0.256944 0.146918 0.256944 0.154514 0.257234 0.154731 0.257234 0.156467 0.257523 0.156684 0.257812 0.160807 0.258681 0.161675 0.258681 0.162760 0.259259 0.163194 0.260127 0.163194 0.260995 0.162543 0.260995 0.159071 0.260706 0.158854 0.260995 0.158637 0.260706 0.158203 0.260706 0.151910 0.260995 0.151693 0.260706 0.151476 0.260706 0.151042 0.260417 0.150825 0.260417 0.149957 0.260127 0.149740 0.260127 0.149306 0.260417 0.149089 0.260417 0.148003 0.260127 0.147786 0.260127 0.145616 0.260706 0.144965 0.260706 0.143880 0.260417 0.143663 0.260417 0.143012 0.260127 0.142795 0.260417 0.142578 0.260417 0.141276 0.260127 0.141059 0.260127 0.140191 0.259838 0.139974 0.259838 0.139540 0.260127 0.139323 0.259838 0.138889 0.260127 0.138455 0.259838 0.138238 0.259838 0.137804 0.259549 0.137804
0 0.332176 0.134115 0.331887 0.135200 0.332755 0.136068 0.332755 0.137370 0.335648 0.140625 0.335648 0.141493 0.336516 0.142795 0.340567 0.146267 0.341435 0.146484 0.341146 0.146918 0.341725 0.147352 0.342303 0.147135 0.342882 0.147352 0.345775 0.149523 0.346933 0.150825 0.347801 0.152344 0.348090 0.153646 0.348669 0.154297 0.348380 0.154948 0.349537 0.157118 0.349537 0.157986 0.351852 0.161892 0.351852 0.162760 0.353299 0.166016 0.354456 0.166884 0.355613 0.166884 0.355903 0.166667 0.355903 0.163845 0.355324 0.162977 0.355613 0.161241 0.354456 0.159505 0.353877 0.156901 0.352431 0.154080 0.352431 0.152778 0.352141 0.152561 0.352431 0.152344 0.352141 0.151259 0.351562 0.150608 0.351852 0.150391 0.351562 0.149089 0.349826 0.146484 0.350116 0.145833 0.347512 0.142361 0.347512 0.141710 0.346933 0.141493 0.344618 0.139106 0.341146 0.138021 0.339988 0.137153 0.338831 0.136936 0.337674 0.136068 0.334780 0.134983 0.333912 0.134332