0 0.882886 0.827391 0.882098 0.828478 0.883281 0.830000 0.888407 0.832609 0.895505 0.834565 0.905757 0.842174 0.906546 0.841957 0.909306 0.843043 0.909306 0.842609 0.929416 0.846522 0.936514 0.848478 0.940063 0.850435 0.946372 0.852391 0.957808 0.854783 0.958596 0.854348 0.961751 0.855435 0.974763 0.857391 0.980678 0.858913 0.981073 0.859565 0.985410 0.860870 0.987382 0.860652 0.999606 0.862391 0.999606 0.856957 0.996451 0.855870 0.990536 0.855217 0.990142 0.854565 0.984227 0.854130 0.981073 0.853478 0.981467 0.853043 0.978707 0.852826 0.978707 0.852391 0.977129 0.852609 0.966877 0.850435 0.955836 0.846304 0.950315 0.845217 0.947161 0.843913 0.946372 0.844130 0.944401 0.842826 0.944006 0.843261 0.942429 0.843043 0.936514 0.840870 0.923896 0.837609 0.913249 0.833261 0.908517 0.832826 0.901814 0.831304 0.894322 0.828478 0.888013 0.827391
0 0.876972 0.698043 0.877366 0.698913 0.886041 0.702391 0.886830 0.702391 0.888407 0.703261 0.890379 0.703478 0.894716 0.705870 0.895505 0.705870 0.895899 0.706304 0.899842 0.707391 0.908517 0.709130 0.912066 0.709130 0.915615 0.709565 0.916798 0.710000 0.918770 0.710000 0.929416 0.712174 0.930599 0.712174 0.929811 0.711957 0.930205 0.711739 0.932571 0.711957 0.935331 0.712609 0.935726 0.713478 0.939669 0.714565 0.943612 0.716304 0.945189 0.716304 0.946372 0.715435 0.945189 0.714348 0.945584 0.712609 0.942035 0.711957 0.939274 0.710870 0.931388 0.709565 0.930599 0.709130 0.926262 0.708261 0.921136 0.706739 0.919953 0.706739 0.915221 0.705435 0.912066 0.705217 0.896293 0.699783 0.888801 0.698913 0.882492 0.697609 0.877760 0.697609
0 0.934148 0.666957 0.934543 0.669130 0.936514 0.670652 0.942035 0.672609 0.944795 0.672609 0.948738 0.673478 0.948344 0.673913 0.945189 0.674348 0.942823 0.674130 0.943218 0.674348 0.942035 0.674783 0.938880 0.674783 0.937697 0.675217 0.936120 0.676522 0.936909 0.676957 0.940063 0.677174 0.942035 0.677826 0.964117 0.678043 0.965300 0.677826 0.966088 0.677174 0.968060 0.676957 0.977129 0.677391 0.981861 0.676957 0.985016 0.677174 0.986987 0.676087 0.999606 0.675652 0.999211 0.672609 0.990536 0.672391 0.988170 0.671522 0.984621 0.671304 0.984227 0.671522 0.977918 0.670217 0.974369 0.668913 0.960174 0.666304 0.953076 0.665870 0.951498 0.665435 0.937303 0.665435 0.936120 0.665652
0 0.549290 0.648696 0.547713 0.648261 0.546924 0.648261 0.544558 0.648913 0.542587 0.648913 0.542192 0.649130 0.538644 0.649348 0.536278 0.650000 0.535489 0.649783 0.534306 0.649783 0.533912 0.650000 0.532729 0.650000 0.531546 0.650435 0.529968 0.650652 0.529180 0.651304 0.528785 0.651087 0.528391 0.651522 0.524448 0.652609 0.521688 0.652826 0.521293 0.653043 0.520505 0.653043 0.518927 0.653478 0.517350 0.653478 0.515773 0.653913 0.512618 0.653696 0.511041 0.654130 0.511041 0.654783 0.510647 0.655000 0.511041 0.655435 0.509464 0.656522 0.509464 0.657174 0.509858 0.657391 0.509858 0.658043 0.510252 0.658261 0.509858 0.659130 0.512618 0.660435 0.518533 0.660217 0.518927 0.660000 0.522082 0.659783 0.524448 0.659130 0.525237 0.659130 0.527997 0.657826 0.529574 0.657391 0.529574 0.657174 0.531151 0.656304 0.530757 0.656087 0.531940 0.655435 0.535095 0.654348 0.535883 0.654565 0.535489 0.654348 0.536672 0.653913 0.537066 0.654348 0.537855 0.654130 0.538644 0.653696 0.540221 0.653261 0.540615 0.652826 0.542192 0.652609 0.543375 0.651957 0.545347 0.651522 0.547319 0.650435 0.548502 0.650217 0.548896 0.648913
0 0.333596 0.553043 0.353707 0.568043 0.350158 0.571304 0.352524 0.577174 0.377366 0.594565 0.412066 0.607391 0.449527 0.613696 0.407334 0.618261 0.374606 0.618043 0.370662 0.620652 0.479495 0.620217 0.494085 0.628043 0.630915 0.674565 0.632098 0.672174 0.620662 0.664783 0.589905 0.652391 0.504338 0.610870 0.490931 0.606957 0.539826 0.612609 0.592666 0.629783 0.554416 0.613043 0.521293 0.594783 0.503943 0.588696 0.474763 0.583696 0.460174 0.578043 0.436514 0.573261 0.427050 0.567826 0.424290 0.569565 0.365142 0.554565
0 0.353312 0.523696 0.356467 0.525217 0.356467 0.525870 0.357650 0.526739 0.359227 0.526739 0.359621 0.527174 0.363170 0.528043 0.365536 0.528261 0.367114 0.528913 0.373817 0.530217 0.375394 0.530870 0.377366 0.531087 0.380126 0.530870 0.387618 0.532391 0.390379 0.533261 0.392744 0.533478 0.395505 0.534348 0.399842 0.535000 0.400631 0.535435 0.403391 0.535435 0.406940 0.536739 0.410489 0.537609 0.411278 0.538043 0.410883 0.538261 0.412066 0.538478 0.412461 0.538913 0.417192 0.539348 0.417587 0.539783 0.420741 0.539783 0.421136 0.539565 0.421136 0.538696 0.414826 0.535217 0.412855 0.533261 0.407729 0.530870 0.402603 0.529783 0.397476 0.529565 0.393533 0.528696 0.389590 0.527391 0.387618 0.527174 0.385252 0.526087 0.381309 0.525652 0.380126 0.525217 0.373423 0.524565 0.369479 0.524783 0.367902 0.523913 0.361199 0.522391 0.358438 0.522391 0.357256 0.523043 0.354890 0.522826
0 0.863565 0.512174 0.863565 0.513043 0.865931 0.513913 0.866719 0.515652 0.868691 0.516739 0.874211 0.517609 0.886435 0.521522 0.898659 0.522609 0.902603 0.523913 0.909306 0.524565 0.931782 0.530435 0.936514 0.530435 0.949132 0.533043 0.954259 0.533478 0.957413 0.533043 0.961751 0.534130 0.961356 0.534565 0.962934 0.535217 0.964905 0.535217 0.964905 0.534783 0.966877 0.534565 0.976341 0.536522 0.978312 0.536522 0.978312 0.534348 0.967666 0.531304 0.958596 0.527609 0.940457 0.523043 0.930994 0.521957 0.929022 0.521304 0.910883 0.519783 0.904180 0.518261 0.902208 0.518261 0.899842 0.517391 0.884069 0.515435 0.866719 0.511739 0.864353 0.511739
0 0.262618 0.497609 0.262618 0.498478 0.263407 0.499130 0.263013 0.499348 0.263801 0.499783 0.263801 0.500000 0.264590 0.500435 0.264590 0.500652 0.265379 0.501087 0.266562 0.501304 0.267350 0.501739 0.267744 0.501522 0.268139 0.501739 0.268139 0.501957 0.268533 0.501957 0.270110 0.503043 0.270505 0.503043 0.270899 0.503261 0.271293 0.503261 0.272476 0.503696 0.273265 0.503696 0.274054 0.504130 0.274448 0.504130 0.275631 0.504565 0.276420 0.504565 0.276814 0.504783 0.277603 0.504783 0.277997 0.505000 0.278391 0.505000 0.278785 0.505217 0.279574 0.505217 0.280757 0.505652 0.281940 0.505652 0.282334 0.505870 0.284700 0.505870 0.285883 0.505217 0.285883 0.505000 0.285095 0.504348 0.284700 0.504348 0.283123 0.503478 0.281940 0.503261 0.280757 0.502609 0.280363 0.502609 0.279968 0.502391 0.279180 0.502391 0.278785 0.502174 0.278391 0.502174 0.277208 0.501739 0.276420 0.501739 0.276025 0.501522 0.275237 0.501522 0.274842 0.501304 0.274448 0.501304 0.274054 0.501087 0.272871 0.500870 0.271688 0.500217 0.271293 0.500217 0.270110 0.499565 0.269716 0.499565 0.268927 0.499130 0.268533 0.499130 0.267350 0.498478 0.266956 0.498478 0.265379 0.497609 0.264984 0.497609 0.264590 0.497391 0.263013 0.497391
0 0.278785 0.497391 0.279180 0.498696 0.283517 0.500435 0.285883 0.501957 0.287066 0.502174 0.288644 0.503043 0.289038 0.503696 0.292192 0.505000 0.292981 0.505652 0.294558 0.505870 0.296530 0.506739 0.297713 0.506739 0.300473 0.507609 0.301656 0.507609 0.303628 0.508478 0.305205 0.508478 0.312303 0.510000 0.316640 0.510217 0.317823 0.510652 0.321767 0.511087 0.322950 0.511522 0.324132 0.511522 0.329259 0.512609 0.332413 0.512609 0.333991 0.513043 0.336356 0.513043 0.337934 0.513478 0.343454 0.513261 0.344243 0.512826 0.344243 0.511739 0.342271 0.510870 0.338722 0.510217 0.336356 0.510217 0.335174 0.509783 0.333596 0.509783 0.332019 0.509348 0.330047 0.509348 0.326498 0.508478 0.324527 0.508478 0.322161 0.507826 0.320189 0.507826 0.317823 0.507174 0.315063 0.507391 0.311909 0.506957 0.310331 0.506304 0.305994 0.505652 0.302445 0.504348 0.294953 0.502609 0.292587 0.501522 0.287461 0.500870 0.285489 0.499348 0.281546 0.497391 0.279180 0.496957
0 0.729495 0.486087 0.729495 0.487174 0.731467 0.488043 0.733044 0.487826 0.734621 0.489783 0.757492 0.499783 0.772476 0.498043 0.781151 0.498261 0.784700 0.497391 0.797319 0.497174 0.808360 0.495217 0.809937 0.496087 0.814669 0.496087 0.824527 0.494565 0.840694 0.495652 0.874211 0.496087 0.905363 0.499130 0.913644 0.498696 0.910883 0.498261 0.916404 0.497609 0.915221 0.496522 0.876972 0.486522 0.858044 0.483696 0.835568 0.481522 0.805599 0.480217 0.794953 0.481087 0.780757 0.479783 0.759464 0.479565 0.756703 0.480870 0.735410 0.483913
0 0.537461 0.466739 0.532729 0.465000 0.528391 0.464130 0.520899 0.464565 0.517744 0.465435 0.515773 0.465435 0.511830 0.466522 0.501577 0.471304 0.492508 0.473478 0.482650 0.477609 0.475946 0.479348 0.468060 0.483913 0.462145 0.486304 0.462145 0.488043 0.463328 0.488696 0.468060 0.488261 0.472792 0.486739 0.486199 0.483913 0.496451 0.480217 0.496845 0.480435 0.498423 0.479783 0.505521 0.478696 0.515379 0.475435 0.516562 0.475652 0.517350 0.475217 0.520110 0.474783 0.522871 0.473478 0.523265 0.473696 0.525631 0.473261 0.533517 0.470870 0.537855 0.470217 0.539038 0.469130 0.537066 0.468043
0 0.309148 0.464565 0.309543 0.465435 0.310726 0.466087 0.311514 0.466957 0.315063 0.468478 0.315457 0.468913 0.315852 0.468913 0.316246 0.469348 0.316640 0.469348 0.320189 0.471304 0.320189 0.471522 0.323738 0.473261 0.324132 0.473696 0.326498 0.474348 0.328864 0.475652 0.335962 0.477609 0.336751 0.477609 0.338722 0.478261 0.339511 0.478261 0.341877 0.478913 0.343454 0.479783 0.344243 0.479783 0.344637 0.480217 0.349763 0.481522 0.350946 0.482174 0.352918 0.482174 0.353707 0.481957 0.354101 0.480870 0.352918 0.480000 0.349763 0.479130 0.344243 0.476957 0.342666 0.476522 0.341483 0.476522 0.339511 0.475870 0.338722 0.475870 0.335174 0.474783 0.334385 0.474783 0.331230 0.473913 0.329653 0.473043 0.328076 0.472609 0.327681 0.472174 0.325315 0.471304 0.322950 0.470000 0.321372 0.468696 0.319401 0.468043 0.311909 0.464130 0.310726 0.464130 0.310331 0.463913
0 0.919953 0.434565 0.917981 0.433696 0.913249 0.434130 0.880521 0.441739 0.866719 0.446304 0.860016 0.449783 0.840300 0.455217 0.829653 0.461087 0.830442 0.459348 0.838722 0.455435 0.846215 0.448913 0.853707 0.445652 0.863959 0.442391 0.876183 0.440435 0.887224 0.436522 0.905363 0.434565 0.904968 0.433043 0.885252 0.434783 0.878943 0.437609 0.861199 0.441087 0.845820 0.446304 0.820189 0.464348 0.821372 0.464348 0.818218 0.467826 0.816246 0.473261 0.816640 0.477609 0.819401 0.479783 0.821767 0.479130 0.820584 0.472609 0.824527 0.470435 0.826893 0.463913 0.837539 0.460000 0.842271 0.456739 0.858833 0.452391 0.885252 0.442609 0.917587 0.435870
0 0.097792 0.326087 0.097397 0.326522 0.097397 0.326957 0.097792 0.327391 0.098975 0.328043 0.098975 0.328261 0.100552 0.329348 0.100946 0.330000 0.102524 0.330870 0.103312 0.331739 0.104101 0.331957 0.104495 0.332391 0.106073 0.333261 0.106073 0.333478 0.107256 0.333913 0.107256 0.334348 0.108044 0.334783 0.108438 0.335435 0.110804 0.336957 0.110804 0.337174 0.111199 0.337174 0.111593 0.337609 0.112382 0.337826 0.114748 0.339130 0.114748 0.339348 0.115142 0.339348 0.117508 0.340652 0.117902 0.340652 0.118691 0.341087 0.122634 0.342174 0.124211 0.343043 0.125789 0.343043 0.126577 0.342826 0.126577 0.341522 0.125394 0.340870 0.123028 0.340217 0.120662 0.339130 0.120268 0.339130 0.117508 0.337609 0.117508 0.337391 0.115142 0.336087 0.115142 0.335870 0.111987 0.333696 0.111987 0.333478 0.111199 0.333261 0.110410 0.332391 0.109227 0.331739 0.107650 0.331304 0.104890 0.329783 0.104890 0.329565 0.102129 0.327826 0.101341 0.326957 0.099763 0.326087 0.098975 0.325870
0 0.267350 0.293261 0.268533 0.294130 0.270505 0.294783 0.281151 0.297391 0.285095 0.298913 0.288249 0.299348 0.290221 0.300000 0.292192 0.300000 0.295741 0.300870 0.298502 0.300870 0.301262 0.301739 0.302050 0.301739 0.309148 0.304565 0.309543 0.304348 0.314669 0.305652 0.316246 0.305435 0.320584 0.306739 0.324921 0.307391 0.326104 0.307826 0.327681 0.307826 0.329259 0.307174 0.329259 0.305870 0.327287 0.304130 0.327287 0.303478 0.325315 0.302391 0.325710 0.302174 0.322161 0.301304 0.319006 0.300000 0.314669 0.299565 0.313486 0.299130 0.312303 0.299130 0.309543 0.298478 0.307177 0.298478 0.305599 0.298043 0.303628 0.298043 0.302050 0.297609 0.300868 0.297609 0.299685 0.297174 0.291404 0.296304 0.283517 0.294565 0.282334 0.294565 0.280757 0.294130 0.280363 0.294348 0.279180 0.293913 0.276420 0.293913 0.272082 0.292826 0.268139 0.292826
0 0.253943 0.293043 0.252760 0.292174 0.247634 0.290870 0.217666 0.286522 0.195978 0.285435 0.173107 0.286522 0.170741 0.287609 0.164432 0.288043 0.162855 0.289348 0.146293 0.290652 0.130521 0.294565 0.120662 0.298478 0.118297 0.298696 0.113565 0.300435 0.106073 0.304130 0.104890 0.305652 0.105678 0.306304 0.107256 0.306304 0.116719 0.300652 0.123817 0.298913 0.132492 0.295435 0.141956 0.293478 0.146293 0.291957 0.159306 0.290435 0.175868 0.290000 0.175868 0.290435 0.180599 0.290000 0.215300 0.290217 0.230284 0.291304 0.234227 0.290870 0.236199 0.291739 0.238959 0.291304 0.252760 0.294348