0 0.605252 0.782743 0.605252 0.783774 0.605686 0.784462 0.609592 0.785493 0.610677 0.786181 0.612196 0.786181 0.615017 0.788243 0.616970 0.788931 0.618056 0.789962 0.618924 0.789962 0.620009 0.790650 0.622830 0.790650 0.625434 0.792369 0.628255 0.792712 0.629774 0.794087 0.630425 0.793400 0.631293 0.794775 0.631727 0.794775 0.633898 0.796837 0.635200 0.797181 0.635417 0.797869 0.636502 0.798212 0.639974 0.801306 0.642361 0.806463 0.643446 0.806806 0.644314 0.805431 0.642144 0.800275 0.640191 0.797869 0.635634 0.794087 0.634549 0.793744 0.632812 0.792025 0.630859 0.792025 0.630425 0.790993 0.629774 0.790993 0.628689 0.789962 0.626302 0.789618 0.625434 0.788587 0.623915 0.788243 0.623264 0.787556 0.620660 0.787900 0.617839 0.786868 0.615451 0.785493 0.613498 0.783431 0.612630 0.783774 0.607205 0.782056 0.605686 0.782056
0 0.613064 0.778274 0.613064 0.779306 0.614149 0.780681 0.616536 0.781024 0.617405 0.781712 0.619575 0.781712 0.620443 0.782399 0.622396 0.782399 0.623481 0.783087 0.625651 0.783431 0.626736 0.784462 0.627604 0.784462 0.628472 0.785837 0.629774 0.786181 0.631076 0.787900 0.631510 0.787556 0.632812 0.789275 0.632812 0.789962 0.633247 0.790650 0.634549 0.791681 0.634983 0.791681 0.635417 0.792369 0.636285 0.792369 0.637804 0.793400 0.638672 0.793400 0.641059 0.795119 0.642361 0.795119 0.642578 0.794431 0.643012 0.794087 0.643012 0.793400 0.641927 0.792025 0.641059 0.792025 0.639974 0.790993 0.639323 0.791337 0.636068 0.789618 0.634332 0.788243 0.633898 0.787556 0.633030 0.787212 0.631510 0.785150 0.631510 0.784462 0.631076 0.783774 0.629557 0.783087 0.627821 0.781368 0.625434 0.781024 0.624566 0.780337 0.623915 0.780337 0.622830 0.779306 0.621311 0.779649 0.620226 0.778962 0.619141 0.778962 0.618924 0.778618 0.618056 0.778618 0.616970 0.777931 0.616753 0.778274 0.616536 0.777931 0.615451 0.777931 0.614366 0.777243 0.613281 0.777587
0 0.435330 0.740461 0.434679 0.741492 0.432509 0.753524 0.432509 0.768305 0.430556 0.778962 0.429905 0.789275 0.427083 0.804400 0.426866 0.809900 0.425998 0.814025 0.425130 0.831213 0.424696 0.831557 0.423828 0.839807 0.422526 0.845651 0.422309 0.854933 0.423394 0.856652 0.424696 0.854933 0.425130 0.850120 0.428602 0.839464 0.429036 0.839807 0.429470 0.834995 0.431424 0.828807 0.431207 0.827432 0.432292 0.823994 0.433160 0.815400 0.432726 0.812994 0.432943 0.809213 0.435113 0.795462 0.436415 0.790306 0.437283 0.781368 0.440104 0.771055 0.441189 0.764180 0.443793 0.755930 0.443793 0.753180 0.439019 0.744586 0.437283 0.742523 0.436415 0.742523
0 0.299696 0.628051 0.299479 0.628738 0.299696 0.630113 0.302734 0.634239 0.302951 0.635957 0.303602 0.636989 0.305122 0.638020 0.309896 0.645926 0.309679 0.646958 0.309896 0.649020 0.312066 0.649364 0.313151 0.650395 0.314019 0.650395 0.316840 0.653145 0.317708 0.653145 0.319010 0.654177 0.320095 0.654177 0.320530 0.654864 0.322917 0.656239 0.324002 0.656239 0.324653 0.657958 0.327257 0.662083 0.331814 0.665865 0.333116 0.666208 0.333984 0.665177 0.333984 0.663802 0.333550 0.663114 0.330946 0.661396 0.330295 0.660364 0.329427 0.660021 0.329210 0.659333 0.327908 0.658302 0.326172 0.655552 0.325087 0.652802 0.324219 0.651770 0.322700 0.648333 0.320312 0.644551 0.319444 0.643864 0.319010 0.642833 0.318142 0.642145 0.315104 0.638020 0.314019 0.635957 0.310981 0.633207 0.309462 0.631145 0.307943 0.630113 0.307292 0.629082 0.305773 0.628738 0.303602 0.627363 0.301432 0.627363 0.301215 0.627020
0 0.356554 0.552767 0.353733 0.557580 0.350694 0.583362 0.345269 0.610519 0.339627 0.658302 0.337023 0.671708 0.333116 0.730148 0.330729 0.742867 0.331380 0.745617 0.330295 0.755586 0.325738 0.779306 0.327040 0.782056 0.329210 0.777587 0.335938 0.749055 0.336589 0.741836 0.343533 0.718460 0.348524 0.688553 0.358507 0.644551 0.358941 0.637332 0.364366 0.612582 0.367839 0.588862 0.367405 0.583362 0.365885 0.583018 0.362196 0.593675 0.358724 0.597112 0.358507 0.568580
0 0.470703 0.484015 0.469835 0.482984 0.469184 0.482984 0.469184 0.483328 0.468967 0.483671 0.468750 0.483671 0.468533 0.483328 0.467882 0.483328 0.467231 0.484015 0.466363 0.484015 0.466146 0.484359 0.465495 0.484359 0.465278 0.484703 0.463325 0.484703 0.463108 0.484359 0.462891 0.484359 0.462674 0.484703 0.461806 0.484703 0.461589 0.485046 0.460720 0.485046 0.459635 0.486421 0.459418 0.486421 0.459201 0.486765 0.457248 0.488140 0.456380 0.489515 0.456163 0.489515 0.454644 0.492265 0.454210 0.492265 0.453993 0.492609 0.453342 0.492953 0.452691 0.493984 0.452691 0.495015 0.453125 0.496047 0.453993 0.496047 0.454210 0.495703 0.454644 0.495703 0.455078 0.495015 0.455729 0.494672 0.456163 0.493984 0.458116 0.492609 0.458550 0.491922 0.458767 0.491922 0.461155 0.489859 0.461589 0.489859 0.462240 0.489172 0.463108 0.489172 0.463325 0.488828 0.463542 0.488828 0.463542 0.488484 0.464193 0.487796 0.464627 0.487796 0.464844 0.487453 0.465712 0.487453 0.465929 0.487109 0.467448 0.487109 0.468099 0.486421 0.468750 0.486421 0.468967 0.486078 0.470052 0.486421 0.470703 0.485046
0 0.482422 0.437607 0.482422 0.450327 0.483724 0.453764 0.491536 0.465108 0.496311 0.469921 0.503472 0.483671 0.508681 0.488828 0.512804 0.499484 0.519314 0.508078 0.521267 0.514266 0.517144 0.510828 0.510200 0.500859 0.504774 0.498109 0.498698 0.490547 0.486762 0.485046 0.476345 0.485734 0.476128 0.487109 0.490234 0.488484 0.490885 0.490203 0.478299 0.489859 0.478733 0.492609 0.497613 0.493297 0.497830 0.495015 0.504123 0.500859 0.509549 0.503953 0.514974 0.512204 0.520833 0.517704 0.522569 0.522516 0.524957 0.541767 0.526259 0.543142 0.526910 0.539017 0.525174 0.526298 0.522352 0.516672 0.523872 0.514954 0.523872 0.509453 0.521484 0.491922 0.514974 0.480921 0.510200 0.467171 0.504340 0.462014 0.497830 0.452733 0.490885 0.447233 0.485460 0.436920
0 0.388889 0.423169 0.384766 0.424888 0.381944 0.429357 0.378472 0.441389 0.376085 0.460296 0.375651 0.480921 0.372179 0.495703 0.371962 0.501547 0.370443 0.504641 0.373698 0.554830 0.371745 0.578206 0.372830 0.590581 0.369575 0.620832 0.369575 0.631488 0.364149 0.664146 0.361762 0.672740 0.362413 0.676865 0.363932 0.675834 0.367839 0.654520 0.372396 0.639739 0.377387 0.629770 0.384115 0.602613 0.387153 0.595394 0.389757 0.579924 0.393446 0.448264 0.390842 0.427982
0 0.376302 0.403919 0.365668 0.411825 0.363281 0.419732 0.356554 0.430045 0.354167 0.440701 0.349609 0.451358 0.343967 0.478515 0.340495 0.512547 0.340712 0.524923 0.333116 0.497422 0.327040 0.488140 0.323351 0.473702 0.320747 0.449639 0.319661 0.446889 0.317274 0.449639 0.321398 0.475077 0.330512 0.512204 0.330729 0.519079 0.337023 0.551736 0.337674 0.565143 0.340278 0.575112 0.342014 0.575112 0.343316 0.577862 0.345052 0.576487 0.346571 0.565143 0.349175 0.570987 0.350694 0.570643 0.348958 0.552767 0.348958 0.503609 0.347222 0.482296 0.348741 0.465796 0.355035 0.448264 0.367622 0.422138 0.370226 0.413200
0 0.419705 0.325885 0.417752 0.331385 0.417318 0.338261 0.418186 0.364043 0.419271 0.369887 0.419054 0.386387 0.418186 0.390512 0.418620 0.401856 0.417969 0.411138 0.417969 0.437264 0.419271 0.456171 0.418837 0.465108 0.419922 0.470608 0.419488 0.476796 0.419922 0.476109 0.419705 0.478515 0.420356 0.479546 0.420790 0.488140 0.422309 0.489172 0.422960 0.457889 0.424479 0.434514 0.424913 0.401169 0.424262 0.400138 0.424479 0.394294 0.423828 0.393262 0.423611 0.368512 0.421875 0.349261 0.421658 0.338604 0.422743 0.336886 0.421658 0.334479 0.421007 0.327260
0 0.237413 0.029220 0.236762 0.030251 0.239149 0.041939 0.238932 0.049158 0.239366 0.049502 0.239366 0.052252 0.240451 0.057064 0.243707 0.063939 0.245009 0.071502 0.246528 0.077346 0.248047 0.081815 0.248698 0.082503 0.249132 0.084909 0.250000 0.086284 0.250000 0.087659 0.252387 0.093159 0.252170 0.093847 0.253906 0.098316 0.254557 0.099347 0.255642 0.099691 0.256293 0.098659 0.256293 0.097284 0.254340 0.091097 0.254557 0.087315 0.252604 0.079409 0.251519 0.077346 0.250651 0.073221 0.249783 0.071158 0.249566 0.067721 0.248698 0.064971 0.248698 0.062908 0.247179 0.058783 0.246311 0.054658 0.246311 0.052939 0.244358 0.049502 0.243924 0.046751 0.241970 0.040564 0.241753 0.036782 0.240451 0.034720 0.239583 0.030251 0.238715 0.029220
0 0.133247 0.007906 0.135851 0.017188 0.139757 0.019251 0.146050 0.019594 0.151693 0.022688 0.215495 0.025095 0.227865 0.028188 0.242188 0.028188 0.251302 0.032657 0.257378 0.039189 0.264540 0.041251 0.266059 0.040220 0.263021 0.029220 0.259332 0.022688 0.248915 0.013063 0.237196 0.007219 0.218750 0.004125 0.192708 0.004813 0.191189 0.003781 0.189670 0.005156 0.177734 0.003094 0.172960 0.005156 0.136936 0.005500