0 0.551215 0.962384 0.550564 0.963542 0.550564 0.964410 0.549913 0.965278 0.549913 0.966725 0.550564 0.967593 0.551432 0.969907 0.552083 0.970775 0.553385 0.973669 0.553819 0.975694 0.555122 0.977720 0.555122 0.978299 0.555556 0.979167 0.555339 0.979745 0.555122 0.979456 0.555556 0.980035 0.557075 0.984664 0.559028 0.987847 0.559028 0.988426 0.560113 0.990162 0.560981 0.992766 0.562066 0.994213 0.562500 0.995949 0.563585 0.998264 0.563802 0.999711 0.568793 0.999711 0.569010 0.998264 0.567925 0.995370 0.567708 0.992766 0.567057 0.991319 0.566840 0.989873 0.565321 0.986979 0.565104 0.986111 0.564670 0.985822 0.564019 0.984086 0.562500 0.981771 0.560981 0.978009 0.559679 0.973380 0.558377 0.972512 0.557943 0.970775 0.557292 0.969907 0.556424 0.967593 0.552951 0.962963 0.552300 0.962384
0 0.534939 0.945023 0.533854 0.945023 0.533420 0.945602 0.533203 0.945602 0.532769 0.946759 0.532118 0.947627 0.532118 0.947917 0.531684 0.948495 0.531684 0.949074 0.531467 0.949653 0.530816 0.950521 0.530599 0.951968 0.530165 0.953125 0.529297 0.954572 0.528863 0.955729 0.528646 0.957176 0.528429 0.957465 0.528429 0.962963 0.528863 0.964120 0.528863 0.966435 0.529514 0.967882 0.529514 0.968461 0.529731 0.968750 0.529948 0.970197 0.530599 0.971354 0.531033 0.971354 0.531250 0.971644 0.531684 0.971644 0.532552 0.970775 0.532552 0.965856 0.532335 0.965567 0.532335 0.963831 0.532552 0.963542 0.532552 0.961227 0.533203 0.959780 0.533203 0.957755 0.533637 0.956597 0.533637 0.955729 0.534505 0.954282 0.534505 0.953704 0.534939 0.953414 0.534722 0.953125 0.535156 0.952546 0.535590 0.951389 0.535590 0.951100 0.534722 0.949653 0.534722 0.949074 0.535156 0.948785 0.535156 0.947917 0.535590 0.946759 0.535590 0.946181
0 0.449653 0.929398 0.448568 0.932002 0.448785 0.935185 0.448134 0.936632 0.448134 0.941262 0.448568 0.942419 0.448568 0.958623 0.449436 0.961806 0.449436 0.965856 0.450087 0.966435 0.450304 0.967303 0.449870 0.971933 0.449436 0.972222 0.449002 0.982639 0.448568 0.983796 0.448568 0.990451 0.448134 0.991609 0.448134 0.997106 0.447700 0.999421 0.451823 0.999711 0.452040 0.994502 0.451606 0.992477 0.452040 0.990162 0.452040 0.984086 0.452908 0.981192 0.452908 0.978877 0.453559 0.977431 0.453776 0.964410 0.453342 0.962963 0.453342 0.959780 0.453993 0.957755 0.453993 0.954572 0.453559 0.953704 0.453993 0.951389 0.453993 0.946759 0.453559 0.945891 0.453342 0.943576 0.452691 0.941840 0.452040 0.941262 0.452040 0.936632 0.451606 0.935764 0.451172 0.930266 0.450304 0.929398
0 0.519748 0.913773 0.519314 0.913194 0.518446 0.912905 0.517578 0.912037 0.516927 0.912037 0.516493 0.911458 0.516059 0.911458 0.514540 0.910590 0.513672 0.910590 0.512804 0.910012 0.511936 0.910012 0.511719 0.910301 0.511068 0.910301 0.510851 0.910590 0.509115 0.910590 0.508898 0.910880 0.507161 0.911458 0.506510 0.912037 0.505859 0.912037 0.503689 0.913484 0.502604 0.914641 0.501953 0.914931 0.500000 0.917245 0.500000 0.917535 0.499132 0.918981 0.499132 0.920139 0.498915 0.920718 0.496962 0.923322 0.496962 0.924479 0.497830 0.925347 0.498264 0.925347 0.499132 0.924769 0.499566 0.924190 0.499783 0.924190 0.501085 0.922454 0.501302 0.921875 0.501519 0.921875 0.501736 0.921007 0.502387 0.920139 0.503038 0.919850 0.503472 0.919271 0.504991 0.918113 0.505859 0.918113 0.506076 0.917824 0.506727 0.917824 0.506944 0.917535 0.507812 0.917535 0.508030 0.917245 0.509549 0.916956 0.510417 0.916377 0.511719 0.916377 0.512804 0.915220 0.513672 0.915220 0.514106 0.915799 0.515408 0.916088 0.515625 0.916377 0.517578 0.916377 0.517795 0.916088 0.518663 0.916088 0.518880 0.915799 0.519314 0.915799 0.519748 0.915220
0 0.634549 0.912616 0.636285 0.914352 0.646918 0.911458 0.662977 0.911748 0.666667 0.917245 0.671658 0.934317 0.680990 0.944734 0.683811 0.953414 0.691840 0.965567 0.699870 0.971354 0.701606 0.970197 0.701389 0.967593 0.698785 0.961227 0.696832 0.960359 0.690755 0.952257 0.687934 0.945602 0.684028 0.940394 0.677083 0.924769 0.697049 0.932292 0.706380 0.939236 0.711372 0.940972 0.716580 0.941262 0.717231 0.940104 0.715712 0.936921 0.710069 0.931713 0.692708 0.922454 0.688802 0.917824 0.682726 0.914641 0.668837 0.912037 0.662977 0.902778 0.655382 0.893808 0.654080 0.895833 0.660590 0.908275 0.660156 0.909722 0.645182 0.909433
0 0.578776 0.873843 0.579427 0.878183 0.584201 0.882523 0.592882 0.885995 0.599392 0.890914 0.601997 0.896412 0.604818 0.895833 0.609809 0.899595 0.621528 0.916088 0.623264 0.922454 0.625000 0.924769 0.633898 0.929398 0.638021 0.933160 0.639540 0.932870 0.634549 0.914931 0.630425 0.908275 0.628255 0.902488 0.614366 0.875579 0.615451 0.875000 0.620660 0.876157 0.626519 0.879051 0.632378 0.879630 0.638672 0.883102 0.640408 0.882234 0.639323 0.879919 0.624783 0.872685 0.615234 0.870660 0.613932 0.868924 0.609809 0.870370 0.608290 0.868634 0.586589 0.871238
0 0.488932 0.856771 0.489800 0.858796 0.504123 0.851852 0.511936 0.850694 0.536024 0.851852 0.549696 0.840278 0.566840 0.835359 0.575304 0.839410 0.586589 0.847801 0.597439 0.858507 0.603516 0.866609 0.623481 0.868634 0.636068 0.875579 0.638021 0.874132 0.636285 0.870370 0.631510 0.866609 0.620660 0.864294 0.605686 0.863715 0.602865 0.862269 0.600477 0.858218 0.590278 0.848380 0.591146 0.845197 0.588325 0.839988 0.581597 0.835648 0.578125 0.828125 0.574653 0.826100 0.565104 0.828414 0.557509 0.825521 0.523655 0.824074 0.518229 0.827546 0.510417 0.836516 0.501519 0.840856 0.493924 0.848090
0 0.709418 0.757523 0.708767 0.756944 0.707682 0.756944 0.707248 0.756366 0.706380 0.756366 0.706163 0.756655 0.705512 0.756944 0.705078 0.757523 0.703776 0.758102 0.703342 0.758681 0.703125 0.758681 0.702691 0.759259 0.702474 0.759259 0.702474 0.759549 0.702257 0.759838 0.702040 0.759838 0.701606 0.760417 0.701389 0.760417 0.700738 0.761285 0.700521 0.761285 0.699219 0.762731 0.699002 0.762731 0.698568 0.763310 0.698351 0.763310 0.697700 0.764178 0.697483 0.764178 0.697049 0.764757 0.696832 0.764757 0.696615 0.765046 0.696615 0.765336 0.695312 0.767072 0.695095 0.767072 0.694227 0.767940 0.694010 0.767940 0.693359 0.768808 0.693359 0.769097 0.693142 0.769387 0.693142 0.771701 0.693359 0.771991 0.694010 0.772280 0.694227 0.771991 0.694444 0.771991 0.695095 0.771123 0.695530 0.771123 0.695747 0.770833 0.696832 0.770255 0.697266 0.769676 0.698351 0.769387 0.698568 0.769097 0.699219 0.768808 0.700304 0.767650 0.701389 0.767072 0.701823 0.766493 0.702040 0.766493 0.703342 0.764757 0.703559 0.764757 0.704427 0.763600 0.704644 0.763600 0.704644 0.763310 0.704861 0.763021 0.705295 0.763021 0.705946 0.762153 0.706163 0.762153 0.706163 0.761863 0.707031 0.760706 0.708550 0.759838 0.708767 0.759549 0.708767 0.759259 0.708984 0.758970 0.709201 0.758970 0.709201 0.758681 0.709418 0.758391
0 0.691623 0.756655 0.689887 0.754919 0.689019 0.755498 0.689019 0.755787 0.686849 0.758681 0.686632 0.759549 0.684679 0.762153 0.684462 0.762153 0.684028 0.762731 0.682509 0.763889 0.682509 0.764178 0.681858 0.765046 0.680990 0.765625 0.679470 0.767650 0.679470 0.767940 0.677734 0.770255 0.677517 0.771123 0.675781 0.773438 0.675564 0.774306 0.674696 0.775752 0.674696 0.776620 0.675347 0.777199 0.676215 0.777199 0.676649 0.776910 0.677300 0.775752 0.677300 0.775463 0.678602 0.773727 0.679036 0.774306 0.679036 0.774884 0.679688 0.775463 0.679905 0.775174 0.680339 0.775174 0.680773 0.774016 0.683377 0.770255 0.683594 0.770255 0.684679 0.768808 0.685764 0.768229 0.686415 0.767361 0.687283 0.766782 0.687717 0.766782 0.688585 0.765625 0.689453 0.765046 0.691406 0.762153 0.691406 0.761574 0.691623 0.761285 0.690972 0.760127 0.690972 0.759549 0.691623 0.758391
0 0.427300 0.738715 0.426215 0.738715 0.425347 0.739294 0.424479 0.740451 0.423611 0.742766 0.423177 0.745660 0.422743 0.746528 0.422960 0.747975 0.422309 0.750579 0.422309 0.752604 0.421658 0.754919 0.421224 0.764178 0.420573 0.768519 0.420790 0.768808 0.420790 0.776910 0.421224 0.778356 0.420790 0.780382 0.421007 0.781250 0.420790 0.783275 0.421007 0.783565 0.421224 0.793692 0.421441 0.794560 0.422309 0.795428 0.422960 0.795428 0.423394 0.794850 0.423177 0.780961 0.423611 0.778935 0.423611 0.774595 0.424479 0.770544 0.424479 0.768519 0.424913 0.767650 0.424913 0.766493 0.426866 0.758102 0.427517 0.756944 0.427951 0.754630 0.428602 0.753472 0.429253 0.750868 0.430990 0.747685 0.430990 0.742188 0.430773 0.741609 0.429688 0.740741 0.429036 0.739583
0 0.745443 0.653356 0.743924 0.653356 0.743273 0.654225 0.743056 0.655671 0.740668 0.660590 0.736111 0.665220 0.736111 0.665799 0.734375 0.668403 0.733290 0.671875 0.732856 0.677083 0.731988 0.679977 0.731988 0.683449 0.732422 0.684606 0.732422 0.689525 0.731988 0.690394 0.731988 0.696470 0.732422 0.697627 0.732422 0.707755 0.731988 0.708623 0.731988 0.713252 0.732639 0.716725 0.733073 0.717303 0.734809 0.717014 0.736979 0.715278 0.740234 0.713542 0.741319 0.713542 0.741536 0.714120 0.742188 0.713831 0.742839 0.712963 0.743707 0.709491 0.743273 0.708912 0.744141 0.703414 0.743924 0.701100 0.744575 0.697049 0.743924 0.695891 0.743924 0.694155 0.743490 0.693287 0.743490 0.680556 0.743056 0.679688 0.743056 0.678530 0.743490 0.677373 0.743490 0.667245 0.743924 0.666377 0.743924 0.661458 0.744792 0.657407 0.745877 0.655093
0 0.423611 0.636863 0.423611 0.638600 0.423828 0.638889 0.423611 0.639178 0.423611 0.642072 0.423828 0.642361 0.423828 0.644097 0.424045 0.644387 0.423828 0.644676 0.423828 0.646412 0.424045 0.646701 0.423828 0.647859 0.424045 0.648148 0.424045 0.649016 0.423828 0.649306 0.423611 0.650752 0.424045 0.650463 0.425130 0.651910 0.425781 0.651910 0.426432 0.652488 0.426866 0.652199 0.427517 0.653067 0.427951 0.653067 0.428602 0.653935 0.429253 0.653935 0.429470 0.654514 0.430122 0.654514 0.430773 0.655382 0.431424 0.655382 0.431858 0.655961 0.431858 0.656250 0.432292 0.656250 0.432943 0.657118 0.433377 0.657407 0.433811 0.657118 0.434028 0.657697 0.434462 0.657697 0.434679 0.658275 0.434896 0.658275 0.435330 0.658854 0.435330 0.659144 0.436198 0.660012 0.436849 0.660012 0.437717 0.659433 0.437717 0.659144 0.438802 0.657697 0.438802 0.657407 0.439887 0.655382 0.439887 0.653935 0.439670 0.653356 0.439019 0.652488 0.438802 0.652488 0.435764 0.648148 0.435330 0.647859 0.435330 0.647569 0.434462 0.646412 0.434028 0.645255 0.431207 0.641782 0.430339 0.641493 0.428602 0.640336 0.427083 0.638889 0.426649 0.638889 0.424913 0.636574 0.424045 0.636574
0 0.228082 0.632812 0.227214 0.646701 0.229818 0.660301 0.232422 0.709780 0.231554 0.752315 0.235026 0.789931 0.234158 0.839410 0.255208 0.859954 0.256944 0.865162 0.260200 0.864294 0.270833 0.873553 0.272352 0.830150 0.275174 0.812211 0.274306 0.792824 0.277778 0.759838 0.286458 0.814525 0.298828 0.811921 0.299913 0.800058 0.287760 0.757523 0.280165 0.741030 0.276476 0.721065 0.271267 0.711516 0.270616 0.725694 0.276476 0.745660 0.272569 0.774595 0.269965 0.783275 0.264106 0.774306 0.260417 0.775752 0.254774 0.809028 0.248481 0.802662 0.236979 0.757812 0.236979 0.738426 0.234375 0.731192 0.232639 0.642072 0.230686 0.633391
0 0.391927 0.615162 0.391493 0.615741 0.391493 0.616898 0.391710 0.617188 0.391710 0.618345 0.392144 0.619502 0.392144 0.625579 0.392361 0.625868 0.392361 0.626736 0.392795 0.627315 0.393663 0.627894 0.394097 0.627894 0.394748 0.628472 0.395399 0.628472 0.396484 0.629340 0.397135 0.629340 0.397569 0.629919 0.398220 0.630208 0.398655 0.631366 0.399306 0.632234 0.400174 0.632812 0.400608 0.633391 0.401042 0.634549 0.401693 0.635417 0.402127 0.635706 0.402995 0.635417 0.403429 0.634838 0.403646 0.633391 0.405165 0.631944 0.405599 0.629630 0.406033 0.628762 0.406033 0.628183 0.406901 0.627025 0.407118 0.625868 0.407986 0.624421 0.407769 0.623264 0.406901 0.622396 0.405165 0.622396 0.404514 0.621817 0.402778 0.621817 0.402344 0.621238 0.400825 0.620370 0.399740 0.619213 0.397135 0.617477 0.396050 0.617188 0.395399 0.616609 0.394748 0.616609 0.392795 0.614873
0 0.317274 0.593171 0.316189 0.598958 0.321398 0.614583 0.324002 0.633391 0.321832 0.636574 0.323568 0.654225 0.331163 0.689815 0.327474 0.700521 0.324870 0.718750 0.322917 0.721933 0.319227 0.720775 0.316840 0.726562 0.323351 0.778935 0.329861 0.796296 0.325304 0.833333 0.324653 0.868345 0.327908 0.874421 0.336155 0.922454 0.339844 0.925637 0.345920 0.885127 0.348958 0.828125 0.351128 0.817998 0.355903 0.808738 0.359375 0.791956 0.363281 0.750289 0.361979 0.704861 0.358507 0.666377 0.344835 0.627604 0.339193 0.620660 0.330295 0.601852 0.324436 0.596065
0 0.342231 0.537037 0.341363 0.538773 0.341363 0.540220 0.341797 0.541377 0.341797 0.547164 0.342231 0.548032 0.342448 0.551505 0.342882 0.551794 0.342882 0.562789 0.343533 0.565394 0.343533 0.572049 0.342882 0.572627 0.343533 0.573495 0.343533 0.576100 0.343099 0.576389 0.343533 0.578414 0.342882 0.578704 0.342665 0.579572 0.342665 0.585359 0.342882 0.585069 0.343316 0.585648 0.343316 0.586806 0.342665 0.587963 0.342882 0.591725 0.343316 0.592303 0.342882 0.593461 0.343316 0.593750 0.342882 0.595486 0.343316 0.602141 0.342882 0.602720 0.343099 0.602431 0.343533 0.603588 0.343099 0.604167 0.342882 0.603299 0.342882 0.604456 0.343533 0.604745 0.343316 0.606192 0.343750 0.609086 0.344835 0.609375 0.345269 0.608507 0.345269 0.605903 0.345703 0.604745 0.345703 0.597222 0.346137 0.596644 0.346137 0.594039 0.346788 0.592303 0.346788 0.587095 0.346354 0.586227 0.346137 0.582465 0.345269 0.581597 0.345486 0.557002 0.345269 0.555556 0.344835 0.555266 0.344835 0.551794 0.344401 0.550637 0.344401 0.541667 0.343533 0.538194
0 0.132161 0.536748 0.131293 0.538484 0.130859 0.550347 0.131293 0.551505 0.131293 0.555556 0.132161 0.558160 0.132161 0.568576 0.131727 0.569734 0.132595 0.571759 0.132161 0.574074 0.132812 0.576100 0.132812 0.577836 0.132378 0.578125 0.132595 0.589699 0.134332 0.598958 0.134332 0.604745 0.136719 0.615451 0.136719 0.618634 0.136285 0.618634 0.136502 0.624421 0.140191 0.627604 0.144531 0.628472 0.145399 0.627315 0.144965 0.622396 0.144314 0.621238 0.144531 0.617766 0.144097 0.616898 0.144097 0.611111 0.143663 0.609954 0.143663 0.598669 0.143229 0.597801 0.143229 0.595197 0.139323 0.579861 0.137153 0.555556 0.135634 0.550637 0.134983 0.546007 0.135200 0.544271 0.134766 0.542824 0.133681 0.541956 0.133247 0.537326
0 0.210069 0.415799 0.208550 0.418692 0.209201 0.420718 0.211155 0.424479 0.211372 0.426794 0.212891 0.430556 0.213542 0.433160 0.213325 0.436632 0.213976 0.439236 0.215278 0.441551 0.215712 0.444155 0.216797 0.445602 0.217448 0.447917 0.221137 0.453704 0.222222 0.457755 0.222656 0.462384 0.226128 0.467593 0.227431 0.471065 0.228950 0.471644 0.229818 0.470197 0.230035 0.469329 0.229818 0.468461 0.229167 0.468171 0.228082 0.466725 0.225477 0.461227 0.225477 0.460359 0.224826 0.459201 0.223958 0.455729 0.223958 0.453125 0.222005 0.445312 0.220486 0.442130 0.220486 0.439815 0.219618 0.437500 0.219835 0.436921 0.220703 0.437500 0.221788 0.437211 0.222005 0.433160 0.219618 0.429977 0.218967 0.429688 0.215278 0.421296 0.211372 0.416088
0 0.075304 0.307870 0.074653 0.309028 0.074436 0.310764 0.075521 0.315394 0.075738 0.322338 0.076389 0.323785 0.077908 0.329282 0.079210 0.331887 0.079861 0.332465 0.081163 0.334780 0.082682 0.339988 0.084201 0.343171 0.087891 0.347222 0.090278 0.352141 0.091146 0.353009 0.093533 0.354167 0.094618 0.353877 0.095269 0.352720 0.095269 0.350984 0.093533 0.347512 0.093533 0.346354 0.093099 0.345486 0.092665 0.342882 0.091580 0.339988 0.091146 0.337384 0.089410 0.332755 0.086155 0.327546 0.084852 0.322049 0.083550 0.318287 0.080078 0.313079 0.078559 0.309896 0.077040 0.307581
0 0.102431 0.299479 0.098741 0.294560 0.093316 0.290220 0.084635 0.288194 0.082031 0.289062 0.076823 0.288773 0.072483 0.287037 0.066840 0.287326 0.059896 0.289641 0.049262 0.289062 0.039280 0.290799 0.036675 0.292245 0.027127 0.292535 0.026910 0.293403 0.020616 0.294850 0.016059 0.294271 0.011719 0.295718 0.001085 0.296586 0.000000 0.297743 0.000000 0.313657 0.001736 0.317130 0.004557 0.317708 0.007378 0.316840 0.010851 0.313947 0.023220 0.311053 0.034722 0.306713 0.042969 0.304688 0.048394 0.304688 0.058377 0.301794 0.085503 0.299769 0.097005 0.302373 0.101345 0.301794
0 0.658203 0.283854 0.657769 0.284722 0.657769 0.285880 0.657118 0.288194 0.657118 0.290509 0.656684 0.291667 0.656467 0.295139 0.656250 0.295428 0.656467 0.299769 0.656901 0.300926 0.656901 0.309317 0.657552 0.312211 0.657552 0.313947 0.657986 0.314815 0.658203 0.317419 0.659071 0.320023 0.658854 0.320891 0.659505 0.322627 0.659505 0.323785 0.659939 0.325231 0.660373 0.325810 0.661024 0.325810 0.662760 0.323785 0.664062 0.324074 0.664714 0.323495 0.666016 0.323495 0.666450 0.323206 0.667535 0.321181 0.667535 0.318576 0.666884 0.316840 0.666667 0.314236 0.665799 0.312211 0.665365 0.311921 0.663845 0.308160 0.663628 0.306424 0.662977 0.304688 0.661458 0.297743 0.661024 0.296875 0.661024 0.296296 0.660590 0.295428 0.660590 0.294560 0.659939 0.292824 0.659939 0.291088 0.659722 0.290799 0.659505 0.288194 0.659288 0.287905 0.659288 0.285301 0.659505 0.284722 0.659288 0.284144
0 0.626085 0.195312 0.626085 0.197049 0.628689 0.199653 0.631076 0.203125 0.638455 0.222801 0.639757 0.224248 0.641710 0.228009 0.641710 0.232060 0.643229 0.239583 0.644314 0.241609 0.644748 0.244792 0.644748 0.249711 0.645833 0.254630 0.646484 0.267072 0.648655 0.273727 0.649957 0.275174 0.654297 0.267361 0.654514 0.265914 0.654080 0.264757 0.654080 0.261574 0.653646 0.261285 0.653646 0.258391 0.652344 0.255208 0.652561 0.254630 0.651693 0.252894 0.650608 0.247396 0.649523 0.245081 0.646918 0.234664 0.644748 0.228877 0.642361 0.224248 0.642144 0.222801 0.641927 0.223090 0.640408 0.220486 0.639106 0.215278 0.635200 0.206019 0.633464 0.200521 0.631293 0.197338 0.629123 0.195312 0.628255 0.195312 0.627387 0.196181
0 0.535590 0.158275 0.534939 0.157986 0.533637 0.158854 0.532769 0.158854 0.531901 0.160012 0.530165 0.160880 0.529297 0.160590 0.529080 0.159433 0.528646 0.159144 0.526693 0.161458 0.522352 0.164931 0.521050 0.166667 0.519314 0.167824 0.518229 0.167824 0.516710 0.169560 0.513021 0.177083 0.511068 0.179977 0.506076 0.189815 0.503906 0.193287 0.499566 0.207176 0.499566 0.209201 0.500000 0.209780 0.500868 0.209491 0.502387 0.207755 0.505208 0.198495 0.510634 0.192130 0.511719 0.190104 0.513672 0.184317 0.515191 0.181424 0.518012 0.177951 0.519531 0.176794 0.525174 0.167245 0.529297 0.163773 0.531684 0.162905 0.536024 0.160012