0 0.090495 0.950521 0.090278 0.950810 0.089844 0.950810 0.088759 0.952546 0.088759 0.952836 0.088542 0.953125 0.088325 0.953125 0.088542 0.953414 0.088325 0.953704 0.088108 0.953704 0.088108 0.954572 0.087891 0.954861 0.087891 0.955440 0.087674 0.955729 0.087674 0.956887 0.087457 0.957176 0.087457 0.958044 0.087240 0.958333 0.087240 0.959201 0.087023 0.959491 0.087023 0.960069 0.087240 0.960359 0.087023 0.960648 0.086806 0.960648 0.086806 0.962963 0.086372 0.963542 0.086372 0.964120 0.086155 0.964410 0.086155 0.965278 0.085938 0.965567 0.085938 0.966725 0.085720 0.967014 0.085720 0.968750 0.085503 0.969039 0.085503 0.971644 0.085938 0.972222 0.086155 0.973090 0.086806 0.973958 0.087240 0.973958 0.087457 0.974248 0.087891 0.974248 0.088108 0.973958 0.088542 0.973958 0.088759 0.973669 0.088976 0.973669 0.089410 0.973090 0.090495 0.972512 0.091797 0.971065 0.092014 0.971065 0.092665 0.970197 0.092665 0.969907 0.092882 0.969618 0.092882 0.969039 0.093316 0.968461 0.093316 0.967303 0.093533 0.967014 0.093533 0.966435 0.093316 0.966146 0.093316 0.965856 0.093533 0.965567 0.093533 0.957465 0.093316 0.957176 0.093316 0.956308 0.093099 0.956019 0.093099 0.955440 0.092231 0.953414 0.092231 0.952546 0.092014 0.952257 0.092014 0.951678 0.091580 0.951100 0.091363 0.951100 0.091146 0.950810 0.090712 0.950810
0 0.081814 0.834491 0.081814 0.836227 0.082682 0.837674 0.083767 0.838542 0.085503 0.839120 0.086155 0.839699 0.087674 0.839988 0.088976 0.840856 0.091797 0.840856 0.092882 0.841435 0.095269 0.841435 0.095486 0.841725 0.096137 0.841725 0.096354 0.841435 0.096571 0.841725 0.097873 0.841725 0.098090 0.841435 0.098307 0.841725 0.098958 0.841435 0.099175 0.841725 0.100260 0.841725 0.101345 0.841146 0.108724 0.841146 0.109592 0.840567 0.110243 0.840567 0.111328 0.839410 0.111328 0.837674 0.110460 0.836516 0.109809 0.836227 0.104601 0.835938 0.103516 0.835359 0.102214 0.835359 0.100911 0.834780 0.098741 0.834780 0.098524 0.834491 0.098307 0.834780 0.097222 0.834201 0.095269 0.833912 0.094835 0.833333 0.093967 0.833333 0.093533 0.832755 0.092882 0.832755 0.092665 0.832465 0.092014 0.832465 0.090061 0.831597 0.089193 0.831597 0.087240 0.830729 0.086372 0.830729 0.086155 0.830440 0.084201 0.830440 0.083767 0.831019 0.083333 0.831019 0.083333 0.831308 0.082465 0.832176
0 0.930122 0.764178 0.929253 0.762442 0.925998 0.761574 0.916667 0.761863 0.915365 0.762442 0.910807 0.762442 0.909505 0.763021 0.906901 0.762731 0.902995 0.763021 0.902778 0.762731 0.901476 0.763310 0.898003 0.763600 0.897135 0.763310 0.896918 0.763600 0.893880 0.763310 0.891493 0.763889 0.884766 0.763600 0.884115 0.763889 0.883681 0.765046 0.883681 0.766493 0.884766 0.767940 0.885851 0.768229 0.886285 0.769097 0.888455 0.770544 0.890408 0.772859 0.892361 0.773727 0.896267 0.773727 0.898003 0.772859 0.899957 0.772859 0.903429 0.771412 0.904731 0.771701 0.905599 0.771123 0.908203 0.770833 0.909288 0.770255 0.912326 0.770255 0.916884 0.768519 0.917535 0.768808 0.918403 0.768229 0.919922 0.768229 0.921007 0.767650 0.924262 0.767361 0.926432 0.766493 0.929036 0.766204 0.930122 0.764757
0 0.117622 0.730324 0.117839 0.730613 0.117405 0.732350 0.118056 0.733796 0.118056 0.734664 0.118924 0.736111 0.118707 0.736400 0.120009 0.738426 0.120660 0.740451 0.123915 0.744213 0.123915 0.745660 0.126519 0.750289 0.131510 0.756366 0.136285 0.760417 0.139540 0.764468 0.145616 0.768229 0.145833 0.768808 0.147786 0.770255 0.150825 0.769965 0.152127 0.770833 0.153646 0.771123 0.155165 0.769965 0.155382 0.768229 0.154514 0.765914 0.152995 0.763889 0.151042 0.762442 0.148655 0.759259 0.145616 0.756076 0.142795 0.754051 0.141276 0.753762 0.138672 0.752315 0.137587 0.752315 0.137153 0.751736 0.137370 0.751447 0.136936 0.751447 0.134549 0.748264 0.130642 0.741898 0.128038 0.740162 0.124349 0.735532 0.121745 0.732928 0.119575 0.730035
0 0.271701 0.703125 0.270833 0.703993 0.270833 0.704282 0.270399 0.705150 0.270399 0.706597 0.270616 0.706887 0.270616 0.707465 0.270833 0.707755 0.270833 0.712095 0.271050 0.712384 0.271050 0.714988 0.271267 0.715278 0.271267 0.716435 0.271484 0.716725 0.271484 0.717303 0.271918 0.717882 0.271918 0.718171 0.272135 0.718461 0.272135 0.719039 0.272352 0.719329 0.272569 0.719329 0.273872 0.721065 0.274089 0.721065 0.274740 0.721933 0.274957 0.721933 0.275391 0.722512 0.275608 0.722512 0.275825 0.722801 0.276259 0.722801 0.276476 0.723090 0.277127 0.723090 0.277344 0.723380 0.278646 0.723380 0.278863 0.723090 0.279948 0.723090 0.280165 0.722801 0.280816 0.722801 0.281250 0.722222 0.281467 0.722222 0.282118 0.721065 0.282118 0.720486 0.282335 0.720197 0.282335 0.719618 0.282552 0.719329 0.282552 0.719039 0.282335 0.718750 0.282335 0.717303 0.281901 0.716725 0.281901 0.716435 0.281467 0.715856 0.281467 0.715567 0.281033 0.714988 0.281033 0.714699 0.280599 0.714120 0.280599 0.713831 0.279948 0.712963 0.279731 0.712963 0.279514 0.712674 0.279514 0.712384 0.279297 0.712384 0.277561 0.710359 0.277344 0.710359 0.276259 0.708912 0.276042 0.708912 0.275825 0.708623 0.275825 0.708333 0.275608 0.708333 0.274740 0.707176 0.274740 0.706887 0.274523 0.706887 0.274089 0.706308 0.274089 0.706019 0.273438 0.705150 0.273220 0.703704 0.273003 0.703704 0.272569 0.703125
0 0.927951 0.701389 0.928385 0.703414 0.930339 0.703993 0.936198 0.710359 0.939236 0.716725 0.943359 0.719618 0.949436 0.727431 0.954861 0.732928 0.963542 0.738715 0.968316 0.744502 0.981120 0.752025 0.990234 0.759838 0.997613 0.764178 0.999783 0.763600 0.999783 0.732350 0.986979 0.726852 0.980252 0.721644 0.973307 0.718750 0.970269 0.716435 0.961806 0.712963 0.960069 0.711516 0.958767 0.711516 0.957248 0.710069 0.953776 0.709491 0.946398 0.704861 0.942925 0.703704 0.942925 0.702836 0.941623 0.703125 0.930339 0.699942
0 0.796875 0.691262 0.798394 0.693287 0.799479 0.692708 0.799913 0.693287 0.814887 0.693287 0.820095 0.692419 0.833116 0.693287 0.842231 0.692419 0.864366 0.692419 0.869575 0.693576 0.878906 0.693576 0.885851 0.692708 0.891493 0.692998 0.892578 0.692130 0.892361 0.690394 0.891059 0.689236 0.885634 0.688657 0.885200 0.688079 0.885634 0.687789 0.881293 0.688079 0.851128 0.684606 0.819878 0.685475 0.802083 0.688368 0.797743 0.689815
0 0.262153 0.651331 0.261502 0.652199 0.261285 0.652199 0.261285 0.653646 0.261502 0.653935 0.261502 0.654225 0.261936 0.655093 0.261936 0.655671 0.262370 0.656250 0.262370 0.656539 0.262587 0.656829 0.263238 0.658854 0.263672 0.659433 0.263672 0.660880 0.263889 0.661169 0.263889 0.663194 0.263672 0.663484 0.263455 0.663484 0.263889 0.664352 0.263889 0.665509 0.264540 0.666088 0.264540 0.666377 0.264757 0.666667 0.264757 0.667245 0.265191 0.667824 0.265191 0.668113 0.266710 0.670139 0.266927 0.670139 0.268012 0.671007 0.268663 0.671007 0.268880 0.670718 0.269314 0.670718 0.271050 0.668403 0.271267 0.668403 0.271267 0.668113 0.271484 0.667824 0.271701 0.667824 0.271918 0.667535 0.271918 0.667245 0.272352 0.666377 0.272352 0.663194 0.271484 0.661169 0.271484 0.660301 0.271050 0.659722 0.271050 0.658854 0.270616 0.658275 0.270399 0.657407 0.270182 0.657407 0.269965 0.657118 0.269748 0.656250 0.269097 0.655382 0.269097 0.655093 0.266710 0.651910 0.266493 0.651910 0.266276 0.651620 0.265842 0.651620 0.265625 0.651331 0.263889 0.651331 0.263672 0.651042 0.263455 0.651042 0.263238 0.651331
0 0.696832 0.662037 0.697483 0.664062 0.698134 0.664931 0.699653 0.664931 0.700738 0.664352 0.701823 0.664641 0.703993 0.663484 0.705295 0.663194 0.705729 0.663484 0.706814 0.662905 0.707248 0.663194 0.709201 0.662326 0.712240 0.662616 0.713542 0.662037 0.715061 0.662037 0.716146 0.662616 0.718533 0.662616 0.720486 0.664062 0.722222 0.666956 0.724175 0.669271 0.727865 0.669560 0.729167 0.668981 0.728733 0.668692 0.730903 0.667245 0.733073 0.665220 0.735894 0.661748 0.736762 0.660301 0.737196 0.657986 0.735894 0.656250 0.733941 0.655961 0.732639 0.656250 0.722222 0.655961 0.720486 0.654803 0.720052 0.652778 0.718967 0.649884 0.718316 0.649016 0.716363 0.648727 0.713759 0.650463 0.711589 0.653356 0.708550 0.656250 0.706163 0.656829 0.702040 0.658854 0.701172 0.658854 0.699436 0.660012 0.698351 0.660012
0 0.826606 0.649884 0.825304 0.648727 0.823785 0.648438 0.822700 0.649016 0.822266 0.648727 0.821181 0.649306 0.820964 0.649016 0.820530 0.649306 0.819661 0.649016 0.819444 0.649306 0.818359 0.649306 0.817274 0.649884 0.815972 0.649884 0.814887 0.650463 0.813585 0.650463 0.812283 0.651331 0.811849 0.651331 0.810764 0.652199 0.810330 0.652199 0.809896 0.652778 0.809462 0.652778 0.808811 0.653356 0.807726 0.653356 0.807509 0.653646 0.806641 0.653646 0.806424 0.653935 0.805556 0.653935 0.805339 0.654225 0.804688 0.654225 0.803602 0.654803 0.802734 0.654803 0.802517 0.655093 0.800998 0.655382 0.799913 0.656539 0.799913 0.657986 0.800564 0.658565 0.801866 0.658565 0.802517 0.659144 0.802517 0.659722 0.802951 0.660012 0.803168 0.659722 0.804253 0.659722 0.804470 0.659433 0.804688 0.659722 0.804905 0.659433 0.805339 0.659722 0.805556 0.659433 0.806858 0.659433 0.807075 0.659144 0.807943 0.659144 0.809028 0.658565 0.809896 0.658565 0.810330 0.657986 0.811849 0.657986 0.812934 0.657407 0.813585 0.657407 0.813802 0.657697 0.815321 0.657697 0.816406 0.657118 0.816623 0.657407 0.817925 0.656539 0.818142 0.655961 0.819444 0.655961 0.819661 0.656250 0.820312 0.655671 0.820964 0.655671 0.821181 0.655382 0.823134 0.655382 0.824653 0.654514 0.825087 0.653356 0.826606 0.651620
0 0.199436 0.569444 0.199219 0.571470 0.200087 0.575810 0.204861 0.584491 0.206814 0.594618 0.212240 0.602720 0.213759 0.609954 0.214627 0.611400 0.220703 0.615451 0.228082 0.616030 0.230252 0.614583 0.231337 0.612269 0.231120 0.605903 0.232639 0.603588 0.234809 0.604745 0.242188 0.613137 0.245877 0.615451 0.248047 0.619502 0.252170 0.623553 0.256293 0.629051 0.259549 0.631076 0.261285 0.631076 0.262370 0.629919 0.262804 0.625000 0.259549 0.614294 0.256727 0.608218 0.253689 0.604745 0.241753 0.595775 0.237630 0.591146 0.236328 0.591146 0.233941 0.593461 0.229384 0.590856 0.222873 0.582755 0.215495 0.578125 0.212891 0.574363 0.212023 0.571759 0.209852 0.569444 0.206163 0.568287 0.200521 0.568287
0 0.734375 0.561053 0.733290 0.559317 0.732856 0.559317 0.732639 0.559028 0.730035 0.559317 0.729818 0.559606 0.728950 0.559606 0.728299 0.560185 0.726780 0.560185 0.725911 0.561053 0.723741 0.562211 0.722873 0.563368 0.722656 0.563368 0.722873 0.563657 0.722439 0.564236 0.721571 0.564815 0.720486 0.566262 0.719618 0.566551 0.718533 0.567419 0.718099 0.567419 0.717231 0.567998 0.716580 0.567998 0.714627 0.569444 0.714193 0.569444 0.712891 0.570312 0.712240 0.571470 0.712240 0.573206 0.712457 0.573495 0.712457 0.574363 0.713542 0.575810 0.714193 0.575810 0.714410 0.576100 0.714627 0.575810 0.715061 0.575810 0.715278 0.576100 0.715929 0.576100 0.716146 0.575810 0.716363 0.576100 0.716580 0.575810 0.717448 0.576100 0.717665 0.575810 0.718099 0.576100 0.718316 0.575810 0.719184 0.575810 0.719401 0.575521 0.722656 0.575231 0.723090 0.574653 0.723307 0.574942 0.723524 0.574653 0.724609 0.574653 0.724826 0.574363 0.727214 0.573785 0.727865 0.573206 0.729384 0.572917 0.731988 0.570891 0.733290 0.569155 0.733724 0.567998 0.733724 0.567419 0.734158 0.566551 0.734375 0.564236 0.734592 0.563947 0.734375 0.563657 0.734592 0.563368 0.734592 0.561921 0.734375 0.561632
0 0.796007 0.535880 0.794488 0.534722 0.792969 0.535301 0.791667 0.536458 0.788845 0.540220 0.785807 0.542535 0.784505 0.542535 0.782986 0.543403 0.779948 0.546296 0.777778 0.547743 0.775174 0.550926 0.773872 0.551505 0.771484 0.553819 0.768446 0.555556 0.764757 0.560185 0.761502 0.568576 0.761502 0.570312 0.762804 0.571759 0.764106 0.571759 0.765842 0.570891 0.769531 0.567419 0.772352 0.563657 0.778212 0.561053 0.786892 0.553530 0.788845 0.550637 0.790148 0.549479 0.791667 0.547164 0.794271 0.544271 0.796224 0.539641
0 0.129123 0.504051 0.128906 0.505787 0.130642 0.507523 0.131944 0.509549 0.133898 0.515046 0.135417 0.518229 0.138021 0.520833 0.141059 0.525174 0.143446 0.530093 0.144314 0.532697 0.145833 0.534144 0.147786 0.534722 0.148438 0.535590 0.150608 0.537037 0.151476 0.538194 0.152995 0.538484 0.153646 0.537616 0.153646 0.536458 0.147569 0.530961 0.146701 0.529514 0.146050 0.526620 0.145616 0.526042 0.143663 0.519965 0.140408 0.515046 0.140191 0.513889 0.140625 0.513600 0.144314 0.518229 0.146267 0.519676 0.147135 0.519676 0.148003 0.518519 0.148003 0.516204 0.147352 0.513889 0.146267 0.512153 0.143012 0.508970 0.140625 0.507812 0.138889 0.507523 0.135634 0.505498 0.134983 0.505498 0.132378 0.503472 0.130859 0.503183
0 0.117405 0.485243 0.117405 0.485532 0.117188 0.485822 0.117188 0.486979 0.117405 0.487269 0.117405 0.487847 0.118056 0.488715 0.118707 0.488715 0.118924 0.489005 0.119141 0.489005 0.119575 0.489583 0.119575 0.489873 0.119792 0.489873 0.120877 0.491030 0.121094 0.491030 0.121311 0.491319 0.121528 0.491319 0.121745 0.491609 0.121962 0.491609 0.122179 0.491898 0.122396 0.491898 0.122613 0.492188 0.122830 0.492188 0.123047 0.492477 0.123264 0.492477 0.123915 0.493056 0.124349 0.493056 0.124566 0.493345 0.125000 0.493345 0.125217 0.493634 0.125651 0.493634 0.125868 0.493924 0.126302 0.493924 0.126519 0.494213 0.126736 0.494213 0.126953 0.494502 0.127170 0.494502 0.127821 0.495081 0.128472 0.495081 0.128689 0.494792 0.128906 0.494792 0.129123 0.494502 0.129340 0.494502 0.129340 0.494213 0.129557 0.493924 0.129557 0.492477 0.128255 0.490741 0.127821 0.490741 0.127604 0.490451 0.127170 0.490451 0.126953 0.490162 0.126302 0.490162 0.126085 0.489873 0.125868 0.489873 0.125217 0.489005 0.125000 0.489005 0.123698 0.487269 0.123698 0.486979 0.123264 0.486400 0.123264 0.486111 0.121745 0.484086 0.121528 0.484086 0.121311 0.483796 0.120877 0.483796 0.120660 0.483507 0.119141 0.483507 0.118924 0.483796 0.118707 0.483796 0.118273 0.484375 0.118056 0.484375
0 0.096354 0.470486 0.096354 0.471933 0.096571 0.472222 0.096571 0.472512 0.097439 0.473669 0.097656 0.473669 0.098307 0.474537 0.098524 0.474537 0.098958 0.475116 0.099609 0.475405 0.100260 0.476273 0.100477 0.476273 0.100694 0.476562 0.101128 0.476562 0.101780 0.477141 0.102214 0.477141 0.102431 0.477431 0.102865 0.477431 0.103082 0.477720 0.103516 0.477720 0.103733 0.478009 0.104167 0.478009 0.104384 0.478299 0.105035 0.478299 0.105252 0.478588 0.105686 0.478588 0.105903 0.478877 0.106337 0.478877 0.106554 0.479167 0.107205 0.479167 0.107856 0.479745 0.108507 0.479745 0.108724 0.480035 0.110243 0.480035 0.110894 0.479167 0.110677 0.478299 0.110243 0.477720 0.109592 0.477431 0.108073 0.475405 0.107856 0.475405 0.107639 0.475116 0.107422 0.475116 0.106337 0.474248 0.105903 0.474248 0.105686 0.473958 0.105252 0.473958 0.104601 0.473380 0.104167 0.473380 0.103950 0.473090 0.103950 0.472801 0.103733 0.472801 0.102865 0.471644 0.102648 0.471644 0.101997 0.470775 0.101780 0.470775 0.101128 0.470197 0.100694 0.470197 0.100477 0.469907 0.100260 0.469907 0.099826 0.469329 0.099609 0.469329 0.099175 0.468750 0.098958 0.468750 0.098307 0.468171 0.097873 0.468171 0.097656 0.468461 0.097439 0.468461 0.096788 0.469329 0.096788 0.469618