0 0.506293 0.870370 0.506510 0.873264 0.507378 0.875000 0.509766 0.882523 0.511502 0.885127 0.512370 0.887442 0.516276 0.894097 0.523438 0.897859 0.528212 0.898438 0.529080 0.897859 0.531467 0.897569 0.533637 0.896412 0.535156 0.894965 0.537326 0.891782 0.538194 0.889468 0.537977 0.888310 0.538628 0.886285 0.538411 0.885127 0.537326 0.883681 0.536675 0.883970 0.532552 0.881366 0.531250 0.881655 0.530382 0.880787 0.528863 0.880787 0.526476 0.879630 0.525391 0.879630 0.524740 0.879051 0.523438 0.878762 0.522135 0.877894 0.521484 0.877025 0.521701 0.876736 0.518880 0.875289 0.518012 0.875579 0.517361 0.875000 0.515842 0.874711 0.515191 0.874132 0.515625 0.873843 0.513455 0.872685 0.509549 0.869502 0.506944 0.869213
0 0.733941 0.856481 0.732639 0.856771 0.732205 0.856481 0.731988 0.856771 0.732205 0.857639 0.731554 0.859086 0.731771 0.861690 0.731120 0.864005 0.730903 0.866609 0.731120 0.872685 0.730686 0.874711 0.730903 0.876157 0.730252 0.881076 0.729818 0.882234 0.729818 0.884838 0.728516 0.892940 0.728516 0.894965 0.727648 0.898438 0.727431 0.900752 0.727214 0.901042 0.726780 0.900463 0.726780 0.901042 0.727214 0.901331 0.727214 0.904514 0.726780 0.906250 0.726780 0.916377 0.727865 0.919271 0.728733 0.919271 0.729818 0.917824 0.730035 0.914641 0.730903 0.910012 0.731554 0.898438 0.731337 0.894965 0.732205 0.891493 0.732422 0.888310 0.732205 0.884259 0.732856 0.881076 0.733290 0.875000 0.733724 0.873843 0.733724 0.871817 0.733073 0.870081 0.733073 0.866319 0.733507 0.865162 0.734158 0.859375
0 0.780382 0.790799 0.779948 0.792245 0.779948 0.793403 0.781901 0.796007 0.788411 0.799769 0.791884 0.804398 0.798828 0.811343 0.802951 0.817419 0.804470 0.820891 0.805556 0.822338 0.805990 0.823495 0.807509 0.825231 0.808811 0.828414 0.809896 0.829572 0.810764 0.829282 0.811198 0.828704 0.811198 0.826389 0.809679 0.822627 0.808377 0.820891 0.804253 0.813079 0.796875 0.802662 0.789497 0.795718 0.786241 0.793692 0.784071 0.792824 0.781684 0.790509 0.780816 0.790220
0 0.423828 0.780382 0.422960 0.779225 0.422092 0.779514 0.421007 0.778935 0.418837 0.779803 0.415365 0.779803 0.414280 0.780382 0.412760 0.780382 0.411675 0.780961 0.410156 0.780961 0.406467 0.782118 0.401693 0.782697 0.391927 0.786458 0.390625 0.787905 0.390625 0.789352 0.391059 0.789931 0.388889 0.794271 0.388672 0.795428 0.388889 0.799190 0.389540 0.800058 0.391059 0.800637 0.391710 0.800347 0.397135 0.800637 0.399306 0.799769 0.399523 0.800058 0.399740 0.799769 0.402127 0.799769 0.403212 0.799190 0.406467 0.798611 0.411675 0.796875 0.414714 0.794850 0.416016 0.792245 0.416450 0.791956 0.416233 0.791667 0.416450 0.791088 0.419271 0.787326 0.421224 0.785880 0.423394 0.783275 0.423828 0.782118
0 0.342882 0.767940 0.342665 0.767650 0.342665 0.767361 0.342231 0.766782 0.342014 0.766782 0.341797 0.766493 0.341363 0.766493 0.341146 0.766204 0.340712 0.766204 0.340495 0.765914 0.338542 0.765914 0.338325 0.766204 0.337674 0.766204 0.337457 0.766493 0.336806 0.766493 0.336589 0.766782 0.336155 0.766782 0.335938 0.767072 0.335503 0.767072 0.335286 0.767361 0.334852 0.767361 0.334635 0.767650 0.334201 0.767650 0.333984 0.767940 0.333550 0.767940 0.333116 0.768519 0.331380 0.768519 0.331163 0.768808 0.330512 0.768808 0.330295 0.769097 0.330078 0.769097 0.329861 0.768808 0.329644 0.769097 0.327908 0.769097 0.327691 0.769387 0.327474 0.769097 0.327257 0.769097 0.327040 0.769387 0.326389 0.769387 0.326172 0.769676 0.325955 0.769676 0.325521 0.770255 0.325521 0.770544 0.325304 0.770833 0.325304 0.771991 0.325738 0.772569 0.325738 0.772859 0.325955 0.773148 0.326172 0.773148 0.326606 0.773727 0.326823 0.773727 0.327908 0.774595 0.328342 0.774595 0.328559 0.774884 0.330946 0.774884 0.331163 0.774595 0.331597 0.774595 0.332682 0.773727 0.333116 0.773727 0.333333 0.773438 0.333550 0.773438 0.333984 0.772859 0.334418 0.772859 0.335069 0.772280 0.335503 0.772280 0.335720 0.771991 0.336155 0.771991 0.336372 0.771701 0.336806 0.771701 0.337023 0.771412 0.337674 0.771412 0.337891 0.771123 0.338542 0.771123 0.338759 0.770833 0.339410 0.770833 0.339627 0.770544 0.340712 0.770544 0.340929 0.770255 0.342014 0.770255 0.342882 0.769097
0 0.943576 0.738426 0.943793 0.739873 0.944878 0.740741 0.953559 0.740741 0.954861 0.741898 0.958116 0.741898 0.960720 0.743056 0.964410 0.743345 0.998915 0.743345 0.999349 0.742477 0.999783 0.742477 0.999783 0.739005 0.997613 0.738137 0.995443 0.738137 0.991536 0.736979 0.989149 0.736979 0.988064 0.737558 0.983073 0.736979 0.953993 0.736979 0.952908 0.737558 0.944444 0.737558
0 0.475043 0.527778 0.474175 0.527778 0.472873 0.529514 0.472656 0.530093 0.472656 0.530671 0.471571 0.532407 0.471571 0.533275 0.471354 0.533565 0.471354 0.534433 0.471137 0.534722 0.470920 0.536169 0.469618 0.539352 0.469618 0.539931 0.468750 0.542245 0.468750 0.543403 0.468533 0.543692 0.468533 0.544560 0.468316 0.544850 0.468316 0.547454 0.468099 0.547743 0.468099 0.549190 0.467882 0.549479 0.467882 0.552662 0.468099 0.552951 0.468099 0.553530 0.468750 0.554398 0.469184 0.554688 0.470052 0.554688 0.470920 0.554109 0.471571 0.553241 0.471571 0.552951 0.472005 0.552373 0.472005 0.551794 0.472656 0.550058 0.472873 0.548611 0.473307 0.548032 0.473741 0.546875 0.473741 0.546296 0.474392 0.545428 0.474609 0.545428 0.475260 0.544560 0.475477 0.544560 0.476128 0.543692 0.476345 0.543692 0.476345 0.543403 0.476997 0.542245 0.476997 0.536458 0.476780 0.536169 0.476780 0.535301 0.476562 0.535012 0.476562 0.532407 0.476128 0.531250 0.476128 0.529514 0.475477 0.528356 0.475477 0.528067
0 0.545356 0.424769 0.545139 0.427373 0.546441 0.428819 0.549479 0.430266 0.551215 0.430266 0.552951 0.430845 0.557943 0.436343 0.561415 0.438368 0.564887 0.439525 0.570747 0.443287 0.571832 0.443576 0.575521 0.446181 0.578993 0.450810 0.579644 0.450810 0.583984 0.454861 0.584852 0.455150 0.585720 0.454572 0.585938 0.452257 0.584852 0.450521 0.581380 0.447627 0.580078 0.445312 0.575738 0.441551 0.574002 0.439525 0.569878 0.437211 0.568576 0.436921 0.566623 0.435764 0.566406 0.435185 0.564453 0.434606 0.561415 0.432581 0.560764 0.431424 0.559245 0.429977 0.554253 0.426505 0.550781 0.425058 0.549696 0.425058 0.549262 0.424479 0.547309 0.423611 0.546441 0.423611
0 0.468967 0.412037 0.468099 0.413484 0.468099 0.414641 0.469184 0.416956 0.470703 0.423322 0.472222 0.427083 0.472439 0.431713 0.472873 0.432002 0.473741 0.436343 0.473958 0.440104 0.475260 0.447338 0.475043 0.448206 0.476345 0.453414 0.476780 0.457465 0.476780 0.464699 0.478082 0.473380 0.479818 0.477720 0.481988 0.481192 0.485026 0.484954 0.487413 0.486111 0.488498 0.484664 0.487630 0.478588 0.484375 0.470775 0.483507 0.466725 0.482422 0.464699 0.480035 0.457465 0.480469 0.448495 0.481771 0.440394 0.481771 0.430266 0.480903 0.421586 0.478516 0.414641 0.476128 0.413484 0.473307 0.413484
0 0.362196 0.380787 0.362196 0.381655 0.362413 0.381944 0.362413 0.382523 0.362847 0.383102 0.363281 0.383102 0.363498 0.383391 0.365234 0.383391 0.365451 0.383681 0.366536 0.383681 0.366753 0.383970 0.366970 0.383681 0.367188 0.383970 0.369358 0.383970 0.369575 0.384259 0.370009 0.384259 0.370226 0.384549 0.371311 0.384549 0.371962 0.383970 0.372613 0.383970 0.372830 0.384259 0.373047 0.383970 0.374132 0.383970 0.374349 0.384259 0.375868 0.384259 0.376085 0.383970 0.377387 0.383970 0.377604 0.383681 0.378038 0.383681 0.378255 0.383391 0.378472 0.383391 0.379123 0.382523 0.379123 0.381944 0.379340 0.381655 0.379123 0.381366 0.379123 0.380787 0.378689 0.380208 0.378689 0.379919 0.378472 0.379630 0.373915 0.379630 0.373264 0.379051 0.371962 0.379051 0.371745 0.379340 0.371528 0.379051 0.369792 0.379051 0.369575 0.379340 0.369358 0.379051 0.369141 0.379051 0.368924 0.379340 0.366536 0.379340 0.366319 0.379051 0.366102 0.379340 0.365885 0.379051 0.365017 0.379051 0.364800 0.379340 0.363498 0.379340 0.363281 0.379630 0.362847 0.379630 0.362413 0.380208 0.362413 0.380498
0 0.515408 0.385127 0.514106 0.381076 0.511719 0.379051 0.495226 0.374421 0.490885 0.372106 0.489149 0.369792 0.486979 0.368634 0.482205 0.369502 0.475911 0.373264 0.470920 0.374711 0.445964 0.372975 0.443359 0.374132 0.436849 0.379919 0.437500 0.384549 0.441406 0.387731 0.448351 0.390625 0.456597 0.391493 0.461372 0.395833 0.467231 0.397859 0.477648 0.397859 0.480469 0.395833 0.484375 0.391204 0.487630 0.389757 0.495660 0.390625 0.510200 0.390046 0.514323 0.388021
0 0.366536 0.370370 0.366319 0.370081 0.366319 0.369502 0.366102 0.369502 0.365668 0.368924 0.364366 0.368924 0.364149 0.368634 0.363932 0.368924 0.363715 0.368634 0.363498 0.368924 0.362413 0.368924 0.362196 0.369213 0.361111 0.369213 0.360894 0.369502 0.358507 0.369792 0.357639 0.370370 0.355252 0.370370 0.355035 0.370660 0.353299 0.371238 0.352648 0.371817 0.352214 0.371817 0.351345 0.372396 0.350694 0.372396 0.350043 0.372975 0.348524 0.373264 0.347873 0.373843 0.347439 0.373843 0.346571 0.374421 0.346571 0.374711 0.346137 0.375000 0.346137 0.375289 0.345269 0.376157 0.345052 0.377025 0.344618 0.377604 0.345269 0.379340 0.345703 0.379340 0.345920 0.379630 0.347005 0.379630 0.347222 0.379340 0.347873 0.379340 0.348307 0.378762 0.349175 0.378762 0.350043 0.378183 0.351997 0.378183 0.352214 0.378472 0.352431 0.378183 0.353299 0.378183 0.353516 0.377894 0.354601 0.377604 0.355686 0.376736 0.356120 0.376736 0.356771 0.376157 0.358507 0.375579 0.359158 0.375000 0.359592 0.375000 0.360460 0.374421 0.361762 0.374421 0.361979 0.374132 0.362847 0.374132 0.363064 0.373843 0.364366 0.373843 0.365451 0.372685 0.365885 0.372685 0.366536 0.371817 0.366536 0.371238 0.366319 0.370949
0 0.336806 0.366319 0.336589 0.365451 0.335503 0.364294 0.327257 0.364583 0.327040 0.364873 0.325955 0.364873 0.324870 0.365451 0.322266 0.365741 0.321398 0.366319 0.320312 0.366319 0.320095 0.366609 0.312934 0.366898 0.310981 0.367766 0.307075 0.368056 0.306858 0.368345 0.303602 0.368345 0.303168 0.368634 0.303168 0.369213 0.302734 0.369792 0.302734 0.370949 0.303168 0.372106 0.304253 0.372975 0.308377 0.372975 0.308594 0.373264 0.309245 0.373264 0.309462 0.372975 0.315755 0.372975 0.315972 0.372685 0.317274 0.372685 0.317491 0.372396 0.319227 0.372685 0.319444 0.372396 0.320530 0.372396 0.321615 0.371817 0.322700 0.371817 0.323785 0.371238 0.326172 0.370949 0.327908 0.370081 0.330295 0.370081 0.330512 0.369792 0.332031 0.369792 0.333333 0.369213 0.334635 0.369213 0.336155 0.368345 0.336589 0.367766
0 0.826606 0.254630 0.825521 0.253762 0.823785 0.254051 0.818359 0.257523 0.813802 0.262153 0.803602 0.270833 0.801215 0.274016 0.800347 0.276331 0.798828 0.278356 0.796224 0.280093 0.792535 0.283854 0.790582 0.286458 0.788628 0.290509 0.783637 0.295718 0.780382 0.300058 0.779948 0.301215 0.780165 0.302662 0.782335 0.302662 0.787977 0.298032 0.789062 0.297743 0.789280 0.298032 0.788411 0.298611 0.790799 0.297164 0.794488 0.293403 0.794054 0.293981 0.793403 0.293692 0.797092 0.289062 0.799045 0.287326 0.800130 0.287037 0.802083 0.285012 0.802300 0.285301 0.803168 0.283854 0.803819 0.283854 0.803819 0.283275 0.804253 0.283565 0.804688 0.282697 0.805339 0.282697 0.807075 0.280961 0.810764 0.278935 0.813802 0.274306 0.815972 0.271991 0.823785 0.266493 0.826172 0.263310 0.827474 0.260417 0.827474 0.257812
0 0.569227 0.177662 0.568359 0.177373 0.566406 0.178530 0.565755 0.180556 0.566189 0.180556 0.565972 0.182002 0.562500 0.190394 0.562283 0.190683 0.562066 0.190104 0.561198 0.191551 0.559462 0.195891 0.555556 0.202836 0.552734 0.214120 0.549262 0.219039 0.544488 0.231192 0.545356 0.232928 0.547309 0.232928 0.549045 0.232060 0.552083 0.229456 0.554253 0.228299 0.556641 0.224537 0.557075 0.223090 0.560113 0.218750 0.565321 0.214699 0.566189 0.213542 0.567708 0.210069 0.569444 0.208044 0.569878 0.206597 0.570530 0.206019 0.573134 0.201100 0.575521 0.193287 0.575521 0.189815 0.574002 0.186921 0.572049 0.184606 0.570312 0.179109
0 0.692491 0.131366 0.691406 0.133391 0.691623 0.144097 0.692057 0.147280 0.694444 0.153356 0.694878 0.155961 0.695530 0.157407 0.696398 0.161169 0.696615 0.164352 0.699436 0.171007 0.700521 0.181134 0.702257 0.187500 0.703776 0.188947 0.704427 0.195023 0.704861 0.196181 0.705946 0.197049 0.706597 0.196759 0.707031 0.195891 0.707031 0.194155 0.706380 0.191551 0.706163 0.186632 0.705295 0.182002 0.704210 0.178530 0.702257 0.166088 0.701172 0.162037 0.700521 0.160880 0.699436 0.155671 0.697049 0.151331 0.696615 0.149884 0.696615 0.146412 0.694878 0.138600 0.694878 0.135417 0.694444 0.134549 0.694227 0.132523 0.693576 0.131655
0 0.855903 0.118345 0.854601 0.118056 0.853733 0.118634 0.852648 0.120370 0.848958 0.124132 0.847439 0.126157 0.845486 0.131076 0.845269 0.132234 0.843750 0.135127 0.840929 0.139468 0.839193 0.141493 0.836806 0.146412 0.833333 0.151042 0.833116 0.152488 0.831597 0.155671 0.831597 0.156829 0.832465 0.157697 0.833333 0.157407 0.836806 0.152488 0.837674 0.151910 0.840929 0.148148 0.841797 0.145833 0.843099 0.144097 0.845269 0.140046 0.847005 0.137731 0.848741 0.133970 0.848741 0.133391 0.849826 0.130787 0.852648 0.126736 0.853516 0.124421 0.855903 0.120949 0.856120 0.120370 0.856120 0.118634