0 0.433738 0.847005 0.431713 0.845920 0.428530 0.845920 0.425637 0.846571 0.414352 0.846571 0.412037 0.847005 0.410590 0.846788 0.409144 0.847222 0.402778 0.847222 0.399306 0.847873 0.397859 0.847656 0.394965 0.848307 0.381366 0.848307 0.379340 0.847873 0.375868 0.847873 0.366898 0.851128 0.365741 0.852214 0.365741 0.853082 0.367477 0.853733 0.373264 0.853950 0.374421 0.854384 0.387153 0.854384 0.388889 0.853950 0.395255 0.853950 0.400174 0.852865 0.403646 0.852865 0.411169 0.851562 0.418403 0.851128 0.421586 0.850477 0.423900 0.850477 0.428530 0.849392 0.430266 0.849392 0.432581 0.848741 0.433738 0.847873
0 0.339988 0.794488 0.337963 0.795139 0.337963 0.797092 0.338542 0.797309 0.336516 0.798611 0.336227 0.799479 0.336516 0.807075 0.337095 0.808377 0.337095 0.810330 0.336227 0.812500 0.336806 0.818359 0.336227 0.822049 0.333912 0.827691 0.333912 0.833550 0.331887 0.838325 0.331597 0.837891 0.331308 0.838542 0.331597 0.839844 0.331308 0.840061 0.331019 0.839627 0.330150 0.842014 0.330440 0.843533 0.329861 0.843750 0.327836 0.848741 0.327836 0.855903 0.329282 0.856771 0.331308 0.856771 0.333912 0.855469 0.338831 0.847656 0.341146 0.837674 0.342303 0.834852 0.343461 0.826823 0.345197 0.820530 0.345197 0.813368 0.343461 0.805122 0.343461 0.802083 0.341435 0.795790
0 0.745949 0.740885 0.745370 0.741536 0.745370 0.742839 0.746528 0.745226 0.746528 0.746745 0.746238 0.746962 0.747106 0.747830 0.746817 0.748047 0.746817 0.749132 0.746528 0.749349 0.746528 0.750000 0.746817 0.750217 0.746528 0.750434 0.746528 0.750868 0.746817 0.751085 0.746528 0.751519 0.746817 0.751953 0.746817 0.752387 0.746528 0.752604 0.746817 0.752821 0.746528 0.753906 0.746817 0.754123 0.746817 0.754991 0.747685 0.756293 0.747396 0.756510 0.747396 0.756944 0.747685 0.757161 0.747685 0.760200 0.746817 0.761936 0.746817 0.763889 0.747975 0.764974 0.748553 0.764974 0.748843 0.765191 0.750579 0.765191 0.750868 0.764974 0.753183 0.764757 0.753472 0.764540 0.754630 0.764540 0.754919 0.764323 0.757812 0.764323 0.759549 0.763238 0.759549 0.762370 0.760127 0.762153 0.760127 0.761936 0.759259 0.761285 0.759549 0.761068 0.759549 0.760417 0.758970 0.760200 0.758970 0.759549 0.757812 0.758247 0.757523 0.756944 0.756944 0.756293 0.756366 0.754774 0.755208 0.753472 0.755208 0.752821 0.754630 0.751953 0.754630 0.751085 0.753762 0.749566 0.753472 0.748264 0.752315 0.746962 0.748843 0.741536 0.748553 0.741536 0.747685 0.740885
0 0.390625 0.682509 0.390625 0.683594 0.391204 0.684028 0.391204 0.684245 0.391493 0.684245 0.392072 0.684679 0.392650 0.684679 0.392940 0.684896 0.393229 0.684896 0.393519 0.685113 0.393808 0.685113 0.394097 0.685330 0.394676 0.685330 0.394965 0.685547 0.395255 0.685547 0.395544 0.685764 0.395833 0.685547 0.396123 0.685764 0.396412 0.685764 0.396701 0.685981 0.397280 0.685981 0.397569 0.686198 0.397859 0.686198 0.398148 0.686415 0.399595 0.686415 0.399884 0.686632 0.400463 0.686632 0.400752 0.686849 0.403646 0.686849 0.403935 0.686632 0.404225 0.686632 0.405093 0.685981 0.405093 0.685764 0.405382 0.685547 0.405382 0.684679 0.404225 0.683811 0.403935 0.683811 0.403646 0.683594 0.402199 0.683594 0.401910 0.683377 0.401042 0.683377 0.400752 0.683160 0.399595 0.683160 0.399306 0.682943 0.398727 0.682943 0.398438 0.682726 0.398148 0.682726 0.397859 0.682509 0.396991 0.682509 0.396701 0.682292 0.395544 0.682292 0.395255 0.682075 0.394676 0.682075 0.394387 0.681858 0.392940 0.681858 0.392650 0.681641 0.392361 0.681641 0.392072 0.681858 0.391782 0.681858 0.391493 0.682075 0.391204 0.682075
0 0.377025 0.666233 0.375000 0.666233 0.375000 0.666450 0.374421 0.666667 0.372685 0.669922 0.371238 0.671007 0.370949 0.672309 0.370370 0.673177 0.370370 0.674045 0.370081 0.674262 0.370081 0.674696 0.369502 0.675564 0.369502 0.676215 0.369213 0.676432 0.369213 0.677734 0.368924 0.677951 0.368924 0.678602 0.367766 0.680339 0.367188 0.680773 0.366898 0.681641 0.364873 0.683594 0.364583 0.684245 0.361979 0.687066 0.361400 0.688151 0.361400 0.689236 0.361690 0.689670 0.362847 0.690321 0.364005 0.690321 0.365451 0.689453 0.367477 0.687066 0.370081 0.684896 0.370081 0.684679 0.370660 0.684462 0.371238 0.683811 0.371528 0.683811 0.372106 0.682943 0.373553 0.681641 0.373553 0.681207 0.374132 0.680339 0.374132 0.679688 0.374711 0.679036 0.374711 0.678168 0.375289 0.677083 0.375289 0.676215 0.377315 0.673394 0.377315 0.672743 0.377894 0.671658 0.378183 0.669488 0.378472 0.669271 0.378472 0.667535
0 0.678819 0.643446 0.677662 0.644748 0.678241 0.645616 0.678241 0.646918 0.682292 0.650391 0.682870 0.651693 0.684606 0.653429 0.684606 0.653863 0.685185 0.654514 0.688947 0.657118 0.690972 0.659505 0.692130 0.660156 0.694444 0.663194 0.695891 0.664280 0.697627 0.665148 0.697917 0.665582 0.698785 0.665799 0.699074 0.666233 0.701389 0.667318 0.703414 0.667318 0.703993 0.667101 0.704282 0.666667 0.704282 0.665365 0.700231 0.660590 0.700231 0.660156 0.699653 0.659505 0.699363 0.658637 0.698785 0.658203 0.698785 0.657769 0.696759 0.655816 0.695023 0.653429 0.692708 0.651259 0.691551 0.649523 0.691262 0.648438 0.690104 0.646918 0.688368 0.645833 0.686343 0.645616 0.685764 0.645182 0.685185 0.645182 0.684606 0.644748 0.684028 0.644748 0.680556 0.643446
0 0.762442 0.640408 0.762442 0.640625 0.761863 0.641276 0.761863 0.641927 0.762153 0.642144 0.762153 0.642361 0.762442 0.642578 0.762442 0.642795 0.763021 0.643229 0.763310 0.643229 0.763889 0.643663 0.764178 0.643663 0.764468 0.643880 0.764757 0.643880 0.765336 0.644314 0.765625 0.644314 0.765914 0.644531 0.766204 0.644531 0.766782 0.644965 0.767361 0.644965 0.767940 0.645399 0.768229 0.645399 0.768519 0.645616 0.768808 0.645616 0.769387 0.646050 0.769676 0.646050 0.769965 0.646267 0.770255 0.646267 0.770833 0.646701 0.771123 0.646701 0.771412 0.646918 0.771701 0.646918 0.772280 0.647352 0.772569 0.647352 0.773148 0.647786 0.773727 0.647786 0.774016 0.648003 0.775752 0.648003 0.776042 0.647786 0.776042 0.647569 0.776620 0.647135 0.776620 0.646050 0.776331 0.645833 0.776331 0.645399 0.776042 0.645182 0.776042 0.644531 0.776331 0.644314 0.776331 0.643663 0.776042 0.643446 0.776042 0.643229 0.774884 0.642361 0.774306 0.642361 0.773727 0.641927 0.773438 0.641927 0.772859 0.641493 0.772280 0.641493 0.771991 0.641276 0.771701 0.641276 0.771123 0.640842 0.770833 0.640842 0.770544 0.640625 0.770255 0.640625 0.769676 0.640191 0.769387 0.640191 0.768808 0.639757 0.768519 0.639757 0.768229 0.639540 0.767940 0.639540 0.767650 0.639323 0.767361 0.639323 0.766782 0.638889 0.766493 0.638889 0.765625 0.639323 0.765046 0.639323 0.764178 0.639974 0.763889 0.639974 0.763600 0.640191 0.763021 0.640191 0.762731 0.640408
0 0.387442 0.506293 0.385706 0.507812 0.385706 0.508464 0.385127 0.508898 0.385417 0.509115 0.384838 0.509332 0.384259 0.511719 0.383681 0.512153 0.383102 0.513455 0.382523 0.516493 0.382812 0.517144 0.382523 0.517361 0.382523 0.519748 0.381655 0.522786 0.381655 0.525174 0.381076 0.526259 0.381076 0.528646 0.381655 0.529731 0.381076 0.534505 0.381655 0.535590 0.381655 0.537977 0.382234 0.539062 0.382523 0.541450 0.383970 0.542969 0.384259 0.544054 0.385995 0.546441 0.387442 0.547309 0.389757 0.547526 0.390914 0.546441 0.391204 0.545139 0.388021 0.538628 0.388310 0.534722 0.387442 0.532335 0.387731 0.531467 0.387731 0.525391 0.387153 0.524740 0.387153 0.523220 0.386863 0.523003 0.387153 0.522786 0.386863 0.522569 0.386863 0.521050 0.387153 0.520833 0.386863 0.520616 0.387153 0.519965 0.386863 0.516059 0.387442 0.514323 0.387442 0.512370 0.388021 0.511068 0.388600 0.510634 0.388600 0.509766 0.389178 0.509332 0.389757 0.507378 0.389178 0.506510
0 0.627025 0.444010 0.626736 0.444010 0.626447 0.443793 0.625579 0.443793 0.625289 0.444010 0.625000 0.444010 0.623553 0.445095 0.623553 0.445312 0.621528 0.447049 0.621528 0.447266 0.620660 0.447917 0.620370 0.447917 0.620370 0.448134 0.620081 0.448351 0.619792 0.448351 0.618634 0.449219 0.618056 0.449219 0.618056 0.449436 0.617188 0.450087 0.617188 0.450304 0.616898 0.450521 0.616898 0.450955 0.616319 0.451389 0.616030 0.451389 0.616030 0.451606 0.615451 0.452040 0.615162 0.452040 0.614294 0.452691 0.614005 0.452691 0.613137 0.453342 0.612847 0.453342 0.611979 0.453993 0.611690 0.453993 0.609375 0.455512 0.609375 0.455729 0.608796 0.456380 0.608796 0.457248 0.609954 0.458116 0.611690 0.458116 0.612269 0.457682 0.612558 0.457682 0.614873 0.455946 0.615162 0.455946 0.615741 0.455512 0.616609 0.455295 0.619502 0.453125 0.619502 0.452908 0.619792 0.452691 0.620081 0.452691 0.620081 0.452257 0.620949 0.451606 0.620949 0.451389 0.621238 0.451172 0.621528 0.451172 0.624711 0.448785 0.624711 0.448568 0.625579 0.448134 0.625579 0.447917 0.627315 0.446181 0.627315 0.445747 0.627604 0.445530 0.627604 0.444661
0 0.655093 0.426432 0.654803 0.426432 0.654514 0.426215 0.652778 0.426215 0.652488 0.426432 0.651042 0.426432 0.650752 0.426649 0.650463 0.426649 0.650174 0.426866 0.649884 0.426866 0.649595 0.427083 0.649306 0.427083 0.649306 0.427300 0.648438 0.427951 0.648148 0.427951 0.648148 0.428385 0.647280 0.429036 0.647280 0.429470 0.646991 0.429688 0.646991 0.429905 0.646701 0.430122 0.646701 0.431641 0.646991 0.431858 0.646991 0.432075 0.647569 0.432509 0.647859 0.432509 0.648148 0.432726 0.648727 0.432726 0.649016 0.432509 0.649306 0.432509 0.650752 0.431424 0.650752 0.431207 0.651042 0.430990 0.651042 0.430773 0.651331 0.430556 0.651331 0.430339 0.653067 0.429036 0.653646 0.429036 0.653935 0.428819 0.654225 0.428819 0.654514 0.428602 0.654803 0.428602 0.655671 0.427951 0.655671 0.427083 0.655382 0.426866 0.655382 0.426649
0 0.649306 0.413411 0.648727 0.412760 0.647280 0.412543 0.645544 0.413628 0.643808 0.413845 0.643229 0.414714 0.640625 0.415582 0.638600 0.417535 0.630787 0.420356 0.622975 0.424479 0.618924 0.427083 0.612847 0.432726 0.612847 0.433811 0.615451 0.434896 0.614873 0.435330 0.599248 0.439453 0.599537 0.439887 0.598090 0.439887 0.597512 0.440538 0.589120 0.441623 0.580440 0.444444 0.573785 0.447917 0.573206 0.449219 0.574074 0.450521 0.575521 0.451389 0.580440 0.451172 0.580440 0.450738 0.581019 0.450955 0.581887 0.450087 0.586516 0.448134 0.590567 0.447700 0.591146 0.447049 0.601562 0.444227 0.602141 0.443576 0.605903 0.442274 0.610822 0.441189 0.616030 0.438368 0.627604 0.435981 0.628472 0.435330 0.628762 0.433594 0.631944 0.431858 0.635995 0.427300 0.643808 0.422092 0.649306 0.414931
0 0.679398 0.389757 0.677373 0.390191 0.673611 0.392795 0.671296 0.395399 0.671296 0.395833 0.670428 0.396918 0.665509 0.400608 0.663773 0.402778 0.663484 0.404514 0.663194 0.404731 0.663194 0.405816 0.663484 0.406033 0.663194 0.406250 0.663194 0.413845 0.662905 0.414062 0.663194 0.414497 0.663194 0.418837 0.662905 0.419054 0.662905 0.421658 0.664062 0.422526 0.669271 0.422092 0.671586 0.420573 0.672743 0.418837 0.673322 0.417101 0.674190 0.416233 0.678819 0.409288 0.679688 0.406684 0.679688 0.405382 0.680266 0.404731 0.680266 0.403646 0.681424 0.400825 0.681424 0.399089 0.681713 0.398872 0.681713 0.397569 0.682292 0.396050 0.682002 0.395616 0.682002 0.393229 0.681424 0.392144 0.681424 0.391276 0.680845 0.390408
0 0.704282 0.343750 0.702836 0.343533 0.697917 0.345269 0.697917 0.345486 0.697049 0.345920 0.695602 0.347222 0.695312 0.347222 0.693576 0.348958 0.693576 0.349392 0.692419 0.351128 0.691840 0.352865 0.690683 0.354601 0.690394 0.356120 0.688368 0.359158 0.688368 0.359592 0.687789 0.360460 0.687789 0.361111 0.687500 0.361328 0.687500 0.361979 0.687211 0.362196 0.687211 0.362847 0.686921 0.363064 0.686921 0.363715 0.686632 0.363932 0.686343 0.365668 0.686053 0.365885 0.686053 0.366970 0.686343 0.367405 0.687789 0.368490 0.688368 0.369358 0.689525 0.369792 0.691262 0.369792 0.691551 0.369575 0.692130 0.369575 0.693866 0.368273 0.695023 0.366753 0.695602 0.365017 0.696181 0.364366 0.696470 0.362196 0.696759 0.361979 0.696759 0.361111 0.697049 0.360894 0.697338 0.359592 0.698785 0.357422 0.698785 0.356988 0.700231 0.355252 0.700231 0.354818 0.701389 0.352648 0.701678 0.350911 0.701968 0.350694 0.702257 0.349609 0.704861 0.345486 0.704861 0.344401
0 0.420139 0.014974 0.419560 0.015625 0.419560 0.016493 0.419850 0.016710 0.419850 0.017144 0.420718 0.017795 0.420718 0.018012 0.421296 0.018446 0.421296 0.018663 0.422454 0.019531 0.422454 0.019748 0.422743 0.019965 0.423032 0.019965 0.424769 0.021267 0.424769 0.021484 0.425347 0.021918 0.425347 0.022135 0.425926 0.022569 0.426215 0.023220 0.427083 0.023872 0.427083 0.024089 0.427951 0.024740 0.428819 0.024957 0.429398 0.025391 0.429688 0.025391 0.431134 0.026042 0.432002 0.026042 0.432292 0.026259 0.433160 0.026259 0.433449 0.026042 0.433738 0.026042 0.434896 0.025174 0.435475 0.023872 0.435185 0.023655 0.435185 0.023220 0.434896 0.023003 0.434896 0.022352 0.434606 0.022135 0.434606 0.021701 0.434317 0.021484 0.434317 0.021050 0.434028 0.020833 0.434028 0.020182 0.433738 0.019965 0.433449 0.019314 0.433160 0.019097 0.432870 0.019097 0.430556 0.017361 0.430266 0.017361 0.429688 0.016927 0.428819 0.016710 0.428241 0.016276 0.427951 0.016276 0.427373 0.015842 0.427083 0.015842 0.426505 0.015408 0.426215 0.015408 0.425347 0.014974 0.424769 0.014974 0.424479 0.014757 0.423900 0.014757 0.423611 0.014540 0.423032 0.014540 0.422743 0.014323 0.422164 0.014323 0.421875 0.014540 0.421296 0.014540 0.421007 0.014757