0 0.603516 0.917824 0.603516 0.918403 0.601997 0.920139 0.601562 0.922164 0.603082 0.924769 0.603950 0.929398 0.603733 0.930556 0.606771 0.938368 0.610677 0.944734 0.613715 0.951968 0.617188 0.958623 0.619575 0.961806 0.621528 0.969039 0.625000 0.975694 0.629774 0.980324 0.631944 0.983507 0.633898 0.984664 0.634983 0.987847 0.636068 0.988137 0.636719 0.986979 0.636719 0.984375 0.634766 0.975694 0.634766 0.969618 0.633464 0.962095 0.633898 0.961806 0.633030 0.959491 0.626085 0.949363 0.623915 0.944444 0.620226 0.939815 0.616753 0.936632 0.612630 0.928241 0.607422 0.922454 0.605252 0.918113
0 0.575521 0.798322 0.574870 0.797454 0.574219 0.797454 0.574002 0.797164 0.573568 0.797164 0.573351 0.797454 0.572266 0.797743 0.571615 0.798611 0.570964 0.798900 0.570095 0.800058 0.569878 0.800058 0.569227 0.801215 0.567925 0.802083 0.567491 0.802662 0.566189 0.803241 0.565755 0.803819 0.565321 0.803819 0.564670 0.804398 0.564236 0.804398 0.562500 0.805556 0.561632 0.805556 0.561415 0.805845 0.560981 0.805845 0.560547 0.806424 0.559462 0.806424 0.559245 0.806713 0.558594 0.806713 0.557292 0.807581 0.556858 0.807581 0.556207 0.808449 0.555990 0.809028 0.555990 0.809896 0.556641 0.811053 0.557075 0.811053 0.557292 0.811343 0.558160 0.811343 0.558377 0.811053 0.559896 0.811053 0.560113 0.810764 0.561198 0.810475 0.561849 0.809896 0.562500 0.809896 0.562717 0.809606 0.563151 0.809606 0.563368 0.809317 0.563802 0.809317 0.564019 0.809028 0.564453 0.809028 0.564670 0.808738 0.565104 0.808738 0.565321 0.808449 0.566406 0.808160 0.567057 0.807581 0.567925 0.807581 0.568142 0.807292 0.568576 0.807292 0.569010 0.806713 0.569661 0.806424 0.569878 0.805845 0.570530 0.805845 0.570964 0.805266 0.571181 0.805266 0.570964 0.804977 0.571398 0.804398 0.571615 0.804398 0.571615 0.803819 0.571832 0.803530 0.573134 0.802662 0.574653 0.800926 0.575304 0.800637 0.575521 0.800347
0 0.536458 0.788773 0.535807 0.787905 0.535590 0.787326 0.535156 0.787326 0.534939 0.787037 0.534071 0.787037 0.532769 0.787905 0.531901 0.789062 0.531467 0.789352 0.531033 0.789352 0.530816 0.789641 0.530165 0.789641 0.529948 0.789931 0.529514 0.789931 0.529297 0.790220 0.528863 0.790220 0.528646 0.790509 0.528212 0.790509 0.527344 0.791088 0.526693 0.791088 0.526259 0.791667 0.525391 0.791667 0.524740 0.792245 0.524306 0.792245 0.524089 0.792535 0.523438 0.792535 0.523220 0.792824 0.522786 0.792824 0.521484 0.793692 0.520833 0.793692 0.520616 0.793981 0.519965 0.793981 0.519748 0.794271 0.518663 0.794560 0.518229 0.794850 0.517578 0.795718 0.517361 0.795718 0.517361 0.797164 0.517795 0.797743 0.517795 0.798032 0.518229 0.798322 0.518663 0.798322 0.518880 0.798611 0.520833 0.798611 0.521918 0.797743 0.522569 0.797743 0.522786 0.797454 0.523438 0.797454 0.523655 0.797743 0.524089 0.797743 0.524306 0.797454 0.526259 0.797164 0.526476 0.796875 0.526910 0.796875 0.527778 0.796296 0.528646 0.796296 0.528863 0.796007 0.529948 0.796007 0.530165 0.795718 0.531033 0.795718 0.531250 0.795139 0.531684 0.795428 0.532552 0.794850 0.533203 0.794850 0.533854 0.794271 0.534505 0.794271 0.534939 0.793981 0.534939 0.793692 0.535373 0.793113 0.535590 0.793403 0.535590 0.792824 0.536241 0.791088 0.536024 0.790509 0.536458 0.789641
0 0.587891 0.776620 0.587023 0.775752 0.585503 0.775752 0.584852 0.776910 0.584635 0.776910 0.584418 0.777199 0.583984 0.777199 0.583984 0.777488 0.583767 0.777778 0.583550 0.777778 0.583116 0.778356 0.582899 0.778356 0.581814 0.779803 0.581163 0.780093 0.581163 0.780382 0.580512 0.781250 0.579861 0.781539 0.579427 0.782118 0.579427 0.782407 0.578559 0.783565 0.578342 0.784433 0.577474 0.785880 0.577040 0.787326 0.575304 0.789641 0.574219 0.790220 0.572917 0.791956 0.572917 0.793692 0.573568 0.794271 0.574002 0.794271 0.574219 0.794560 0.574436 0.794560 0.574653 0.794271 0.575955 0.794271 0.576172 0.793981 0.576606 0.793981 0.577040 0.793403 0.577691 0.793113 0.578559 0.791956 0.578993 0.790509 0.579644 0.789641 0.579861 0.788773 0.580295 0.788194 0.580512 0.787326 0.581163 0.786458 0.581163 0.786169 0.582899 0.783854 0.583116 0.783854 0.583116 0.783565 0.583333 0.783275 0.583550 0.783275 0.584418 0.782118 0.584635 0.782118 0.585720 0.780961 0.586372 0.780671 0.586806 0.780093 0.587023 0.780093 0.587240 0.779803 0.587674 0.779803 0.587891 0.779514 0.587891 0.779225 0.588108 0.778935 0.588108 0.777199 0.587891 0.776910
0 0.543837 0.771412 0.543837 0.772280 0.544054 0.772569 0.544054 0.774595 0.543837 0.774884 0.543837 0.776042 0.543620 0.776331 0.543620 0.776620 0.543837 0.776620 0.544488 0.777488 0.544922 0.777488 0.545139 0.777778 0.545356 0.777778 0.545573 0.778067 0.546007 0.778067 0.546224 0.778356 0.546441 0.778356 0.546658 0.778646 0.547092 0.778646 0.547309 0.778935 0.547743 0.778935 0.547960 0.779225 0.548394 0.779225 0.548611 0.779514 0.548828 0.779514 0.549045 0.779803 0.549479 0.779803 0.549696 0.780093 0.549913 0.780093 0.550130 0.780382 0.550564 0.780382 0.550781 0.780671 0.552300 0.780671 0.552517 0.780382 0.552734 0.780382 0.553385 0.779514 0.553385 0.779225 0.553602 0.778935 0.553602 0.777199 0.553385 0.776910 0.553385 0.776620 0.552734 0.775752 0.552517 0.775752 0.552300 0.775463 0.552083 0.775463 0.551866 0.775174 0.551649 0.775174 0.550998 0.774306 0.550564 0.774306 0.550130 0.773727 0.549913 0.773727 0.549696 0.773438 0.549479 0.773438 0.549262 0.773148 0.549045 0.773148 0.548394 0.772280 0.548177 0.772280 0.547743 0.771701 0.547526 0.771701 0.547309 0.771412 0.547092 0.771412 0.546658 0.770833 0.546224 0.770833 0.546007 0.770544 0.544705 0.770544 0.544488 0.770833 0.544271 0.770833
0 0.720052 0.745949 0.720052 0.746528 0.720703 0.747396 0.720703 0.747975 0.720920 0.748264 0.720920 0.748553 0.721137 0.748843 0.721137 0.749421 0.721571 0.750000 0.721788 0.750000 0.722222 0.750579 0.722439 0.750579 0.722873 0.751157 0.723090 0.751157 0.723524 0.751736 0.723741 0.751736 0.723958 0.752025 0.724175 0.752025 0.724392 0.752315 0.724609 0.752315 0.724826 0.752604 0.725043 0.752604 0.725260 0.752894 0.725477 0.752894 0.725694 0.753183 0.725911 0.753183 0.726128 0.753472 0.726562 0.753472 0.726780 0.753762 0.727214 0.753183 0.727865 0.753183 0.728082 0.752894 0.728299 0.752894 0.728733 0.752315 0.728950 0.752315 0.729601 0.751447 0.729601 0.750289 0.729384 0.750000 0.729384 0.749711 0.729167 0.749711 0.728950 0.749421 0.728733 0.749421 0.728516 0.749132 0.728082 0.749132 0.727865 0.748843 0.727431 0.748843 0.727214 0.748553 0.726997 0.748553 0.726780 0.748264 0.726345 0.748264 0.725477 0.747106 0.725260 0.747106 0.724392 0.745949 0.724175 0.745949 0.723741 0.745370 0.723090 0.745370 0.722873 0.745081 0.722656 0.745081 0.722439 0.744792 0.720920 0.744792 0.720703 0.745081 0.720486 0.745081 0.720269 0.745370 0.720269 0.745660
0 0.685764 0.730903 0.686415 0.731771 0.686632 0.731771 0.686849 0.732060 0.690104 0.732060 0.690321 0.731771 0.691406 0.731771 0.691840 0.731192 0.692491 0.731192 0.692708 0.730903 0.692925 0.730903 0.693142 0.730613 0.693359 0.730613 0.693793 0.730035 0.693793 0.729745 0.694227 0.729167 0.694010 0.728877 0.694010 0.728588 0.693359 0.727720 0.692491 0.727720 0.692274 0.727431 0.691623 0.727431 0.691406 0.727141 0.689019 0.727141 0.688802 0.726852 0.687934 0.726852 0.687717 0.726562 0.686632 0.726562 0.686415 0.726852 0.686198 0.726852 0.685981 0.727141 0.685981 0.727431 0.686198 0.727720 0.685981 0.728009 0.685981 0.729167 0.685764 0.729456
0 0.710286 0.721644 0.710069 0.721354 0.710069 0.721065 0.709418 0.720197 0.708984 0.720197 0.708767 0.719907 0.707682 0.719907 0.707465 0.720197 0.706380 0.720197 0.706163 0.720486 0.705946 0.720197 0.704210 0.720197 0.704210 0.720486 0.703993 0.720775 0.703559 0.720775 0.703342 0.721065 0.703125 0.721065 0.702908 0.721354 0.700738 0.721354 0.700087 0.722222 0.700087 0.722512 0.699870 0.722801 0.699870 0.723669 0.700087 0.723958 0.700087 0.724248 0.700738 0.725116 0.701172 0.725116 0.701389 0.725405 0.702040 0.725405 0.702257 0.725694 0.702691 0.725694 0.702908 0.725984 0.705295 0.725984 0.705512 0.725694 0.705946 0.725694 0.706163 0.725405 0.706380 0.725405 0.706597 0.725116 0.706814 0.725116 0.707031 0.724826 0.707465 0.724826 0.707682 0.724537 0.708116 0.724537 0.708333 0.724248 0.708984 0.724248 0.709201 0.723958 0.709418 0.723958 0.709852 0.723380 0.710069 0.723380 0.710069 0.722801 0.710286 0.722512
0 0.831163 0.717014 0.829210 0.717014 0.825087 0.734375 0.822266 0.739583 0.819444 0.747975 0.816840 0.752025 0.813585 0.754630 0.809245 0.763600 0.804470 0.768519 0.799045 0.778356 0.792535 0.783854 0.786241 0.792245 0.771701 0.800926 0.765625 0.807002 0.759549 0.809317 0.750217 0.815683 0.745660 0.820312 0.739149 0.822917 0.738498 0.825231 0.739583 0.825810 0.746745 0.822917 0.751736 0.817998 0.755859 0.815972 0.759983 0.812211 0.769097 0.807581 0.770833 0.807870 0.781250 0.800637 0.789931 0.796875 0.792752 0.794271 0.802734 0.780961 0.806207 0.773438 0.815104 0.763310 0.816840 0.758681 0.823568 0.749711 0.824653 0.744792 0.828559 0.735822 0.831380 0.721933
0 0.384766 0.711227 0.384766 0.712963 0.385417 0.714699 0.385417 0.716146 0.385634 0.716435 0.385634 0.717303 0.385851 0.717593 0.386285 0.719907 0.386719 0.720775 0.387153 0.721065 0.386936 0.721644 0.387153 0.721354 0.387587 0.722222 0.387370 0.723090 0.387587 0.723380 0.387804 0.724826 0.388238 0.725694 0.388455 0.727431 0.388889 0.728299 0.388889 0.729456 0.389323 0.730035 0.389323 0.730613 0.390625 0.733796 0.391927 0.735243 0.392144 0.735243 0.392361 0.735822 0.392795 0.735822 0.393229 0.736400 0.393012 0.736111 0.393446 0.735822 0.394314 0.736690 0.396050 0.736690 0.396918 0.737269 0.398003 0.737269 0.398438 0.736979 0.398655 0.737269 0.399089 0.736690 0.399089 0.736111 0.399306 0.735822 0.399089 0.735243 0.399089 0.734375 0.398655 0.733796 0.397569 0.730903 0.397135 0.730324 0.397135 0.729745 0.395616 0.725984 0.395616 0.725405 0.395182 0.724826 0.394965 0.723669 0.394531 0.723090 0.394531 0.722222 0.393229 0.719618 0.392578 0.717593 0.392361 0.717593 0.392144 0.717303 0.392144 0.716725 0.391710 0.716435 0.391493 0.715567 0.391059 0.714988 0.390842 0.713831 0.390408 0.713252 0.389757 0.711516 0.389106 0.710648 0.388889 0.710648 0.388672 0.710069 0.388021 0.710069 0.387804 0.709780 0.387587 0.710069 0.387153 0.709780 0.386285 0.710069 0.385634 0.710648 0.384983 0.711806
0 0.893663 0.708333 0.894097 0.709780 0.893663 0.710359 0.894531 0.711227 0.898655 0.711227 0.901693 0.712095 0.904731 0.712095 0.905599 0.712674 0.908854 0.712095 0.909722 0.712963 0.913194 0.713252 0.912109 0.712963 0.912109 0.712384 0.930773 0.712095 0.931858 0.711516 0.935764 0.711516 0.936849 0.710938 0.940755 0.710648 0.942057 0.710069 0.945530 0.710359 0.946615 0.709491 0.946615 0.708044 0.945095 0.706887 0.906467 0.706887 0.904297 0.706308 0.901693 0.706887 0.894748 0.706887
0 0.367622 0.695602 0.365885 0.695023 0.362413 0.698206 0.361545 0.699653 0.353082 0.705440 0.345269 0.708333 0.339627 0.712963 0.331163 0.718461 0.325521 0.721354 0.322917 0.723669 0.321181 0.727141 0.315538 0.730613 0.314236 0.733507 0.314453 0.734086 0.315755 0.734664 0.316840 0.734375 0.319444 0.732060 0.322700 0.730324 0.324219 0.728009 0.326389 0.726852 0.331597 0.726562 0.333767 0.727720 0.337457 0.727431 0.346137 0.721933 0.348958 0.719329 0.351562 0.718171 0.355903 0.713252 0.356988 0.710938 0.361111 0.705729 0.366102 0.701389 0.367839 0.697917
0 0.755425 0.547164 0.754774 0.546296 0.753255 0.546007 0.749349 0.548322 0.741753 0.557002 0.741536 0.556713 0.738715 0.558160 0.734375 0.561632 0.731120 0.564815 0.728299 0.568576 0.721354 0.575810 0.719618 0.580729 0.715278 0.589699 0.715495 0.592303 0.717014 0.592882 0.718316 0.591435 0.721137 0.589988 0.724826 0.585938 0.726780 0.582176 0.736545 0.576968 0.737630 0.575231 0.737630 0.574074 0.736545 0.571759 0.739583 0.567130 0.747613 0.559896 0.750217 0.555556 0.754991 0.549769
0 0.564019 0.506076 0.563151 0.505208 0.561849 0.505208 0.555773 0.509259 0.553602 0.512153 0.552517 0.513021 0.549045 0.514757 0.545356 0.517650 0.545139 0.517361 0.543403 0.519387 0.541233 0.520544 0.539714 0.522280 0.539062 0.522280 0.534288 0.527199 0.533854 0.527199 0.534071 0.527488 0.527778 0.531539 0.527561 0.532407 0.527127 0.532407 0.525608 0.534144 0.525608 0.535880 0.526042 0.536748 0.527778 0.537616 0.529514 0.537326 0.531684 0.536169 0.533854 0.535880 0.537109 0.532986 0.537977 0.532697 0.538194 0.532118 0.538628 0.532407 0.541233 0.530671 0.543620 0.528356 0.547526 0.522859 0.550130 0.520544 0.552083 0.519676 0.557292 0.515914 0.561632 0.509838 0.564019 0.507812 0.564236 0.506944
0 0.499566 0.405093 0.499349 0.405671 0.500217 0.406829 0.501085 0.407118 0.504991 0.410012 0.506510 0.411748 0.510200 0.414641 0.513889 0.418113 0.514540 0.418403 0.516927 0.421007 0.518229 0.421875 0.518880 0.422743 0.520399 0.426794 0.520833 0.427373 0.521050 0.428241 0.520833 0.428819 0.521267 0.429398 0.522135 0.432002 0.523003 0.433160 0.523655 0.433160 0.524089 0.432581 0.524523 0.432870 0.524957 0.432292 0.525391 0.430266 0.525174 0.429977 0.525174 0.428241 0.524740 0.426505 0.524740 0.421296 0.524089 0.419560 0.524089 0.418692 0.522352 0.414931 0.520182 0.413194 0.519097 0.412905 0.516710 0.411169 0.515191 0.408854 0.514757 0.407407 0.513672 0.405961 0.512153 0.404514 0.510634 0.403646 0.509549 0.403646 0.508030 0.403067 0.507378 0.403356 0.506727 0.403067 0.503472 0.403067 0.501519 0.403935 0.500651 0.403935
0 0.423394 0.380498 0.422092 0.383102 0.422309 0.383970 0.421658 0.385417 0.421658 0.388600 0.422092 0.390625 0.424696 0.396701 0.426215 0.403646 0.427083 0.405382 0.429905 0.408854 0.434679 0.419271 0.435547 0.419850 0.435547 0.421007 0.437500 0.425926 0.438585 0.427373 0.440104 0.431134 0.442491 0.433738 0.444878 0.442708 0.446181 0.444155 0.447266 0.443287 0.447700 0.443576 0.447700 0.439815 0.446832 0.437500 0.447049 0.436921 0.445964 0.434317 0.445964 0.433160 0.444878 0.429688 0.444878 0.427951 0.444227 0.426215 0.444227 0.414931 0.442491 0.406539 0.438585 0.398727 0.436632 0.391782 0.435113 0.388021 0.431424 0.381655 0.429688 0.379630 0.427300 0.379630 0.425130 0.380787
0 0.455295 0.371238 0.455295 0.372685 0.456163 0.373843 0.458984 0.373843 0.459201 0.374132 0.459635 0.374132 0.460069 0.374711 0.466580 0.374711 0.466797 0.374421 0.467014 0.374421 0.467665 0.373553 0.467665 0.372975 0.467882 0.372685 0.467665 0.372396 0.467665 0.371817 0.467014 0.370949 0.465929 0.370949 0.465712 0.370660 0.465495 0.370660 0.464844 0.369792 0.464627 0.369792 0.464410 0.369502 0.463976 0.369502 0.463759 0.369213 0.457899 0.369213 0.457682 0.369502 0.457031 0.369502 0.456597 0.370081 0.456380 0.370081 0.456163 0.370370 0.455946 0.370370
0 0.338108 0.357639 0.338108 0.358507 0.338325 0.358796 0.338325 0.359086 0.338542 0.359375 0.338759 0.359375 0.338976 0.359664 0.339410 0.359664 0.339627 0.359954 0.340061 0.359954 0.340278 0.360243 0.341146 0.360243 0.341363 0.360532 0.344618 0.360532 0.344835 0.360243 0.345269 0.360243 0.345486 0.360532 0.345703 0.360243 0.346788 0.360243 0.347005 0.359954 0.348741 0.359954 0.348958 0.359664 0.349175 0.359664 0.349392 0.359375 0.349609 0.359375 0.349826 0.359086 0.349826 0.358796 0.350043 0.358507 0.350043 0.357639 0.349826 0.357350 0.349826 0.357060 0.349392 0.356481 0.348958 0.356481 0.348741 0.356192 0.344184 0.356192 0.343967 0.355903 0.343750 0.355903 0.343533 0.356192 0.340929 0.356192 0.340712 0.356481 0.338976 0.356481
0 0.336155 0.348669 0.335720 0.348090 0.335503 0.348090 0.335286 0.347801 0.333984 0.347801 0.333767 0.348090 0.333333 0.348090 0.333116 0.348380 0.332899 0.348380 0.332248 0.348958 0.331163 0.348958 0.330946 0.349248 0.330512 0.349248 0.330295 0.349537 0.330078 0.349537 0.329861 0.349826 0.329644 0.349826 0.329427 0.350116 0.329210 0.350116 0.328559 0.350694 0.328125 0.350694 0.327908 0.350984 0.327691 0.350984 0.327474 0.351273 0.327040 0.351273 0.326389 0.351852 0.325955 0.351852 0.325738 0.352141 0.325304 0.352141 0.325087 0.352431 0.324653 0.352431 0.323785 0.353588 0.323785 0.355035 0.324436 0.355903 0.324436 0.356192 0.324653 0.356192 0.324870 0.356481 0.324870 0.356771 0.325087 0.356771 0.325304 0.357060 0.325738 0.357060 0.325955 0.357350 0.326172 0.357060 0.326823 0.357060 0.327040 0.356771 0.327257 0.356771 0.327908 0.356192 0.328342 0.356192 0.328993 0.355613 0.329644 0.355613 0.329861 0.355324 0.330729 0.355324 0.330946 0.355035 0.331163 0.355035 0.331814 0.354456 0.332248 0.354456 0.332465 0.354167 0.332682 0.354167 0.332899 0.353877 0.333116 0.353877 0.333550 0.353299 0.333767 0.353299 0.333767 0.353009 0.334852 0.351562 0.335069 0.351562 0.335503 0.350984 0.335720 0.350984 0.336155 0.350116
0 0.447700 0.355324 0.447266 0.352141 0.445964 0.348669 0.444227 0.346644 0.438151 0.344907 0.434896 0.344907 0.428819 0.343171 0.426866 0.342014 0.424045 0.342303 0.419922 0.345775 0.418186 0.346644 0.407986 0.346644 0.401693 0.344907 0.398438 0.344907 0.393229 0.347222 0.391927 0.349248 0.392361 0.351273 0.393880 0.354167 0.397352 0.359086 0.399740 0.359664 0.400825 0.359086 0.406467 0.358796 0.408203 0.361111 0.409288 0.361690 0.413845 0.361690 0.416450 0.360822 0.418620 0.360822 0.425347 0.357350 0.434679 0.357350 0.435981 0.356771 0.440538 0.356771 0.445964 0.357928 0.447266 0.356771
0 0.542101 0.247106 0.539280 0.247106 0.538411 0.246528 0.534722 0.246528 0.534071 0.247106 0.533637 0.246817 0.532769 0.248843 0.532552 0.250868 0.531901 0.252025 0.531901 0.255498 0.531684 0.255787 0.531684 0.256655 0.531033 0.257812 0.531033 0.259549 0.530816 0.260127 0.531250 0.260706 0.531250 0.261285 0.530599 0.262731 0.530382 0.262442 0.530599 0.262731 0.530165 0.264178 0.529731 0.264757 0.529514 0.266782 0.528212 0.269965 0.528212 0.270833 0.527995 0.271123 0.528212 0.272859 0.527344 0.274595 0.527344 0.276331 0.527561 0.276620 0.527344 0.277199 0.527344 0.279514 0.527778 0.280382 0.528863 0.280671 0.529297 0.280093 0.529731 0.280093 0.529731 0.279803 0.531684 0.277488 0.532986 0.274016 0.533203 0.272280 0.534505 0.268808 0.534505 0.268229 0.536458 0.263889 0.536458 0.263310 0.537977 0.259259 0.537977 0.258681 0.538411 0.258102 0.539497 0.255208 0.540148 0.254630 0.540365 0.254919 0.540799 0.254340 0.541667 0.252315 0.542101 0.252025 0.543186 0.249711 0.543186 0.247975 0.542535 0.247685
0 0.981554 0.177373 0.981120 0.176794 0.980035 0.176505 0.975260 0.179977 0.968750 0.186053 0.964627 0.192130 0.963325 0.193287 0.961806 0.193866 0.958333 0.196759 0.956163 0.199653 0.953993 0.204572 0.953125 0.205729 0.950955 0.207176 0.949870 0.208623 0.949870 0.210359 0.950521 0.211227 0.951606 0.211516 0.955729 0.208912 0.956814 0.208623 0.958550 0.207176 0.960503 0.203704 0.962457 0.201100 0.966363 0.197338 0.970052 0.192708 0.973307 0.186921 0.974826 0.184896 0.980469 0.180556 0.981554 0.179109
0 0.552734 0.175637 0.551866 0.175926 0.550998 0.177083 0.550564 0.178530 0.549696 0.180266 0.549479 0.181424 0.548177 0.183738 0.547960 0.185185 0.547309 0.186632 0.547092 0.188368 0.546441 0.189525 0.546224 0.191262 0.545790 0.192130 0.545573 0.193287 0.545139 0.193866 0.545139 0.194734 0.544271 0.197049 0.544054 0.198785 0.543837 0.199074 0.543837 0.199653 0.543403 0.200810 0.543403 0.201678 0.542969 0.202836 0.542969 0.203704 0.542535 0.205150 0.542535 0.207465 0.543620 0.208044 0.544054 0.207755 0.546007 0.210069 0.546875 0.210069 0.547092 0.209780 0.547526 0.209780 0.547960 0.209201 0.548394 0.208044 0.548394 0.207176 0.549045 0.205440 0.549045 0.202836 0.549262 0.202546 0.549262 0.201100 0.549696 0.199653 0.549696 0.194155 0.549913 0.193866 0.549913 0.192708 0.550130 0.192419 0.550130 0.191551 0.550564 0.190394 0.550781 0.188079 0.550998 0.187789 0.551215 0.186343 0.551866 0.184896 0.551866 0.184028 0.552300 0.182870 0.552300 0.181713 0.552734 0.181134 0.553168 0.179977 0.553168 0.179398 0.553602 0.178530 0.553602 0.176505
0 0.910807 0.155961 0.909288 0.155671 0.906467 0.158854 0.903646 0.159144 0.899523 0.163773 0.899089 0.164931 0.893663 0.168403 0.891493 0.170428 0.886936 0.176794 0.881510 0.179977 0.877604 0.183449 0.875217 0.188368 0.873698 0.190394 0.870660 0.192708 0.868490 0.195602 0.865668 0.201100 0.865234 0.203414 0.861979 0.206308 0.862196 0.208912 0.864149 0.209491 0.865885 0.209201 0.869358 0.207176 0.874349 0.206308 0.877604 0.207176 0.885634 0.206887 0.887153 0.206019 0.888889 0.202546 0.889757 0.199074 0.892578 0.193866 0.894965 0.186053 0.900608 0.177373 0.902127 0.172164 0.904080 0.168113 0.907769 0.163773 0.910807 0.158565
0 0.999783 0.093171 0.994575 0.093461 0.988932 0.095775 0.981771 0.097801 0.979818 0.099248 0.976128 0.103588 0.970052 0.105903 0.965278 0.109086 0.959635 0.111979 0.955946 0.115741 0.955512 0.117766 0.956814 0.118924 0.964627 0.114294 0.969835 0.112269 0.971137 0.112847 0.977214 0.112558 0.988064 0.115451 0.992405 0.118634 0.994792 0.119792 0.999132 0.120081 0.999783 0.119502