0 0.845486 0.817274 0.844907 0.815972 0.844329 0.815538 0.844618 0.815321 0.843461 0.814236 0.843171 0.813585 0.842303 0.812934 0.842303 0.812500 0.842014 0.812500 0.840567 0.811198 0.839410 0.810981 0.839120 0.811198 0.838252 0.811198 0.837095 0.811849 0.835648 0.811849 0.833623 0.812500 0.832465 0.812500 0.831887 0.812934 0.830440 0.812934 0.828704 0.813585 0.827546 0.813585 0.826100 0.814236 0.824653 0.814236 0.822049 0.814887 0.818866 0.815104 0.816262 0.815972 0.814815 0.815972 0.813368 0.816406 0.811632 0.816406 0.811343 0.816623 0.809606 0.816840 0.809028 0.817274 0.808160 0.817491 0.807002 0.818359 0.807002 0.819227 0.807870 0.819878 0.811343 0.820095 0.813079 0.820530 0.814236 0.820312 0.814525 0.820530 0.816262 0.820747 0.816551 0.820964 0.816262 0.821181 0.817998 0.821398 0.818287 0.821615 0.819444 0.821615 0.819734 0.821832 0.821181 0.821398 0.823206 0.821398 0.823495 0.821615 0.824363 0.821398 0.830150 0.821398 0.830440 0.821615 0.829861 0.821832 0.831019 0.821832 0.831597 0.821398 0.834780 0.821398 0.835069 0.821181 0.836516 0.821181 0.837963 0.820747 0.839699 0.820747 0.843750 0.819227 0.844907 0.818359
0 0.686343 0.726345 0.686632 0.727431 0.687500 0.728082 0.691262 0.729384 0.694444 0.731554 0.698785 0.733290 0.700810 0.734809 0.702836 0.735894 0.703414 0.735894 0.703704 0.736545 0.707755 0.738932 0.716435 0.741319 0.718750 0.742405 0.719618 0.742188 0.722222 0.743490 0.722801 0.744358 0.723958 0.744792 0.725984 0.746311 0.731192 0.748264 0.733507 0.748264 0.734664 0.747396 0.734954 0.744575 0.734375 0.743924 0.734086 0.742622 0.734375 0.742188 0.732639 0.740668 0.732060 0.739583 0.731481 0.739366 0.731771 0.739149 0.728588 0.736762 0.725984 0.735460 0.725116 0.735460 0.722222 0.734375 0.720486 0.733073 0.718171 0.732639 0.714410 0.730035 0.712674 0.729384 0.710938 0.729167 0.708044 0.727865 0.704861 0.727214 0.701389 0.726997 0.699942 0.726562 0.698785 0.726780 0.698495 0.726562 0.698785 0.726345 0.696759 0.726562 0.689815 0.725043 0.687789 0.725043
0 0.541088 0.722005 0.541088 0.722873 0.541667 0.723307 0.541667 0.723524 0.543692 0.725043 0.543692 0.725260 0.544560 0.725694 0.544560 0.725911 0.547164 0.727865 0.547164 0.728082 0.550347 0.730252 0.550637 0.730252 0.552951 0.731554 0.553530 0.731554 0.554977 0.732422 0.555266 0.732422 0.555556 0.732856 0.555845 0.732856 0.557292 0.733941 0.557870 0.735026 0.559606 0.736762 0.560764 0.737196 0.562500 0.737196 0.563947 0.736328 0.564236 0.735894 0.564236 0.735243 0.564525 0.735026 0.564525 0.734375 0.563947 0.733507 0.563657 0.733507 0.563079 0.733073 0.563079 0.732639 0.562789 0.732639 0.561632 0.731554 0.561343 0.731120 0.561632 0.730903 0.560764 0.730252 0.560764 0.730035 0.560185 0.729818 0.559896 0.729384 0.559028 0.728950 0.559028 0.728733 0.558738 0.728733 0.557581 0.727865 0.556713 0.727648 0.556134 0.727214 0.555556 0.727214 0.552951 0.725694 0.552083 0.725694 0.551505 0.725260 0.550058 0.725043 0.547743 0.723307 0.547743 0.722656 0.546875 0.722005 0.545718 0.721571 0.545139 0.721571 0.544850 0.721354 0.543113 0.721354 0.542824 0.721137 0.541956 0.721354
0 0.455440 0.706597 0.453704 0.707682 0.453414 0.709635 0.454861 0.711806 0.454572 0.716146 0.455729 0.717448 0.455150 0.719401 0.456019 0.722005 0.464699 0.733073 0.472801 0.745877 0.474537 0.746962 0.474826 0.749132 0.478009 0.752821 0.484086 0.764757 0.486111 0.771050 0.490741 0.776910 0.493345 0.781901 0.493345 0.781033 0.495370 0.783203 0.507523 0.805339 0.510127 0.808160 0.512731 0.808160 0.519387 0.798394 0.514178 0.784722 0.510417 0.781033 0.507234 0.774740 0.504340 0.771918 0.495081 0.753472 0.491030 0.748481 0.483507 0.734809 0.475694 0.726128 0.471933 0.717231 0.471933 0.712891 0.470197 0.707899 0.467593 0.706380
0 0.605613 0.687066 0.606481 0.688368 0.615162 0.694661 0.616319 0.696398 0.619213 0.698568 0.620949 0.700521 0.625579 0.703342 0.632234 0.708550 0.638021 0.711155 0.640336 0.711372 0.640914 0.710938 0.640914 0.709635 0.637442 0.707899 0.636574 0.707248 0.636863 0.707031 0.635417 0.706814 0.624421 0.698785 0.625000 0.698351 0.626736 0.698134 0.626447 0.697917 0.626736 0.697700 0.628472 0.697483 0.630787 0.697700 0.630208 0.697483 0.630498 0.697266 0.633102 0.697483 0.633391 0.697049 0.634549 0.697266 0.636285 0.695964 0.635995 0.694444 0.634838 0.694010 0.633102 0.694010 0.630498 0.694444 0.624421 0.694661 0.621528 0.695747 0.620370 0.695747 0.620081 0.695095 0.615451 0.690972 0.612558 0.689236 0.608796 0.686198 0.608218 0.685981 0.606481 0.686198
0 0.576968 0.667969 0.576968 0.669054 0.577546 0.669922 0.578414 0.670139 0.578993 0.670573 0.579861 0.670790 0.580440 0.671224 0.581308 0.671441 0.581887 0.671875 0.583044 0.672309 0.583912 0.672960 0.584201 0.673828 0.585069 0.675130 0.587384 0.676866 0.587674 0.676866 0.587963 0.677300 0.589120 0.677951 0.589120 0.678168 0.589410 0.678168 0.590567 0.679036 0.590856 0.679036 0.592014 0.679905 0.592303 0.679905 0.592593 0.680339 0.593750 0.680773 0.596644 0.682943 0.596933 0.682943 0.597222 0.683377 0.599248 0.683594 0.599537 0.683377 0.600116 0.683377 0.600694 0.682943 0.600694 0.682075 0.600405 0.681641 0.596065 0.678602 0.595775 0.678602 0.594907 0.677951 0.594618 0.677951 0.593750 0.677300 0.593461 0.677300 0.592303 0.676432 0.592014 0.676432 0.589988 0.674696 0.589988 0.674479 0.589120 0.674045 0.589120 0.673611 0.588542 0.673394 0.587674 0.672092 0.587674 0.671658 0.587095 0.671224 0.587095 0.671007 0.585359 0.669705 0.583623 0.669054 0.583044 0.668620 0.581019 0.667969 0.580440 0.667535 0.579861 0.667535 0.579572 0.667318 0.577836 0.667318
0 0.764468 0.590278 0.763889 0.590278 0.763600 0.590061 0.763600 0.589844 0.762442 0.589844 0.762153 0.589627 0.761285 0.589627 0.760995 0.589844 0.760127 0.589844 0.759549 0.590278 0.759259 0.590278 0.759259 0.590495 0.758970 0.590712 0.758681 0.590712 0.758681 0.590929 0.758391 0.591146 0.758102 0.591146 0.757523 0.591580 0.757234 0.591580 0.755787 0.592665 0.755787 0.592882 0.755498 0.593099 0.755498 0.593533 0.755208 0.593750 0.755208 0.595486 0.754919 0.595703 0.754919 0.596571 0.755208 0.596788 0.755208 0.597005 0.755787 0.597439 0.756076 0.597439 0.756366 0.597656 0.758391 0.597656 0.758681 0.597439 0.758970 0.597439 0.759259 0.597656 0.759549 0.597656 0.759838 0.597439 0.760127 0.597656 0.760417 0.597656 0.760706 0.597439 0.761574 0.597439 0.761863 0.597222 0.762153 0.597222 0.762442 0.597005 0.763021 0.597005 0.763600 0.596571 0.763600 0.596137 0.763889 0.595920 0.764178 0.595920 0.764468 0.595703 0.765046 0.595703 0.765914 0.595052 0.765914 0.594835 0.766204 0.594618 0.766204 0.593533 0.765914 0.593316 0.765914 0.592665 0.765625 0.592448 0.765625 0.591797 0.765336 0.591580 0.765336 0.591363 0.765046 0.591146 0.765046 0.590929 0.764757 0.590712 0.764757 0.590495
0 0.419560 0.558594 0.418403 0.558594 0.417245 0.559028 0.415509 0.560330 0.412037 0.564236 0.412037 0.564670 0.411458 0.564887 0.408565 0.568576 0.407407 0.569444 0.407407 0.569878 0.405961 0.571181 0.405093 0.572700 0.401042 0.576389 0.398148 0.580729 0.398148 0.581814 0.396991 0.583550 0.396701 0.585069 0.394965 0.588108 0.394965 0.589410 0.394387 0.590278 0.394676 0.591363 0.394387 0.597439 0.395255 0.598307 0.396123 0.598524 0.397280 0.598307 0.398438 0.597005 0.398438 0.590712 0.399884 0.586806 0.402488 0.581597 0.403646 0.580295 0.410301 0.576172 0.411748 0.574653 0.413773 0.570530 0.417245 0.566623 0.421296 0.560547 0.420718 0.559028
0 0.654803 0.544705 0.654225 0.545139 0.654225 0.546224 0.655382 0.548177 0.655961 0.550998 0.657407 0.552951 0.657407 0.553385 0.660012 0.555773 0.660880 0.557726 0.660590 0.557943 0.660880 0.558594 0.661748 0.559462 0.662037 0.561632 0.665220 0.564887 0.665509 0.565755 0.666667 0.567057 0.667535 0.567274 0.670139 0.569661 0.670428 0.570747 0.671296 0.571832 0.671296 0.572483 0.673900 0.574870 0.676215 0.574870 0.677662 0.573785 0.677951 0.572483 0.676794 0.569878 0.676794 0.568793 0.676215 0.568142 0.675926 0.565538 0.674769 0.563802 0.674479 0.562066 0.673322 0.559896 0.673032 0.555339 0.672743 0.555122 0.672743 0.553385 0.673611 0.552734 0.673611 0.551432 0.673900 0.551215 0.673611 0.548611 0.674769 0.546007 0.674769 0.543837 0.674479 0.543403 0.673322 0.542752 0.671007 0.542318 0.670718 0.542535 0.665220 0.542535 0.660880 0.543620 0.657407 0.543837
0 0.744792 0.493490 0.745370 0.494792 0.750000 0.496311 0.760127 0.501302 0.780093 0.505859 0.783275 0.507595 0.790220 0.508898 0.800926 0.512587 0.809896 0.513672 0.815394 0.515191 0.825231 0.516276 0.825521 0.515842 0.831308 0.515842 0.832755 0.514757 0.831887 0.513238 0.821759 0.509332 0.816840 0.505642 0.808160 0.502387 0.796007 0.501519 0.788194 0.501953 0.782407 0.501519 0.773727 0.500000 0.763021 0.496528 0.752315 0.494141 0.747685 0.492405 0.746238 0.492405
0 0.356192 0.472873 0.355324 0.472656 0.353588 0.472873 0.352431 0.473741 0.350405 0.476128 0.348669 0.477431 0.347222 0.477865 0.346933 0.478299 0.344039 0.479601 0.339120 0.483290 0.337384 0.485894 0.337095 0.487196 0.333333 0.493490 0.331308 0.501953 0.330729 0.502821 0.330729 0.504123 0.331308 0.504774 0.333044 0.504991 0.335359 0.503255 0.337674 0.500651 0.337674 0.499566 0.338542 0.498047 0.338831 0.496528 0.339699 0.495443 0.340278 0.493490 0.341146 0.492839 0.341725 0.491536 0.342303 0.491319 0.346933 0.485677 0.348958 0.484592 0.349248 0.484158 0.350116 0.484158 0.353299 0.480903 0.354456 0.480252 0.354456 0.479818 0.357639 0.476562 0.358218 0.475477 0.358218 0.474609
0 0.619792 0.466580 0.618345 0.466580 0.617766 0.467014 0.617766 0.467448 0.616319 0.468750 0.615741 0.470269 0.615741 0.472005 0.615162 0.472222 0.615451 0.472656 0.614873 0.474392 0.615162 0.474609 0.615162 0.476997 0.613426 0.482205 0.613426 0.483941 0.612558 0.486111 0.612558 0.486979 0.611979 0.487630 0.611111 0.490451 0.609375 0.493273 0.609664 0.493707 0.609086 0.495009 0.608507 0.495443 0.608507 0.496094 0.607928 0.496528 0.607639 0.498047 0.606771 0.499349 0.606771 0.501085 0.607060 0.501302 0.606771 0.503689 0.607350 0.504557 0.607639 0.504340 0.607928 0.504557 0.609664 0.504557 0.611400 0.503255 0.612558 0.500434 0.613137 0.499783 0.613137 0.498698 0.614583 0.496311 0.616319 0.490668 0.618345 0.486979 0.618634 0.484375 0.619213 0.483507 0.619213 0.480469 0.620081 0.478950 0.619792 0.478299 0.619792 0.477214 0.620081 0.476997 0.619792 0.476562 0.619792 0.473958 0.620081 0.473741 0.620081 0.471571 0.620660 0.470052 0.620660 0.467448
0 0.440104 0.424262 0.439525 0.423611 0.437500 0.423177 0.430556 0.424262 0.426215 0.425347 0.423611 0.425347 0.416667 0.426215 0.413194 0.427083 0.406829 0.429688 0.403646 0.430556 0.399595 0.432726 0.396412 0.433594 0.394097 0.434679 0.391204 0.435330 0.387731 0.437283 0.383681 0.438368 0.381076 0.439670 0.378762 0.441623 0.378183 0.442708 0.378472 0.443576 0.380787 0.444878 0.383102 0.444878 0.384259 0.444227 0.385706 0.444878 0.386863 0.444661 0.387731 0.444010 0.388021 0.443142 0.390046 0.441623 0.392361 0.440755 0.395255 0.440321 0.398727 0.438802 0.401331 0.438368 0.404225 0.437283 0.406250 0.437283 0.411169 0.435981 0.419560 0.431207 0.425058 0.429688 0.432002 0.426866 0.438657 0.425998 0.440104 0.425130
0 0.632812 0.415365 0.631366 0.415365 0.630787 0.415582 0.630208 0.416450 0.630208 0.419705 0.629630 0.420790 0.629340 0.423828 0.629051 0.424045 0.628762 0.425347 0.627894 0.426432 0.626736 0.429036 0.626736 0.429688 0.626157 0.430556 0.626157 0.432509 0.625579 0.433594 0.625579 0.436415 0.624132 0.439236 0.623843 0.441623 0.623553 0.441840 0.623553 0.443359 0.623843 0.443793 0.625868 0.445530 0.627894 0.446615 0.629630 0.446615 0.630498 0.445964 0.630498 0.445095 0.629919 0.444227 0.629919 0.442708 0.630498 0.441406 0.630498 0.440104 0.630787 0.439887 0.630787 0.438802 0.631076 0.438585 0.631076 0.437500 0.631366 0.437283 0.631366 0.436198 0.631655 0.435981 0.631655 0.434028 0.631944 0.433811 0.631944 0.432726 0.632234 0.432509 0.632234 0.430556 0.632523 0.430339 0.632812 0.427300 0.633102 0.427083 0.633102 0.425347 0.633391 0.425130 0.633681 0.422309 0.633970 0.422092 0.633970 0.416233
0 0.760995 0.413628 0.759549 0.413628 0.758970 0.414062 0.757523 0.414497 0.756944 0.415148 0.756076 0.415148 0.755208 0.415582 0.754630 0.415582 0.754051 0.416233 0.753472 0.416233 0.752894 0.416667 0.751157 0.416667 0.750000 0.417101 0.748843 0.417969 0.749132 0.418403 0.747396 0.419488 0.742766 0.421007 0.739873 0.421658 0.737847 0.422526 0.737269 0.422526 0.728299 0.425998 0.726273 0.427083 0.724826 0.428385 0.724826 0.429036 0.724537 0.429253 0.724537 0.430339 0.724826 0.430773 0.725694 0.431207 0.725405 0.431424 0.725694 0.431207 0.726562 0.431424 0.728877 0.430122 0.728877 0.429688 0.729745 0.428819 0.733796 0.427300 0.734375 0.426866 0.734954 0.426866 0.735822 0.426432 0.736400 0.426432 0.736690 0.426649 0.736400 0.426866 0.737269 0.426432 0.737847 0.426432 0.743056 0.424045 0.744502 0.423828 0.745370 0.423394 0.746238 0.423394 0.749132 0.422092 0.749711 0.422092 0.750000 0.421658 0.752604 0.420573 0.754051 0.419488 0.756655 0.418403 0.757234 0.417535 0.758102 0.417101 0.758391 0.417318 0.761285 0.415365 0.761285 0.414714 0.760706 0.414280
0 0.672454 0.376953 0.670428 0.377604 0.668403 0.379557 0.666088 0.380208 0.664641 0.381944 0.658275 0.399089 0.653935 0.405816 0.649595 0.416233 0.646412 0.432943 0.642940 0.442708 0.641493 0.445095 0.638889 0.446832 0.636574 0.449870 0.636574 0.453559 0.642940 0.457465 0.646701 0.457248 0.649884 0.454644 0.650752 0.449870 0.650174 0.449653 0.652488 0.443576 0.654514 0.433377 0.654225 0.428168 0.655671 0.423611 0.657118 0.422743 0.657118 0.416884 0.659433 0.405382 0.662905 0.396701 0.664062 0.395399 0.664352 0.392578 0.664931 0.392795 0.669560 0.383681 0.673032 0.379340 0.673322 0.377604