0 0.377387 0.664352 0.375868 0.668981 0.376302 0.670718 0.384766 0.684896 0.388672 0.690104 0.390408 0.700231 0.392361 0.705150 0.404297 0.721644 0.406033 0.727431 0.406250 0.730613 0.408854 0.737847 0.416016 0.747106 0.421441 0.757812 0.424696 0.760417 0.429253 0.760995 0.429688 0.758681 0.427951 0.754051 0.427734 0.751736 0.423611 0.743634 0.418186 0.729456 0.416450 0.721644 0.410373 0.707755 0.402561 0.699363 0.399740 0.692419 0.389540 0.675058 0.386285 0.671875 0.384983 0.669271 0.381944 0.667535 0.379774 0.664641
0 0.406684 0.662326 0.407118 0.662905 0.407118 0.663194 0.408420 0.664931 0.409071 0.666956 0.409722 0.667824 0.409722 0.668113 0.410590 0.669271 0.411241 0.669271 0.411458 0.668981 0.411675 0.668981 0.412543 0.667824 0.412760 0.667824 0.413194 0.667245 0.413628 0.667245 0.414714 0.666377 0.415148 0.666377 0.416016 0.665509 0.416450 0.665509 0.417318 0.664352 0.417535 0.664352 0.418186 0.663773 0.419054 0.663773 0.419271 0.663484 0.419705 0.663484 0.421224 0.662326 0.422309 0.662326 0.422526 0.662037 0.422743 0.662037 0.422743 0.661748 0.423611 0.660880 0.423611 0.660301 0.422743 0.659144 0.421658 0.659144 0.421441 0.658854 0.421224 0.659144 0.419922 0.659144 0.419705 0.659433 0.416450 0.659433 0.416233 0.659722 0.416016 0.659433 0.415148 0.659433 0.414931 0.659722 0.414714 0.659433 0.412760 0.659433 0.412543 0.659722 0.412326 0.659433 0.411458 0.659433 0.410373 0.658565 0.409288 0.658565 0.409071 0.658275 0.408854 0.658275 0.408637 0.658565 0.408420 0.658565 0.407769 0.659433 0.407552 0.659433 0.407552 0.659722 0.407335 0.660012 0.407118 0.660012 0.407118 0.660301 0.406684 0.660880
0 0.498264 0.658854 0.497613 0.660012 0.497613 0.661458 0.498264 0.662326 0.498264 0.663484 0.498047 0.663773 0.498047 0.664641 0.499566 0.666377 0.499783 0.666088 0.500217 0.666377 0.501519 0.667824 0.501519 0.668113 0.502170 0.668981 0.502170 0.669271 0.502821 0.670428 0.502604 0.671007 0.502387 0.670718 0.502821 0.671296 0.503038 0.672164 0.503472 0.672743 0.503906 0.673900 0.505642 0.676215 0.505642 0.676505 0.505859 0.676505 0.507161 0.677951 0.507595 0.677662 0.508898 0.678530 0.509766 0.679977 0.509766 0.680266 0.509983 0.680266 0.510417 0.680845 0.511502 0.680845 0.512153 0.679977 0.512153 0.679109 0.512587 0.678241 0.512587 0.677373 0.510634 0.673322 0.510634 0.671586 0.510851 0.671007 0.508898 0.668692 0.508247 0.666956 0.507378 0.665799 0.506944 0.665799 0.506510 0.665220 0.506076 0.665220 0.505859 0.664931 0.505642 0.665220 0.505208 0.664931 0.503255 0.662616 0.503038 0.662616 0.502821 0.662037 0.502387 0.661748 0.502170 0.660880 0.501736 0.660590 0.501953 0.660301 0.500434 0.658275 0.500000 0.657986 0.499783 0.658565 0.498698 0.658565
0 0.350911 0.642650 0.350260 0.643519 0.350477 0.644965 0.351128 0.646123 0.350694 0.647280 0.350694 0.649016 0.360677 0.662326 0.362413 0.663194 0.364149 0.665509 0.365234 0.668981 0.365234 0.670428 0.371528 0.685764 0.374132 0.689236 0.375434 0.689815 0.378038 0.692998 0.378906 0.693287 0.382161 0.698495 0.383247 0.698495 0.383681 0.697627 0.383247 0.695312 0.381510 0.692419 0.380642 0.690104 0.379991 0.689525 0.379123 0.686921 0.377604 0.684606 0.377170 0.683160 0.375000 0.680266 0.373264 0.675637 0.373047 0.674190 0.372396 0.673032 0.372396 0.668981 0.371528 0.667245 0.371528 0.664352 0.369792 0.660301 0.364149 0.652778 0.358073 0.648148 0.357422 0.648148 0.353733 0.643519 0.351780 0.642361
0 0.167318 0.636285 0.166450 0.634838 0.163194 0.634549 0.162326 0.635127 0.157986 0.635127 0.155165 0.636285 0.153863 0.636285 0.153212 0.636863 0.149740 0.636863 0.138672 0.639757 0.135417 0.639757 0.134549 0.640336 0.132378 0.640625 0.128906 0.642361 0.128255 0.642361 0.127821 0.641782 0.127604 0.637153 0.126953 0.636574 0.124566 0.636285 0.123698 0.637153 0.121094 0.638310 0.119141 0.642072 0.117188 0.648438 0.117405 0.649595 0.118707 0.650752 0.120877 0.650752 0.122179 0.649884 0.125651 0.649016 0.128472 0.649016 0.133898 0.647280 0.135417 0.647280 0.146050 0.643229 0.147786 0.643229 0.151042 0.642072 0.152995 0.642072 0.158854 0.640336 0.160373 0.639468 0.165799 0.638310 0.166884 0.637731
0 0.355686 0.597512 0.355469 0.597801 0.355469 0.598090 0.355035 0.598958 0.355035 0.599537 0.354601 0.600405 0.354601 0.602431 0.354818 0.602720 0.354818 0.603009 0.356120 0.604745 0.356337 0.604745 0.357205 0.605903 0.357205 0.606192 0.357422 0.606192 0.357639 0.606481 0.357639 0.606771 0.357856 0.606771 0.358507 0.607639 0.358507 0.607928 0.358724 0.608218 0.358941 0.609086 0.359375 0.609664 0.359375 0.609954 0.359809 0.610532 0.359809 0.610822 0.360243 0.611400 0.360243 0.611690 0.360677 0.612269 0.360677 0.612558 0.361111 0.613137 0.361111 0.613426 0.362196 0.614873 0.362413 0.614873 0.362847 0.615451 0.363932 0.615451 0.364149 0.615162 0.364366 0.615162 0.364366 0.614873 0.364800 0.614294 0.364800 0.613715 0.365017 0.613426 0.365017 0.611400 0.365234 0.611111 0.365234 0.610243 0.365451 0.609954 0.365451 0.607928 0.365668 0.607639 0.365668 0.605903 0.365451 0.605613 0.365451 0.605324 0.365234 0.605035 0.365234 0.604745 0.365017 0.604456 0.364800 0.603588 0.364366 0.603009 0.364149 0.603009 0.363932 0.602720 0.363281 0.602431 0.362847 0.601852 0.362413 0.601852 0.361762 0.601273 0.361328 0.601273 0.361111 0.600984 0.360460 0.600694 0.360026 0.600116 0.359809 0.600116 0.359375 0.599537 0.359158 0.599537 0.358290 0.598380 0.358073 0.598380 0.357422 0.597512 0.357205 0.597512 0.356988 0.597222 0.356120 0.597222 0.355903 0.597512
0 0.324002 0.470486 0.323351 0.471065 0.323351 0.471354 0.322917 0.471933 0.322483 0.473090 0.321832 0.473958 0.321832 0.474248 0.321181 0.475116 0.320747 0.476273 0.320312 0.476852 0.319444 0.477431 0.316840 0.480903 0.316189 0.482639 0.316189 0.483218 0.315972 0.483507 0.315972 0.484375 0.316840 0.485822 0.317491 0.485822 0.318576 0.486690 0.319010 0.486690 0.319878 0.487269 0.320964 0.488426 0.322049 0.489005 0.323568 0.490451 0.324002 0.490451 0.324436 0.491030 0.325304 0.491319 0.325955 0.492188 0.326172 0.492188 0.326389 0.492766 0.326823 0.493056 0.328125 0.493056 0.328993 0.491898 0.328993 0.491319 0.329644 0.490162 0.329644 0.489583 0.330078 0.489005 0.330078 0.488426 0.330295 0.488137 0.330295 0.487558 0.330512 0.487269 0.330512 0.486690 0.330729 0.486400 0.330729 0.485822 0.331163 0.484664 0.331163 0.482350 0.331380 0.482060 0.331380 0.481192 0.331597 0.480903 0.331814 0.477720 0.331597 0.477431 0.331380 0.476273 0.330512 0.475116 0.328776 0.473958 0.327908 0.472801 0.327040 0.472222 0.326172 0.470775 0.325738 0.470486
0 0.062500 0.461516 0.062500 0.463542 0.062283 0.463831 0.062283 0.464988 0.062066 0.465278 0.062066 0.467882 0.062500 0.469039 0.062500 0.469907 0.062717 0.470197 0.062934 0.472222 0.063585 0.473090 0.064019 0.473090 0.065104 0.473958 0.065755 0.473958 0.065972 0.474248 0.069661 0.474248 0.070530 0.473669 0.075304 0.473669 0.076606 0.472801 0.077040 0.472801 0.077257 0.472512 0.077691 0.472512 0.078125 0.472222 0.078993 0.471065 0.079210 0.470486 0.079210 0.468750 0.078559 0.467014 0.078559 0.466435 0.078342 0.466146 0.078342 0.465278 0.077908 0.464699 0.076823 0.461516 0.075087 0.460069 0.064019 0.460069 0.063151 0.460648
0 0.586155 0.425347 0.586155 0.426215 0.586806 0.426794 0.589193 0.426505 0.591363 0.427083 0.593316 0.428241 0.594184 0.430266 0.595269 0.431424 0.595052 0.431713 0.596354 0.431424 0.597873 0.432870 0.598741 0.433160 0.599609 0.434896 0.601780 0.437211 0.604601 0.438947 0.605903 0.440972 0.607205 0.442130 0.607639 0.442130 0.608507 0.441262 0.609158 0.441262 0.611328 0.443287 0.615017 0.445602 0.615668 0.445602 0.616753 0.446759 0.618056 0.446470 0.619575 0.447627 0.620660 0.447627 0.621311 0.446759 0.621094 0.443576 0.617188 0.438079 0.617188 0.437500 0.615885 0.435475 0.615017 0.432870 0.612847 0.429977 0.612413 0.428530 0.609375 0.424769 0.607856 0.424479 0.606988 0.423611 0.605035 0.423322 0.604167 0.422454 0.600043 0.422454 0.598090 0.423032 0.595486 0.423032 0.594618 0.422454 0.588325 0.422454
0 0.538845 0.411748 0.538194 0.410880 0.534505 0.410301 0.533203 0.409433 0.532986 0.409722 0.532769 0.409433 0.532552 0.409722 0.532335 0.409433 0.531467 0.409722 0.530816 0.409433 0.530382 0.409722 0.529297 0.409722 0.529080 0.409433 0.528863 0.409722 0.528212 0.409433 0.524523 0.409722 0.524306 0.409433 0.524089 0.409722 0.523220 0.409722 0.522352 0.410590 0.521267 0.410880 0.520182 0.411748 0.517795 0.412037 0.517144 0.412905 0.513889 0.412905 0.512587 0.414062 0.511068 0.414062 0.509549 0.414931 0.508247 0.415220 0.506293 0.416667 0.505859 0.416667 0.505425 0.417245 0.504991 0.417245 0.504340 0.418113 0.504340 0.419560 0.505208 0.420428 0.509766 0.420428 0.510634 0.420139 0.511285 0.419271 0.512804 0.419271 0.513021 0.418981 0.521918 0.419271 0.522786 0.418981 0.523655 0.418113 0.530165 0.418113 0.530382 0.417824 0.531033 0.418113 0.534505 0.417824 0.534939 0.418113 0.535156 0.417824 0.537326 0.417824 0.538411 0.416956 0.539062 0.415220
0 0.506727 0.400463 0.507161 0.402488 0.508898 0.403067 0.512370 0.402778 0.513889 0.401620 0.535807 0.401331 0.537109 0.402488 0.543403 0.402488 0.544922 0.403646 0.549696 0.404803 0.550998 0.405961 0.552951 0.405961 0.554253 0.407118 0.557292 0.407118 0.562066 0.409433 0.565755 0.409722 0.568142 0.410880 0.569878 0.410590 0.571615 0.411748 0.576172 0.411748 0.580729 0.413194 0.587240 0.413194 0.588108 0.414062 0.590061 0.413773 0.590712 0.412616 0.590712 0.411458 0.588542 0.409722 0.584852 0.404514 0.573134 0.395833 0.571615 0.395833 0.567057 0.393519 0.563151 0.393519 0.561632 0.392361 0.559245 0.392361 0.556858 0.390914 0.554905 0.391204 0.552951 0.390046 0.549696 0.390046 0.548177 0.388889 0.529080 0.388889 0.527778 0.388310 0.526042 0.389757 0.523438 0.389757 0.522352 0.390914 0.508030 0.397569 0.506944 0.398727
0 0.333550 0.385995 0.333984 0.388600 0.342882 0.393229 0.344835 0.397280 0.348307 0.401910 0.353299 0.405961 0.358724 0.414641 0.369141 0.422164 0.371962 0.426505 0.376519 0.430266 0.388455 0.445023 0.393229 0.448785 0.397786 0.456597 0.408854 0.467303 0.411675 0.471354 0.413628 0.473090 0.417535 0.472512 0.417318 0.470486 0.415365 0.469907 0.412326 0.464120 0.406901 0.458623 0.403429 0.451389 0.399957 0.446759 0.394531 0.441840 0.389757 0.431713 0.384766 0.426794 0.377821 0.416667 0.374783 0.414641 0.373047 0.415509 0.369792 0.413194 0.365234 0.407407 0.350911 0.394097 0.346788 0.388889 0.343316 0.386574 0.335069 0.384259
0 0.088976 0.342303 0.089627 0.344039 0.089410 0.345197 0.090929 0.346933 0.092882 0.347801 0.095269 0.347801 0.096354 0.348380 0.100043 0.348380 0.100911 0.348958 0.106554 0.350116 0.108724 0.351273 0.124132 0.351562 0.126302 0.352431 0.128472 0.351562 0.133030 0.351852 0.134115 0.351273 0.135417 0.351852 0.139323 0.352141 0.140408 0.350984 0.140408 0.349826 0.139540 0.348958 0.136719 0.348669 0.136068 0.348090 0.134115 0.347801 0.133681 0.347222 0.131727 0.347512 0.129557 0.346644 0.128255 0.346933 0.127170 0.346354 0.123264 0.346354 0.122613 0.345775 0.120009 0.345197 0.115451 0.345197 0.114366 0.344618 0.110026 0.344039 0.109158 0.343461 0.103082 0.342882 0.101780 0.342303 0.095269 0.342593 0.090495 0.341146 0.089193 0.341725
0 0.753038 0.325521 0.752821 0.324942 0.752170 0.324363 0.750651 0.324363 0.750434 0.324653 0.748915 0.324653 0.748047 0.325231 0.745443 0.325231 0.745226 0.325521 0.744358 0.325521 0.744141 0.325810 0.743273 0.325810 0.743056 0.326100 0.742188 0.326100 0.741970 0.326389 0.741319 0.326389 0.741102 0.326678 0.740234 0.326678 0.740017 0.326968 0.739366 0.326968 0.739149 0.327257 0.738064 0.327546 0.736979 0.328414 0.736328 0.328414 0.735894 0.328704 0.735243 0.329572 0.735243 0.329861 0.734375 0.331019 0.734158 0.331597 0.734158 0.332465 0.734375 0.332755 0.734375 0.336806 0.735026 0.337674 0.736111 0.337674 0.737847 0.336516 0.738715 0.335359 0.740017 0.334491 0.740885 0.333333 0.741319 0.333044 0.741970 0.333044 0.742405 0.332465 0.743056 0.332176 0.743707 0.331308 0.743924 0.331308 0.745009 0.330150 0.747613 0.328414 0.748264 0.328414 0.749349 0.327546 0.749783 0.327546 0.750000 0.327257 0.751085 0.327257 0.751302 0.326968 0.751953 0.326968 0.752170 0.326678 0.752604 0.326678
0 0.076172 0.272280 0.076389 0.274016 0.078342 0.275174 0.083550 0.276331 0.089844 0.276331 0.096137 0.278067 0.098307 0.278067 0.103299 0.280382 0.106988 0.280961 0.110243 0.282407 0.113281 0.285590 0.116753 0.287616 0.119792 0.288484 0.122396 0.288194 0.123915 0.289062 0.126085 0.289062 0.128038 0.289931 0.131944 0.289641 0.139106 0.292245 0.140625 0.291377 0.140625 0.290220 0.138238 0.288194 0.133464 0.286458 0.127604 0.285880 0.121962 0.283565 0.120009 0.281829 0.114149 0.279514 0.111545 0.277778 0.106988 0.276620 0.102648 0.276620 0.093533 0.273727 0.086589 0.273148 0.079861 0.270544 0.077474 0.271123
0 0.449870 0.078704 0.450087 0.079282 0.450955 0.080150 0.452474 0.080440 0.452691 0.080729 0.454427 0.080729 0.455295 0.081308 0.455946 0.081308 0.456163 0.081887 0.458333 0.083044 0.461155 0.083044 0.461806 0.083623 0.463542 0.083623 0.463976 0.083044 0.465061 0.083044 0.466363 0.083912 0.468099 0.083912 0.468967 0.084491 0.470052 0.084491 0.470920 0.085069 0.471571 0.084780 0.473090 0.085648 0.473741 0.085648 0.474392 0.086227 0.475694 0.086227 0.477214 0.087095 0.477648 0.087674 0.478516 0.087384 0.479384 0.086516 0.479384 0.084491 0.478082 0.082755 0.474175 0.080150 0.470920 0.079861 0.470703 0.079572 0.468967 0.079572 0.468750 0.079282 0.466146 0.079282 0.465929 0.079572 0.465061 0.079572 0.464627 0.078993 0.464193 0.079282 0.463976 0.078704 0.463325 0.078704 0.463759 0.078704 0.463976 0.078993 0.463759 0.079282 0.462023 0.079282 0.461155 0.078704 0.459418 0.078704 0.458767 0.078125 0.457248 0.077836 0.457031 0.077546 0.455512 0.077836 0.454861 0.077257 0.454210 0.077257 0.453993 0.076968 0.452040 0.076968 0.451823 0.076678 0.451389 0.076678 0.450738 0.077257