0 0.042535 0.986690 0.042535 0.987269 0.042752 0.987558 0.042752 0.990451 0.042535 0.990741 0.042535 0.991319 0.042318 0.991609 0.042101 0.991319 0.042101 0.991898 0.042318 0.991898 0.042752 0.992477 0.042752 0.992766 0.042535 0.993056 0.042318 0.993056 0.042318 0.993634 0.042535 0.993634 0.042752 0.993345 0.042752 0.991609 0.042535 0.991319 0.042752 0.991030 0.042752 0.987269 0.042535 0.986979
0 0.044705 0.982350 0.044705 0.982639 0.044922 0.982928 0.044705 0.983218 0.044705 0.985822 0.044922 0.986111 0.044705 0.986400 0.044705 0.987558 0.044922 0.987847 0.044922 0.990162 0.045139 0.990451 0.045356 0.990451 0.045356 0.990162 0.045139 0.989873 0.045139 0.989583 0.045356 0.989294 0.045356 0.988715 0.045139 0.988426 0.045139 0.987558 0.045356 0.987269 0.045139 0.986979 0.045139 0.983796 0.044922 0.983507 0.045139 0.983218 0.045139 0.982928 0.044922 0.982639 0.044922 0.982350
0 0.237413 0.970775 0.237413 0.971065 0.237630 0.970775 0.238064 0.971354 0.238064 0.971644 0.238498 0.971644 0.238715 0.971933 0.238498 0.972222 0.238715 0.972222 0.238932 0.971933 0.239149 0.972222 0.239366 0.972222 0.239366 0.971933 0.239149 0.971644 0.239366 0.971354 0.239583 0.971354 0.239800 0.971644 0.239800 0.971933 0.239800 0.971354 0.239366 0.971354 0.239149 0.971644 0.238932 0.971354 0.238281 0.971354 0.238064 0.971065 0.238281 0.970775 0.238064 0.971065 0.237847 0.970775 0.237847 0.970486 0.237630 0.970775
0 0.225477 0.958044 0.225043 0.958044 0.224392 0.957176 0.224175 0.957176 0.223958 0.957465 0.223307 0.957465 0.223090 0.957755 0.222439 0.957755 0.222656 0.957755 0.222873 0.958044 0.222656 0.958333 0.222439 0.958333 0.223741 0.958333 0.223958 0.958044 0.224175 0.958333 0.224392 0.958044
0 0.625217 0.816840 0.624566 0.817708 0.624566 0.820023 0.625000 0.821181 0.625000 0.823785 0.625217 0.824074 0.625217 0.825521 0.625434 0.825810 0.625434 0.827546 0.625868 0.828993 0.627604 0.831597 0.627604 0.832176 0.628906 0.835938 0.629123 0.837384 0.630425 0.839699 0.630208 0.839988 0.630642 0.840567 0.631293 0.842303 0.633247 0.845197 0.633464 0.846644 0.633898 0.847512 0.634115 0.849537 0.634983 0.850694 0.636068 0.851273 0.636936 0.851273 0.637153 0.851562 0.637370 0.851273 0.638889 0.850984 0.639540 0.849826 0.639540 0.848380 0.639106 0.847512 0.639106 0.846644 0.638672 0.846065 0.638672 0.845197 0.638238 0.844618 0.638238 0.843750 0.637587 0.842303 0.637587 0.841725 0.636285 0.838542 0.636068 0.836806 0.635634 0.835648 0.635634 0.834780 0.635200 0.833623 0.635200 0.832755 0.634983 0.832755 0.634766 0.832176 0.631727 0.828125 0.631727 0.827836 0.630859 0.826968 0.630425 0.825810 0.629340 0.824363 0.628689 0.822627 0.628255 0.822049 0.628255 0.821470 0.627821 0.820891 0.627821 0.820312 0.627387 0.819734 0.626736 0.817419 0.626085 0.816840
0 0.445530 0.607928 0.444878 0.608796 0.444878 0.612269 0.445530 0.614005 0.452691 0.625000 0.458984 0.641493 0.460720 0.648148 0.463542 0.654225 0.465061 0.661169 0.465495 0.666377 0.468750 0.678241 0.470486 0.681713 0.473958 0.686053 0.477648 0.688657 0.479384 0.688368 0.481120 0.684896 0.482205 0.678819 0.481337 0.672454 0.479384 0.665799 0.475477 0.656250 0.475043 0.653935 0.470920 0.646412 0.468967 0.637731 0.467448 0.633681 0.461589 0.626447 0.460069 0.622975 0.449653 0.608796 0.447049 0.607639
0 0.475260 0.591146 0.474609 0.592014 0.474609 0.593461 0.475043 0.593750 0.475477 0.594907 0.475260 0.595197 0.475260 0.595775 0.475694 0.596644 0.475694 0.597222 0.476128 0.597512 0.476128 0.597801 0.477214 0.599248 0.477431 0.600116 0.477865 0.600694 0.478299 0.601852 0.478516 0.603299 0.479167 0.604745 0.479167 0.605324 0.479601 0.605903 0.479818 0.607060 0.480903 0.608507 0.481120 0.608507 0.483290 0.611690 0.483507 0.611690 0.483941 0.612269 0.484809 0.612847 0.485460 0.612847 0.487196 0.614294 0.487847 0.614294 0.488281 0.614005 0.488064 0.613426 0.488064 0.612558 0.489366 0.611111 0.489366 0.609086 0.489149 0.608507 0.487413 0.606192 0.487630 0.605903 0.486545 0.604456 0.486545 0.604167 0.485894 0.603299 0.485894 0.603009 0.485243 0.602141 0.485243 0.601852 0.484809 0.601562 0.484158 0.599537 0.483290 0.598380 0.483073 0.598380 0.480903 0.595486 0.480035 0.594907 0.478950 0.593461 0.478733 0.593750 0.478082 0.593750 0.477865 0.593461 0.478082 0.592882 0.478082 0.591725 0.477865 0.591435 0.476997 0.591146 0.476780 0.590856 0.475694 0.590856
0 0.411024 0.575521 0.410590 0.576100 0.410590 0.578414 0.410373 0.578704 0.410373 0.579572 0.410590 0.580150 0.411458 0.581019 0.412109 0.581308 0.412543 0.581887 0.414280 0.583044 0.414714 0.583044 0.415148 0.583623 0.415582 0.583623 0.416016 0.584201 0.416450 0.584201 0.417969 0.586227 0.417969 0.586516 0.420573 0.589699 0.421007 0.590856 0.422960 0.593461 0.423177 0.594329 0.424045 0.595775 0.424262 0.596933 0.424696 0.597222 0.424696 0.598090 0.425564 0.599248 0.426215 0.599248 0.426649 0.598958 0.427300 0.598090 0.427300 0.596354 0.426866 0.595197 0.426866 0.593171 0.425564 0.589699 0.425130 0.589120 0.424479 0.588831 0.424262 0.588252 0.423394 0.587095 0.423394 0.586806 0.423177 0.586806 0.418837 0.580729 0.418620 0.580729 0.417535 0.579282 0.417318 0.579282 0.416450 0.577836 0.412543 0.575231 0.411458 0.575231
0 0.401476 0.532118 0.401259 0.533854 0.401693 0.534722 0.402127 0.536748 0.402778 0.537905 0.402778 0.538484 0.403212 0.539352 0.405165 0.541667 0.405599 0.542535 0.405599 0.543113 0.406250 0.544271 0.408203 0.545428 0.408637 0.545428 0.411458 0.547743 0.412109 0.547743 0.412760 0.548322 0.413194 0.548322 0.416016 0.550347 0.417318 0.550637 0.418620 0.551505 0.419488 0.552662 0.419922 0.552662 0.421658 0.553819 0.423611 0.555556 0.424262 0.555845 0.425564 0.554977 0.426215 0.553241 0.426215 0.550637 0.425130 0.548322 0.423828 0.546296 0.421875 0.543981 0.421007 0.543692 0.419271 0.541667 0.418837 0.541667 0.418403 0.541088 0.416667 0.539931 0.416450 0.539352 0.416016 0.539352 0.415582 0.538484 0.414497 0.537616 0.413628 0.536458 0.413411 0.535590 0.412543 0.534722 0.411892 0.534722 0.411024 0.533854 0.411241 0.533565 0.410373 0.532407 0.409071 0.531250 0.408420 0.531250 0.407769 0.530671 0.407118 0.530961 0.406901 0.530671 0.407118 0.530961 0.406901 0.531250 0.406250 0.530671 0.406033 0.530961 0.405599 0.530671 0.405165 0.530961 0.404948 0.530671 0.404731 0.530961 0.404514 0.530671 0.403863 0.530671 0.403646 0.530961 0.403212 0.530671 0.402995 0.530961 0.402344 0.530961
0 0.389106 0.424769 0.386719 0.424769 0.386068 0.425347 0.385417 0.425347 0.383464 0.426215 0.381510 0.427951 0.380425 0.429688 0.380425 0.430266 0.379123 0.433449 0.378906 0.435185 0.378038 0.437500 0.377604 0.440683 0.377170 0.441840 0.377170 0.443866 0.376953 0.444155 0.376953 0.445891 0.376736 0.446181 0.376736 0.451389 0.376519 0.451678 0.376519 0.456597 0.376953 0.457465 0.378038 0.457465 0.378472 0.458044 0.379340 0.458044 0.379557 0.458333 0.382378 0.458044 0.382812 0.457465 0.384983 0.456887 0.386285 0.455729 0.387370 0.453993 0.388455 0.450521 0.388672 0.447627 0.390191 0.442130 0.390191 0.440394 0.390842 0.438657 0.390842 0.437500 0.391276 0.435764 0.391276 0.434317 0.391493 0.434028 0.391493 0.430556 0.391276 0.430266 0.391493 0.429977 0.391493 0.428819 0.391276 0.428530 0.391276 0.427662 0.390842 0.426505
0 0.632595 0.406539 0.631944 0.408275 0.631727 0.410590 0.631076 0.412037 0.629991 0.416088 0.629774 0.418113 0.630859 0.419850 0.632161 0.421007 0.634549 0.424190 0.635851 0.427083 0.638238 0.430266 0.638672 0.430266 0.638889 0.430845 0.640191 0.432002 0.641059 0.432292 0.642361 0.434317 0.644531 0.439815 0.645399 0.443287 0.648003 0.448785 0.649306 0.449653 0.650608 0.449363 0.652561 0.445891 0.652127 0.444155 0.652127 0.441840 0.650825 0.438079 0.650825 0.435764 0.649740 0.432581 0.649523 0.431134 0.647786 0.427083 0.645616 0.420718 0.641710 0.415509 0.640625 0.414931 0.636068 0.407986 0.633247 0.406250
0 0.554470 0.388889 0.554470 0.390046 0.554905 0.391204 0.555556 0.391782 0.563151 0.391782 0.564019 0.392361 0.566406 0.392650 0.567708 0.393229 0.568142 0.393808 0.569444 0.393808 0.572049 0.395255 0.573568 0.395544 0.575521 0.396991 0.577474 0.397859 0.578993 0.399306 0.579644 0.399306 0.581163 0.400174 0.581597 0.399884 0.582031 0.400174 0.583984 0.399884 0.584201 0.400174 0.588759 0.399884 0.590495 0.398727 0.591146 0.396701 0.589627 0.392650 0.588542 0.391204 0.585286 0.388310 0.584201 0.388021 0.580729 0.385995 0.579210 0.385706 0.577691 0.384838 0.575738 0.384549 0.574870 0.383970 0.574002 0.383970 0.570530 0.382234 0.569444 0.382234 0.565755 0.379919 0.562283 0.379919 0.559896 0.380787 0.559462 0.381366 0.559245 0.382523 0.555556 0.386863
0 0.553819 0.373264 0.554253 0.377025 0.555122 0.378183 0.557726 0.379340 0.573134 0.379340 0.579861 0.381944 0.581814 0.383970 0.585503 0.383970 0.598958 0.388021 0.605252 0.393229 0.613498 0.394965 0.620226 0.399884 0.628906 0.403935 0.630425 0.403935 0.630642 0.403356 0.629123 0.401331 0.628255 0.395544 0.626085 0.391204 0.615234 0.385417 0.605903 0.382234 0.600911 0.377604 0.590929 0.371817 0.581597 0.369502 0.575521 0.369213 0.570530 0.369792 0.567708 0.370949 0.562283 0.370660 0.560547 0.369213 0.558160 0.368634 0.555122 0.370370
0 0.406901 0.339699 0.407118 0.340567 0.416667 0.356192 0.419922 0.358218 0.423828 0.362269 0.427517 0.364294 0.431424 0.369792 0.433594 0.374132 0.437717 0.378183 0.443576 0.386863 0.450521 0.393229 0.451823 0.393808 0.456380 0.402199 0.457465 0.403067 0.458767 0.402488 0.458767 0.401042 0.457031 0.397859 0.455946 0.392940 0.453342 0.389468 0.450304 0.387153 0.445747 0.381655 0.444227 0.376736 0.442925 0.375000 0.437283 0.370370 0.433811 0.365741 0.431858 0.361979 0.424696 0.355613 0.421224 0.346644 0.417318 0.343750 0.413845 0.338831 0.409722 0.336227 0.408420 0.336516