0 0.521050 0.983218 0.520616 0.982928 0.520616 0.982350 0.520399 0.982060 0.519965 0.982060 0.519531 0.981481 0.518012 0.981481 0.516927 0.982060 0.516493 0.982639 0.515191 0.983507 0.514323 0.983796 0.513455 0.985243 0.512370 0.985822 0.511936 0.986400 0.511285 0.986400 0.511068 0.986111 0.511285 0.986400 0.509766 0.987558 0.508247 0.989294 0.507595 0.989583 0.505642 0.991319 0.504123 0.993056 0.503472 0.993345 0.503255 0.993924 0.502604 0.994213 0.501736 0.995370 0.501085 0.995660 0.500434 0.996528 0.500217 0.997685 0.499566 0.998264 0.498698 0.999421 0.498698 0.999711 0.513672 0.999711 0.514323 0.999132 0.514323 0.998843 0.514974 0.998264 0.516710 0.995660 0.517144 0.994502 0.517144 0.993634 0.517795 0.992188 0.517795 0.991609 0.518229 0.991030 0.518446 0.991319 0.518446 0.990741 0.519097 0.989873 0.519097 0.989005 0.519531 0.988137 0.520182 0.987558 0.520833 0.985822
0 0.843099 0.948495 0.842665 0.950231 0.843750 0.952257 0.843750 0.952836 0.845703 0.956308 0.846354 0.958044 0.848307 0.960648 0.848307 0.960938 0.853299 0.967303 0.854167 0.967882 0.855252 0.968171 0.857422 0.969618 0.859375 0.971354 0.859809 0.971354 0.860677 0.971933 0.861328 0.971933 0.863281 0.973090 0.865668 0.973090 0.866753 0.971933 0.866536 0.970775 0.866102 0.970197 0.864149 0.969329 0.863281 0.968171 0.862413 0.967593 0.862196 0.967014 0.860894 0.965567 0.860894 0.965278 0.859809 0.964410 0.858290 0.962384 0.854384 0.959780 0.852865 0.959491 0.851562 0.958333 0.850911 0.958333 0.850477 0.957755 0.848741 0.956887 0.847439 0.954861 0.845052 0.949653 0.844184 0.948495
0 0.577691 0.913484 0.577040 0.914352 0.577040 0.917535 0.577908 0.924479 0.577691 0.925058 0.578559 0.928819 0.578559 0.932292 0.579210 0.934028 0.579210 0.935764 0.579861 0.938368 0.579861 0.942419 0.580295 0.942998 0.580295 0.945602 0.580946 0.948495 0.580729 0.955440 0.581380 0.958912 0.581163 0.959780 0.582899 0.968461 0.584418 0.972222 0.585503 0.976852 0.585503 0.980035 0.586806 0.986400 0.588325 0.987558 0.588976 0.986690 0.588976 0.985243 0.590061 0.982639 0.590061 0.975694 0.587674 0.966725 0.587891 0.964120 0.587023 0.959491 0.586155 0.958044 0.586372 0.957176 0.585938 0.956597 0.585938 0.953704 0.583333 0.941551 0.583550 0.940972 0.582465 0.937211 0.582465 0.934028 0.580729 0.926794 0.580729 0.923322 0.579644 0.921296 0.579210 0.914931 0.578559 0.913773
0 0.546441 0.815394 0.546007 0.815683 0.546007 0.817130 0.545790 0.817419 0.546658 0.818866 0.546658 0.819734 0.547092 0.820312 0.547309 0.822049 0.548177 0.823495 0.548177 0.824653 0.548611 0.824942 0.548611 0.825521 0.549262 0.826389 0.549045 0.826968 0.549479 0.827257 0.549479 0.828125 0.550130 0.828993 0.550564 0.830150 0.550998 0.830440 0.552083 0.832755 0.552083 0.833912 0.552951 0.835648 0.552951 0.836516 0.553168 0.836806 0.553602 0.839120 0.555122 0.843171 0.555122 0.843750 0.555990 0.846065 0.556207 0.847801 0.556641 0.848958 0.557075 0.849537 0.557726 0.849826 0.558594 0.848958 0.558594 0.848090 0.558377 0.847801 0.558377 0.846933 0.557943 0.845486 0.557943 0.844039 0.557292 0.842882 0.557292 0.842303 0.556641 0.840856 0.556424 0.839410 0.555339 0.836516 0.555339 0.835359 0.554036 0.832176 0.553819 0.831019 0.553385 0.830440 0.552517 0.828125 0.551432 0.826389 0.551215 0.825521 0.550130 0.823785 0.550130 0.823206 0.549696 0.822338 0.549913 0.822049 0.549045 0.820023 0.549045 0.819444 0.548611 0.819155 0.548828 0.818576 0.548394 0.817998 0.548394 0.817419 0.547960 0.816262 0.547309 0.815394
0 0.387370 0.666667 0.386719 0.667535 0.386936 0.669560 0.388455 0.673611 0.388889 0.676215 0.391059 0.680556 0.391059 0.681134 0.392361 0.683738 0.393446 0.684896 0.393880 0.684896 0.396267 0.688657 0.397352 0.692130 0.398438 0.693576 0.399306 0.696181 0.402778 0.702836 0.404080 0.707465 0.406684 0.712674 0.408420 0.715278 0.409722 0.720197 0.410590 0.721354 0.411675 0.721354 0.412326 0.720197 0.412326 0.717303 0.411675 0.714120 0.410373 0.710648 0.409939 0.708333 0.409505 0.708044 0.408203 0.704572 0.406684 0.699363 0.405599 0.697627 0.403429 0.692419 0.400825 0.683449 0.399957 0.681713 0.399306 0.681424 0.396267 0.677373 0.391493 0.668403 0.389757 0.666667
0 0.397135 0.663773 0.396701 0.664352 0.396701 0.664641 0.396484 0.664931 0.396484 0.665509 0.397352 0.666667 0.397352 0.666956 0.399089 0.669271 0.399089 0.670139 0.399306 0.670428 0.399306 0.671007 0.399957 0.671586 0.400174 0.672454 0.400825 0.673322 0.400825 0.673611 0.401042 0.673900 0.401042 0.674479 0.401259 0.674769 0.401259 0.675347 0.401693 0.675926 0.401693 0.676505 0.402344 0.677662 0.402344 0.677951 0.402561 0.677951 0.402778 0.678241 0.402778 0.678530 0.402995 0.678819 0.402995 0.679398 0.404080 0.680845 0.404080 0.681134 0.404297 0.681134 0.405165 0.682292 0.406467 0.682870 0.407769 0.684606 0.407769 0.684896 0.407986 0.684896 0.408420 0.685475 0.408854 0.685475 0.409288 0.684896 0.409505 0.684896 0.409505 0.683160 0.409071 0.682581 0.408854 0.681713 0.408203 0.680845 0.408203 0.680556 0.407769 0.679977 0.407552 0.679109 0.407118 0.678530 0.406901 0.677662 0.406033 0.676215 0.406033 0.675926 0.405816 0.675637 0.405816 0.675058 0.405599 0.674769 0.405599 0.674190 0.404948 0.672743 0.404948 0.672164 0.405165 0.671875 0.404948 0.671586 0.404514 0.670139 0.404297 0.669850 0.404080 0.670139 0.403646 0.669560 0.403646 0.669271 0.403429 0.668981 0.403429 0.668403 0.403212 0.668692 0.402995 0.668403 0.402995 0.668113 0.402344 0.667245 0.402344 0.666956 0.401693 0.666088 0.401693 0.665799 0.401259 0.665220 0.401042 0.665220 0.399957 0.663773 0.399740 0.663773 0.399523 0.663484 0.399306 0.663773 0.398872 0.663773 0.398655 0.664062 0.398438 0.663773 0.398220 0.664062 0.398003 0.664062 0.397786 0.663773
0 0.375434 0.656829 0.374566 0.657697 0.374566 0.657986 0.374132 0.658565 0.374132 0.659433 0.373915 0.659722 0.374132 0.660012 0.374132 0.660590 0.374566 0.661458 0.374566 0.662326 0.374783 0.662616 0.374783 0.663194 0.375434 0.664352 0.375434 0.664641 0.375868 0.665220 0.375868 0.665509 0.376736 0.666667 0.376736 0.667245 0.377387 0.668403 0.377387 0.668692 0.378038 0.670139 0.378038 0.670718 0.378472 0.671296 0.378472 0.671875 0.378906 0.672743 0.379123 0.674190 0.379557 0.675058 0.379557 0.675637 0.379774 0.675926 0.379774 0.676794 0.379991 0.677083 0.379991 0.677373 0.380425 0.677951 0.380425 0.678241 0.380642 0.678530 0.380859 0.678530 0.381510 0.679398 0.381510 0.679688 0.381727 0.679688 0.381944 0.679977 0.381944 0.680266 0.382161 0.680266 0.382595 0.680845 0.383030 0.680845 0.383247 0.680556 0.383898 0.680266 0.383898 0.678530 0.384549 0.677662 0.384766 0.677662 0.384766 0.677083 0.384983 0.676794 0.384983 0.675926 0.384549 0.675058 0.384549 0.674479 0.383898 0.673322 0.383898 0.672743 0.383464 0.671875 0.383464 0.671296 0.383247 0.671296 0.383030 0.671007 0.383247 0.670718 0.382595 0.669850 0.382595 0.669560 0.382161 0.668981 0.382161 0.668403 0.381727 0.667824 0.381727 0.667535 0.380859 0.666088 0.380642 0.665220 0.379774 0.663773 0.379774 0.663484 0.379557 0.663194 0.379557 0.662616 0.379340 0.662326 0.379123 0.661458 0.376953 0.658565 0.376953 0.658275 0.376519 0.657697 0.376519 0.657407 0.376302 0.657407 0.375868 0.656829
0 0.356771 0.610243 0.356554 0.610532 0.356554 0.610822 0.356337 0.611111 0.356337 0.611690 0.356120 0.611979 0.356120 0.613137 0.355903 0.613426 0.355903 0.614583 0.356120 0.614873 0.356120 0.615162 0.356554 0.615741 0.356771 0.616609 0.357639 0.618056 0.357639 0.618345 0.357856 0.618634 0.358073 0.619502 0.359592 0.621528 0.359809 0.621528 0.360677 0.622685 0.360894 0.622685 0.361328 0.623264 0.361545 0.623264 0.362196 0.623843 0.362630 0.623843 0.363715 0.624711 0.364366 0.624711 0.364800 0.625289 0.365017 0.625289 0.365668 0.625868 0.366102 0.625868 0.366319 0.626157 0.366753 0.626157 0.366970 0.625868 0.367188 0.625868 0.367622 0.625289 0.367839 0.625289 0.367839 0.622396 0.368056 0.622106 0.368056 0.620370 0.367839 0.620081 0.367839 0.618924 0.366102 0.616609 0.365885 0.616609 0.365668 0.616319 0.365668 0.616030 0.365451 0.616030 0.365234 0.615741 0.364800 0.615741 0.364583 0.615451 0.364583 0.615162 0.364149 0.615162 0.363281 0.614005 0.363064 0.614005 0.362630 0.613426 0.362413 0.613426 0.362196 0.613137 0.361762 0.613137 0.361545 0.612847 0.360894 0.612847 0.360243 0.612269 0.359809 0.612269 0.359158 0.611400 0.358941 0.611400 0.358724 0.611111 0.358073 0.611111 0.357856 0.610822 0.357639 0.610822 0.357422 0.610532 0.356988 0.610532
0 0.348958 0.597512 0.348307 0.597512 0.348090 0.597801 0.347873 0.597512 0.347222 0.597512 0.346354 0.598958 0.346354 0.599826 0.346137 0.600116 0.346137 0.603009 0.345920 0.603299 0.345920 0.604456 0.345703 0.604745 0.345486 0.607639 0.345052 0.608507 0.345052 0.610532 0.344618 0.611690 0.344401 0.613426 0.343967 0.614005 0.343750 0.615162 0.343316 0.615741 0.343533 0.616030 0.343099 0.616609 0.343099 0.617188 0.342231 0.619502 0.342448 0.619792 0.341363 0.622685 0.341363 0.623553 0.341146 0.623843 0.341146 0.625868 0.340712 0.627315 0.341146 0.628762 0.342448 0.629919 0.343750 0.629919 0.344618 0.629340 0.345269 0.629340 0.346571 0.628472 0.350260 0.623843 0.351128 0.623264 0.352431 0.621817 0.352865 0.621817 0.353516 0.621238 0.354384 0.619502 0.354384 0.618634 0.354167 0.618924 0.353950 0.618634 0.353950 0.617188 0.353516 0.616319 0.353516 0.615741 0.352431 0.614294 0.352214 0.613426 0.351780 0.612847 0.351780 0.609664 0.351345 0.608218 0.351128 0.602141 0.350911 0.601852 0.350911 0.600984 0.350477 0.600116 0.350477 0.599537 0.350043 0.598380 0.349609 0.597801 0.349175 0.597801
0 0.345703 0.539641 0.344835 0.540509 0.345052 0.540799 0.345052 0.541088 0.344618 0.541667 0.344618 0.542824 0.344401 0.543113 0.344401 0.543403 0.344618 0.543692 0.344618 0.544560 0.344184 0.545139 0.344184 0.546875 0.343967 0.547164 0.343967 0.547454 0.344184 0.547743 0.344184 0.548611 0.343967 0.548900 0.343967 0.550347 0.343750 0.550637 0.343750 0.552373 0.343316 0.552951 0.343316 0.553530 0.343099 0.553819 0.342882 0.555266 0.342448 0.555845 0.342231 0.555845 0.342231 0.557870 0.342448 0.558160 0.342448 0.558738 0.342665 0.559028 0.342665 0.559606 0.342882 0.559896 0.343316 0.559896 0.343750 0.560475 0.343967 0.560475 0.344401 0.561053 0.344618 0.561053 0.345269 0.561632 0.345703 0.561632 0.345920 0.561921 0.346571 0.561921 0.347222 0.561343 0.347656 0.561343 0.348307 0.560475 0.348307 0.560185 0.348958 0.559317 0.348958 0.558738 0.349826 0.557292 0.349826 0.557002 0.349609 0.556713 0.349826 0.556424 0.350043 0.556424 0.349826 0.556134 0.350043 0.555845 0.350043 0.554977 0.350477 0.554109 0.350477 0.552083 0.350694 0.551794 0.350694 0.548322 0.350477 0.548032 0.350477 0.547164 0.350043 0.546586 0.350043 0.546296 0.349392 0.544850 0.349392 0.543403 0.349175 0.543113 0.348958 0.542245 0.348741 0.542245 0.348090 0.541667 0.347656 0.541667 0.346571 0.540220 0.346571 0.539931 0.346354 0.539931 0.346137 0.539641
0 0.460938 0.492477 0.460069 0.495370 0.460069 0.500579 0.459201 0.505208 0.460503 0.508970 0.463759 0.510706 0.465929 0.510706 0.471137 0.513600 0.474175 0.514178 0.484809 0.514178 0.491753 0.511285 0.496528 0.512153 0.508681 0.519676 0.514540 0.531250 0.519314 0.534722 0.526042 0.542535 0.526910 0.542824 0.527995 0.541956 0.528212 0.538194 0.527561 0.535590 0.524089 0.528356 0.521918 0.521991 0.513889 0.514468 0.512370 0.512153 0.511719 0.509549 0.508030 0.505787 0.497613 0.500868 0.496311 0.501157 0.491753 0.498843 0.486762 0.493634 0.479818 0.489873 0.477214 0.489294 0.471354 0.489873 0.468316 0.489005 0.465712 0.490741 0.462240 0.491319
0 0.358073 0.481771 0.357856 0.484086 0.358290 0.485243 0.362196 0.488137 0.364366 0.490451 0.366102 0.493056 0.367405 0.497106 0.369575 0.500289 0.374783 0.504630 0.382161 0.516204 0.385200 0.517072 0.387587 0.519097 0.392361 0.528646 0.395182 0.531539 0.395399 0.531250 0.397135 0.532697 0.399523 0.535590 0.402127 0.541956 0.402995 0.541956 0.404080 0.540799 0.401259 0.532986 0.394314 0.525174 0.390842 0.517940 0.387804 0.513889 0.385417 0.512442 0.382812 0.509549 0.381727 0.505787 0.376519 0.498264 0.372179 0.495370 0.366319 0.486111 0.361328 0.483218 0.359592 0.481481