0 0.453125 0.789714 0.453125 0.790799 0.453704 0.791450 0.453704 0.792318 0.454861 0.793186 0.454861 0.793837 0.455150 0.794271 0.455729 0.794705 0.456308 0.794705 0.456597 0.794922 0.456887 0.794705 0.461806 0.794705 0.462095 0.794922 0.464120 0.794922 0.465278 0.795356 0.467303 0.795356 0.467593 0.795139 0.469039 0.795790 0.471354 0.795790 0.471644 0.796007 0.472801 0.796007 0.473090 0.796224 0.474537 0.796224 0.475116 0.796007 0.475405 0.796224 0.477141 0.796224 0.477431 0.796441 0.478299 0.796441 0.478588 0.796658 0.482060 0.796658 0.482350 0.796441 0.482928 0.796441 0.483507 0.796224 0.483796 0.795790 0.483796 0.795139 0.484086 0.794922 0.484086 0.792752 0.483796 0.792535 0.483796 0.791667 0.482639 0.791016 0.481192 0.791016 0.480903 0.790799 0.479745 0.790799 0.479456 0.790582 0.478299 0.790582 0.478009 0.790365 0.474248 0.790365 0.473958 0.790582 0.473669 0.790365 0.470775 0.790365 0.470486 0.790148 0.469329 0.790148 0.469039 0.789931 0.466725 0.789931 0.466435 0.789714 0.464120 0.789714 0.463831 0.789497 0.459491 0.789497 0.459201 0.789280 0.453704 0.789280
0 0.491609 0.784288 0.491319 0.784505 0.491319 0.785807 0.492188 0.786675 0.492188 0.786892 0.492766 0.787326 0.492766 0.787543 0.493634 0.788194 0.493634 0.788411 0.494792 0.789497 0.494792 0.789714 0.495370 0.790365 0.495370 0.791016 0.495660 0.791233 0.495660 0.791450 0.497106 0.792752 0.497106 0.793186 0.497396 0.793403 0.497396 0.794054 0.497685 0.794271 0.497685 0.795139 0.497975 0.795356 0.497975 0.795573 0.497685 0.795790 0.497685 0.796007 0.497975 0.796224 0.497975 0.796441 0.497685 0.796658 0.497685 0.797092 0.497975 0.797309 0.497975 0.797526 0.497685 0.797743 0.497685 0.798828 0.498553 0.799696 0.499132 0.799696 0.499421 0.799913 0.499711 0.799696 0.500000 0.799696 0.500868 0.799045 0.500868 0.798828 0.501157 0.798611 0.501157 0.798177 0.501447 0.797960 0.501447 0.797526 0.502025 0.796875 0.502025 0.796441 0.502604 0.795790 0.502604 0.795356 0.502894 0.795139 0.502894 0.794271 0.503183 0.794054 0.503183 0.788194 0.502894 0.787977 0.502894 0.787326 0.502604 0.787109 0.502604 0.786241 0.502315 0.786024 0.502315 0.785590 0.502025 0.785373 0.502025 0.785156 0.501447 0.784722 0.501157 0.784722 0.500868 0.784505 0.500868 0.784288 0.500579 0.784288 0.500289 0.784071 0.496817 0.784071 0.496528 0.784288 0.492766 0.784288 0.492477 0.784071 0.492188 0.784288
0 0.842303 0.486328 0.842303 0.485026 0.841725 0.484592 0.841435 0.484809 0.840856 0.484592 0.840567 0.484809 0.839410 0.484809 0.839120 0.484592 0.839120 0.483507 0.839410 0.483290 0.839410 0.481988 0.839699 0.481771 0.839410 0.481554 0.839410 0.481120 0.838252 0.480469 0.836806 0.480469 0.836516 0.480686 0.836227 0.480469 0.835648 0.480903 0.834491 0.480903 0.833333 0.480469 0.832465 0.480469 0.830150 0.481337 0.829282 0.481337 0.828993 0.481554 0.828125 0.481554 0.827836 0.481771 0.826968 0.481771 0.826678 0.481988 0.825231 0.481988 0.824074 0.482422 0.823206 0.482422 0.822917 0.482205 0.822627 0.482422 0.822049 0.482422 0.821759 0.482205 0.820891 0.482639 0.820312 0.482639 0.820023 0.483073 0.818576 0.483941 0.818576 0.484592 0.819444 0.485894 0.820312 0.486545 0.821470 0.486979 0.822338 0.487630 0.824074 0.488281 0.824942 0.488932 0.825810 0.488932 0.826100 0.489149 0.826678 0.489149 0.826968 0.488932 0.827836 0.488932 0.828125 0.489149 0.827836 0.489366 0.827257 0.489366 0.829861 0.489366 0.830729 0.488932 0.831887 0.488932 0.832176 0.488715 0.833623 0.488715 0.834780 0.488281 0.837095 0.488281 0.837384 0.488064 0.837963 0.488064 0.838252 0.487847 0.838831 0.487847 0.839120 0.487630 0.840567 0.487413 0.841146 0.487196
0 0.671875 0.447917 0.671586 0.447700 0.671586 0.447483 0.670428 0.446615 0.670428 0.446398 0.669850 0.445964 0.669850 0.445747 0.669560 0.445530 0.669560 0.445095 0.668692 0.444444 0.668113 0.444444 0.667824 0.444227 0.667535 0.444227 0.667245 0.444444 0.666667 0.444444 0.665509 0.445312 0.665220 0.445312 0.664062 0.446181 0.663773 0.446181 0.662905 0.446832 0.662616 0.446832 0.661748 0.447483 0.661169 0.447483 0.660590 0.447917 0.660012 0.447917 0.659722 0.448134 0.659433 0.448134 0.658565 0.448568 0.657986 0.448568 0.657697 0.448785 0.657407 0.448785 0.657407 0.449002 0.657118 0.449219 0.656829 0.449219 0.656829 0.449653 0.656539 0.449870 0.656539 0.450304 0.657697 0.451172 0.657986 0.451172 0.658854 0.451823 0.659433 0.451823 0.659722 0.452040 0.660590 0.452040 0.660880 0.451823 0.661458 0.451823 0.662326 0.451389 0.662905 0.451389 0.663194 0.451172 0.663773 0.451172 0.664062 0.450955 0.664641 0.450955 0.664931 0.450738 0.665799 0.450738 0.666088 0.450521 0.666956 0.450521 0.667245 0.450304 0.667824 0.450304 0.668113 0.450087 0.668692 0.450087 0.668981 0.449870 0.669850 0.449870 0.670139 0.449653 0.671007 0.449653 0.671875 0.449002
0 0.849248 0.432292 0.849826 0.433377 0.849537 0.433594 0.850116 0.433377 0.850405 0.433594 0.850116 0.433811 0.853588 0.434462 0.855035 0.434245 0.855324 0.434462 0.854745 0.434679 0.855613 0.434462 0.855903 0.434896 0.856192 0.434679 0.856771 0.434679 0.857350 0.435113 0.858218 0.434896 0.859375 0.435547 0.861400 0.435330 0.861690 0.435547 0.865162 0.435764 0.866030 0.436198 0.867766 0.436415 0.868056 0.436849 0.870370 0.437283 0.873553 0.437066 0.873843 0.437283 0.875868 0.437283 0.877025 0.437717 0.877894 0.437500 0.879630 0.437934 0.882523 0.437934 0.883391 0.438368 0.884838 0.438151 0.887442 0.439019 0.889468 0.440104 0.891782 0.440104 0.892361 0.439670 0.892650 0.438585 0.894676 0.437283 0.894676 0.436632 0.893808 0.436198 0.892650 0.436198 0.890914 0.436632 0.890625 0.436415 0.891204 0.435547 0.891782 0.435330 0.891493 0.434896 0.889757 0.434462 0.887731 0.434462 0.886285 0.434896 0.881655 0.434896 0.881366 0.435113 0.877894 0.434462 0.876157 0.434679 0.873843 0.434028 0.869213 0.433811 0.867766 0.433377 0.861111 0.432726 0.858218 0.431858 0.857639 0.432075 0.852141 0.431207 0.851852 0.431424 0.850116 0.431424 0.849826 0.431641 0.850116 0.431858
0 0.713831 0.425998 0.713252 0.425564 0.712963 0.425564 0.712674 0.425347 0.710648 0.425347 0.710359 0.425564 0.708623 0.425564 0.708333 0.425781 0.706887 0.425781 0.706597 0.425998 0.704861 0.425998 0.704572 0.426215 0.703414 0.426215 0.703125 0.426432 0.701678 0.426432 0.701389 0.426649 0.699942 0.426649 0.699653 0.426866 0.699074 0.426866 0.698785 0.427083 0.697049 0.427083 0.696181 0.427734 0.696181 0.428819 0.696470 0.429036 0.696759 0.429036 0.697917 0.429905 0.697917 0.430339 0.698206 0.430339 0.699074 0.430990 0.699363 0.430990 0.700231 0.431424 0.700810 0.431424 0.701100 0.431641 0.702257 0.431641 0.702546 0.431424 0.703414 0.431424 0.703704 0.431207 0.704282 0.431207 0.704572 0.430990 0.705150 0.430990 0.705440 0.430773 0.706019 0.430773 0.706308 0.430556 0.706597 0.430556 0.706887 0.430339 0.707465 0.430339 0.708044 0.429905 0.708623 0.429905 0.709491 0.429470 0.710938 0.429470 0.711227 0.429253 0.711516 0.429253 0.711806 0.429036 0.711806 0.428819 0.712095 0.428602 0.712095 0.428385 0.712384 0.428168 0.712384 0.427951 0.712963 0.427517 0.713252 0.427517 0.713831 0.427083
0 0.284433 0.387153 0.284433 0.387587 0.284722 0.387804 0.284722 0.388455 0.285590 0.389106 0.285880 0.389106 0.286169 0.389323 0.287326 0.389323 0.287616 0.389540 0.288194 0.389540 0.288484 0.389757 0.289641 0.389757 0.289931 0.389974 0.290509 0.389974 0.291088 0.390408 0.291377 0.390408 0.291667 0.390625 0.292824 0.390625 0.293113 0.390842 0.294850 0.390842 0.295139 0.391059 0.297164 0.391059 0.297454 0.391276 0.298611 0.391276 0.298900 0.391059 0.299190 0.391059 0.299479 0.391276 0.299769 0.391059 0.300637 0.391059 0.300926 0.390842 0.301215 0.390842 0.301505 0.390625 0.302373 0.390408 0.302951 0.389974 0.302951 0.388889 0.302662 0.388889 0.302083 0.388238 0.301794 0.388238 0.301215 0.387804 0.300926 0.387804 0.300637 0.387587 0.300637 0.387370 0.300347 0.387370 0.300058 0.387153 0.300058 0.386936 0.299479 0.386936 0.299190 0.386719 0.298900 0.386719 0.298322 0.386285 0.298611 0.386068 0.298322 0.385851 0.298032 0.385851 0.297454 0.385417 0.297164 0.385417 0.296586 0.384983 0.296296 0.384983 0.296007 0.384766 0.295428 0.384766 0.295139 0.384549 0.294850 0.384549 0.294560 0.384332 0.293981 0.384332 0.293692 0.384115 0.289352 0.384115 0.289062 0.383898 0.288484 0.383898 0.288194 0.383681 0.287905 0.383681 0.287616 0.383898 0.287037 0.383898 0.286748 0.384115 0.286458 0.384115 0.285880 0.384549 0.285880 0.384766 0.285012 0.385851 0.285012 0.386285 0.284722 0.386502 0.284722 0.386936
0 0.400174 0.374783 0.398727 0.374783 0.398438 0.375000 0.397859 0.375000 0.397280 0.375434 0.396991 0.375434 0.396412 0.375868 0.396412 0.376085 0.395833 0.376519 0.395833 0.376736 0.395255 0.377170 0.395255 0.377387 0.394676 0.377821 0.394676 0.378255 0.394387 0.378472 0.394097 0.378472 0.394097 0.378689 0.393808 0.378906 0.393808 0.379123 0.393519 0.379340 0.393519 0.379557 0.392650 0.380208 0.392650 0.380425 0.391782 0.381076 0.391493 0.381076 0.390336 0.381944 0.390336 0.382595 0.390625 0.382812 0.390625 0.383030 0.391204 0.383464 0.391204 0.384549 0.391493 0.384549 0.391782 0.384766 0.392940 0.384766 0.393808 0.384115 0.393808 0.383898 0.394097 0.383681 0.394097 0.383464 0.394676 0.383030 0.394676 0.382812 0.394965 0.382595 0.394965 0.382378 0.395255 0.382161 0.395255 0.381944 0.395833 0.381510 0.395833 0.381293 0.396123 0.381076 0.396123 0.380859 0.396701 0.380425 0.396701 0.380208 0.396991 0.379991 0.396991 0.379774 0.397569 0.379340 0.397569 0.379123 0.398148 0.378689 0.398148 0.378472 0.400752 0.376519 0.400752 0.375217
0 0.891493 0.343750 0.881655 0.343967 0.880787 0.344618 0.880498 0.344401 0.876447 0.352214 0.875579 0.355686 0.872106 0.360460 0.870081 0.366753 0.868056 0.368273 0.866898 0.373915 0.864873 0.377387 0.862847 0.378906 0.860532 0.382161 0.859954 0.384115 0.860243 0.386502 0.858796 0.388455 0.858796 0.389540 0.859664 0.390408 0.863137 0.390191 0.864005 0.389540 0.864294 0.389757 0.865451 0.389323 0.865162 0.388889 0.866030 0.388238 0.866319 0.388672 0.867477 0.387370 0.868924 0.384332 0.872106 0.381727 0.875289 0.378255 0.877894 0.373264 0.883970 0.367188 0.886285 0.361762 0.890625 0.357205 0.892072 0.353299 0.893229 0.352214 0.893808 0.350477 0.895255 0.348741 0.895255 0.346137 0.890625 0.343967
0 0.446470 0.287760 0.446181 0.288628 0.447049 0.289280 0.451389 0.291016 0.452836 0.291884 0.453414 0.291884 0.453704 0.292318 0.456019 0.293186 0.458044 0.294488 0.458623 0.294488 0.462384 0.296007 0.467593 0.297092 0.469039 0.297092 0.474248 0.298828 0.477141 0.299045 0.482060 0.300130 0.482639 0.299696 0.484954 0.299696 0.486400 0.300130 0.490451 0.300564 0.493056 0.301432 0.493924 0.302300 0.495081 0.302300 0.494792 0.302083 0.496238 0.301215 0.496528 0.300347 0.495660 0.299262 0.495081 0.299262 0.494502 0.298611 0.491319 0.297526 0.489294 0.297309 0.483796 0.295790 0.482639 0.296007 0.482350 0.295790 0.482639 0.295573 0.481771 0.295790 0.480324 0.295139 0.479456 0.295139 0.474537 0.293837 0.473958 0.294054 0.471644 0.293403 0.469039 0.293403 0.468750 0.293186 0.467882 0.293403 0.466725 0.292969 0.463252 0.292535 0.462384 0.292101 0.459780 0.291667 0.457176 0.290582 0.455150 0.289062 0.453125 0.289062 0.451389 0.288194 0.449942 0.288194 0.447917 0.287326 0.447049 0.287326
0 0.568576 0.256510 0.568576 0.257378 0.569444 0.257812 0.571181 0.258030 0.572338 0.258464 0.573785 0.259549 0.575521 0.259766 0.576100 0.260200 0.575810 0.260851 0.577836 0.261502 0.578993 0.261502 0.583333 0.260634 0.594329 0.260634 0.594618 0.260851 0.598380 0.260851 0.598669 0.261068 0.604456 0.261068 0.604745 0.261285 0.604167 0.261502 0.605035 0.261719 0.609375 0.261719 0.609664 0.261502 0.610532 0.261502 0.610243 0.261285 0.611400 0.260851 0.611690 0.260417 0.610822 0.259332 0.610243 0.259332 0.609375 0.258898 0.609375 0.258464 0.608796 0.257812 0.605903 0.257161 0.605613 0.256727 0.603877 0.256510 0.602720 0.256076 0.595775 0.256076 0.594039 0.255642 0.588831 0.255642 0.588542 0.255859 0.587674 0.255642 0.587095 0.255859 0.586806 0.255642 0.586516 0.255859 0.583912 0.255859 0.583623 0.255642 0.583333 0.255859 0.572627 0.256076 0.572338 0.255859 0.572627 0.255642 0.574942 0.255642 0.572338 0.255642 0.571759 0.256076 0.569444 0.256076
0 0.232928 0.096137 0.232928 0.097005 0.233507 0.097873 0.234664 0.098958 0.237558 0.103299 0.238715 0.104384 0.238715 0.104818 0.239583 0.105903 0.239583 0.106337 0.240162 0.106988 0.240162 0.107422 0.240741 0.108073 0.240741 0.108507 0.241319 0.108941 0.241609 0.109809 0.243056 0.111979 0.244502 0.113281 0.244502 0.113498 0.244792 0.113498 0.245660 0.114149 0.245660 0.114366 0.247975 0.115234 0.248843 0.114583 0.250000 0.114149 0.250000 0.113281 0.249711 0.113064 0.249711 0.112413 0.249421 0.111979 0.248553 0.111328 0.248553 0.111111 0.245949 0.109158 0.246238 0.109375 0.245949 0.109809 0.245081 0.109158 0.245081 0.108507 0.245370 0.108290 0.245660 0.108724 0.245660 0.108073 0.245081 0.107422 0.244792 0.106554 0.242766 0.104601 0.242188 0.103516 0.239294 0.101562 0.238426 0.100043 0.237847 0.099609 0.237847 0.099175 0.236979 0.097873 0.235822 0.096788 0.235822 0.096354 0.234954 0.095703 0.234086 0.095703 0.233218 0.096354