0 0.585359 0.566840 0.582465 0.566623 0.581019 0.567057 0.571470 0.574436 0.570312 0.577040 0.566551 0.579427 0.563368 0.583550 0.561053 0.588976 0.557870 0.594401 0.555556 0.596788 0.553530 0.600043 0.553241 0.601997 0.551794 0.603516 0.551794 0.607422 0.552373 0.609375 0.550347 0.614583 0.551505 0.615885 0.552373 0.618924 0.554688 0.619792 0.557581 0.621745 0.559317 0.621528 0.561632 0.619792 0.561921 0.618490 0.563368 0.617188 0.563657 0.614583 0.566262 0.612847 0.566840 0.611545 0.569155 0.609809 0.570023 0.608073 0.572627 0.606771 0.573206 0.605469 0.575521 0.603516 0.576389 0.601997 0.580729 0.598524 0.581308 0.595052 0.587095 0.588759 0.587674 0.586155 0.588831 0.585069 0.589120 0.583333 0.590567 0.581380 0.590567 0.579644 0.593461 0.576823 0.593750 0.571398 0.592882 0.570095 0.589699 0.568576 0.587095 0.567925
0 0.314815 0.556207 0.310475 0.557943 0.307292 0.566406 0.304688 0.567491 0.285301 0.588108 0.276910 0.606771 0.271701 0.613064 0.267361 0.626085 0.265625 0.627387 0.264468 0.633898 0.265914 0.637370 0.269387 0.638021 0.276331 0.631510 0.276620 0.628906 0.285012 0.615451 0.298032 0.606988 0.304109 0.617622 0.303819 0.627604 0.295139 0.639106 0.287905 0.644097 0.279803 0.652344 0.278356 0.656901 0.279225 0.659071 0.273727 0.667535 0.274884 0.673828 0.278067 0.671007 0.279803 0.664714 0.289062 0.654080 0.292245 0.647352 0.300058 0.642578 0.309896 0.632812 0.315394 0.618056 0.319155 0.612413 0.337095 0.595920 0.338831 0.593099 0.337963 0.590929 0.342303 0.588542 0.340567 0.585720 0.338252 0.585720 0.338542 0.582682 0.331308 0.578776 0.318576 0.566189
0 0.353588 0.545139 0.336227 0.556641 0.333912 0.561632 0.337384 0.568359 0.337963 0.573351 0.341435 0.578125 0.346933 0.580946 0.349826 0.580729 0.352431 0.578993 0.353299 0.579861 0.353588 0.586806 0.355324 0.589410 0.354745 0.600477 0.359375 0.612413 0.361400 0.631727 0.364294 0.638889 0.364294 0.645616 0.365741 0.647352 0.367477 0.657552 0.371528 0.662109 0.385706 0.668186 0.390046 0.672309 0.392940 0.677734 0.394387 0.678602 0.397859 0.677951 0.402778 0.683377 0.405961 0.684896 0.408565 0.683160 0.408854 0.681424 0.407118 0.679688 0.407118 0.674045 0.401042 0.661675 0.401042 0.643229 0.393229 0.629557 0.391493 0.617405 0.385127 0.599609 0.386863 0.597873 0.385127 0.585720 0.380498 0.576389 0.377604 0.573568 0.365451 0.547092 0.360243 0.545139
0 0.824942 0.538194 0.819155 0.548611 0.836806 0.576823 0.871528 0.606771 0.877894 0.615017 0.881366 0.625434 0.884838 0.629774 0.900752 0.631510 0.908565 0.633898 0.913484 0.632595 0.915220 0.624132 0.913773 0.613932 0.911748 0.609375 0.901042 0.597222 0.897859 0.587891 0.898148 0.582682 0.906539 0.586155 0.925058 0.602431 0.939236 0.610243 0.959201 0.618056 0.962674 0.617188 0.962674 0.611545 0.953414 0.598307 0.953414 0.594184 0.948785 0.588976 0.946759 0.582899 0.937211 0.579210 0.933449 0.575304 0.920428 0.568793 0.907118 0.557726 0.883681 0.549696 0.870370 0.542752 0.866319 0.542752 0.841725 0.535590 0.830729 0.535590
0 0.278356 0.493056 0.276331 0.492622 0.270833 0.495877 0.269097 0.498915 0.268519 0.501736 0.260706 0.512587 0.254340 0.516276 0.252025 0.516710 0.243345 0.523003 0.240162 0.525825 0.236111 0.532335 0.233796 0.534071 0.233796 0.536241 0.235243 0.537109 0.241319 0.536892 0.247106 0.533420 0.249421 0.534722 0.249132 0.537543 0.247685 0.539280 0.247685 0.544271 0.248264 0.546007 0.251157 0.547960 0.252894 0.547960 0.254340 0.547309 0.254919 0.546007 0.256655 0.545356 0.258102 0.543620 0.260706 0.542318 0.264178 0.537326 0.264178 0.535590 0.265914 0.533420 0.265914 0.530816 0.270255 0.523655 0.271991 0.521918 0.273438 0.518663 0.278935 0.511936 0.282697 0.509549 0.283275 0.501085 0.282118 0.499783 0.281829 0.496528
0 0.398727 0.480035 0.396701 0.479818 0.394965 0.481120 0.390914 0.482639 0.389757 0.483724 0.389468 0.484809 0.386863 0.486762 0.365162 0.500868 0.364873 0.502170 0.362847 0.503472 0.362269 0.504774 0.362558 0.507812 0.365162 0.510200 0.367766 0.511502 0.369502 0.513021 0.372106 0.513672 0.373843 0.513238 0.380208 0.513021 0.382812 0.511719 0.383970 0.509766 0.386574 0.507595 0.386574 0.506944 0.388021 0.505425 0.388310 0.502821 0.389757 0.501519 0.389757 0.499132 0.391204 0.497830 0.391493 0.495443 0.392940 0.494141 0.393229 0.492188 0.394676 0.490668 0.394676 0.489583 0.395833 0.488498 0.396412 0.486979 0.397569 0.486111 0.399595 0.483073 0.399595 0.481120
0 0.510417 0.476128 0.513021 0.478516 0.515625 0.480035 0.515625 0.481337 0.516782 0.482205 0.521412 0.482422 0.524595 0.481120 0.528067 0.481120 0.530093 0.480035 0.532118 0.479601 0.534722 0.477865 0.536458 0.477431 0.538194 0.476345 0.539931 0.476128 0.544850 0.472873 0.546586 0.472439 0.549769 0.470486 0.551505 0.470052 0.554688 0.468099 0.559317 0.464193 0.559317 0.462674 0.557002 0.461589 0.541667 0.459201 0.538194 0.458333 0.534433 0.457899 0.532407 0.457248 0.528935 0.456814 0.518519 0.456814 0.517072 0.457682 0.515336 0.460286 0.515046 0.461589 0.513889 0.462457 0.513310 0.465061 0.512153 0.466146 0.511863 0.468967 0.510127 0.473307
0 0.722512 0.428168 0.716725 0.423611 0.711806 0.422309 0.689815 0.422092 0.680266 0.419705 0.642650 0.421007 0.639468 0.422309 0.632812 0.422309 0.624711 0.424479 0.612558 0.425781 0.609954 0.427083 0.605613 0.427083 0.572917 0.434679 0.570891 0.437717 0.583623 0.441840 0.594329 0.449219 0.606481 0.454427 0.607350 0.456597 0.610822 0.456597 0.623553 0.460286 0.627604 0.458333 0.659144 0.458550 0.674190 0.460938 0.689815 0.461155 0.693576 0.460069 0.692130 0.457899 0.673322 0.454210 0.669850 0.452040 0.640625 0.451606 0.668981 0.445095 0.694155 0.437066 0.704282 0.435547 0.718461 0.430773
0 0.555266 0.373047 0.552951 0.371094 0.549479 0.369792 0.541667 0.369575 0.536748 0.370660 0.526620 0.370877 0.522280 0.371962 0.517650 0.372179 0.513889 0.373264 0.509259 0.373481 0.506944 0.374566 0.497106 0.375434 0.491609 0.376953 0.488426 0.377170 0.480613 0.380208 0.475116 0.383898 0.472222 0.384983 0.470775 0.386936 0.468171 0.388021 0.468171 0.389323 0.469618 0.390191 0.471354 0.390191 0.475694 0.388672 0.478588 0.388672 0.486979 0.385634 0.489005 0.383464 0.492188 0.383030 0.495660 0.381727 0.502604 0.381510 0.521412 0.378255 0.526620 0.378255 0.528935 0.377170 0.532986 0.377170 0.535880 0.376519 0.546296 0.375868 0.552373 0.375868 0.555266 0.373915
0 0.594618 0.330295 0.592014 0.328993 0.589120 0.330078 0.584780 0.329861 0.572338 0.331163 0.568287 0.332465 0.561632 0.332682 0.559028 0.333767 0.554688 0.333984 0.552373 0.334852 0.543981 0.335069 0.541377 0.336155 0.534144 0.336372 0.532118 0.337457 0.526910 0.337457 0.523727 0.338759 0.521701 0.338759 0.513021 0.342231 0.500289 0.346137 0.498264 0.348524 0.479167 0.360677 0.479456 0.362847 0.478588 0.365017 0.479456 0.365885 0.481192 0.366102 0.485822 0.365234 0.487558 0.364149 0.508970 0.364149 0.523727 0.358290 0.528646 0.358073 0.531250 0.356988 0.536169 0.356988 0.538484 0.355903 0.541377 0.355686 0.544850 0.353516 0.551215 0.351997 0.563368 0.345269 0.577836 0.340495 0.581887 0.340061 0.586806 0.337891 0.589410 0.337674 0.595197 0.334418
0 0.559317 0.283420 0.558738 0.284939 0.560764 0.289062 0.560475 0.289931 0.566262 0.303602 0.568866 0.307726 0.575231 0.312500 0.577257 0.313151 0.578704 0.314453 0.581019 0.315104 0.582465 0.316840 0.585069 0.318142 0.588252 0.321615 0.588831 0.324002 0.592014 0.326823 0.598090 0.326606 0.599826 0.325521 0.601562 0.325304 0.603299 0.324436 0.606771 0.324870 0.609375 0.324219 0.610822 0.323134 0.611400 0.321615 0.610822 0.319010 0.609375 0.318142 0.606192 0.313368 0.603877 0.311415 0.602720 0.309462 0.599537 0.307075 0.598380 0.305122 0.592303 0.300130 0.592303 0.291233 0.591725 0.289931 0.593461 0.289280 0.593750 0.287977 0.593171 0.287109 0.591725 0.286458 0.582755 0.286458 0.580440 0.287760 0.572917 0.287543 0.571470 0.286675 0.567708 0.286024 0.561921 0.283203
0 0.445891 0.093099 0.443576 0.094835 0.443866 0.099609 0.444155 0.099392 0.445602 0.100260 0.446181 0.101780 0.447338 0.102648 0.447627 0.103950 0.451678 0.106771 0.456597 0.113932 0.457176 0.115885 0.459201 0.116970 0.461516 0.120443 0.465856 0.124349 0.466146 0.125868 0.466725 0.126736 0.468461 0.126953 0.469039 0.126519 0.469907 0.124783 0.472512 0.123047 0.472801 0.122396 0.472801 0.115668 0.472222 0.114366 0.471933 0.110894 0.469329 0.108507 0.468171 0.106554 0.463252 0.102865 0.461516 0.101997 0.460938 0.100911 0.459780 0.100043 0.458623 0.098524 0.457176 0.097656 0.454861 0.097005 0.452257 0.095269 0.450521 0.094835 0.448785 0.093316 0.447338 0.092882
0 0.572338 0.090061 0.571470 0.090712 0.571470 0.093099 0.574074 0.095703 0.576678 0.100477 0.582755 0.105686 0.588831 0.109809 0.589410 0.111328 0.592014 0.112413 0.598380 0.123047 0.599537 0.123698 0.601852 0.123915 0.613715 0.132161 0.615741 0.132161 0.618634 0.133247 0.621238 0.133464 0.623843 0.134549 0.626157 0.134115 0.627604 0.133030 0.628183 0.131293 0.626736 0.129557 0.626157 0.126953 0.625289 0.126302 0.621528 0.120009 0.617188 0.115234 0.616898 0.112196 0.615451 0.110894 0.615451 0.108941 0.614873 0.108073 0.611400 0.105469 0.609375 0.105035 0.607350 0.103299 0.602141 0.101345 0.599248 0.098524 0.596644 0.097656 0.595486 0.096788 0.589699 0.094401 0.587095 0.094184 0.585359 0.093316 0.584201 0.093316 0.582465 0.092231 0.575231 0.092231 0.573785 0.090278