0 0.883247 0.969618 0.882161 0.969329 0.881944 0.969039 0.882161 0.968461 0.881944 0.968750 0.881076 0.968750 0.878038 0.970775 0.876519 0.972512 0.874132 0.974248 0.868490 0.981481 0.868056 0.981481 0.867622 0.982060 0.867622 0.982639 0.865234 0.985822 0.864583 0.986111 0.863281 0.989005 0.859809 0.994502 0.859375 0.996817 0.858073 0.999711 0.872179 0.999711 0.873047 0.997685 0.874349 0.995660 0.875868 0.991898 0.879557 0.986690 0.881727 0.981771 0.882161 0.979167 0.883464 0.975405 0.883247 0.974248 0.883464 0.970197
0 0.396701 0.951968 0.395399 0.953704 0.395616 0.953993 0.394748 0.957755 0.394965 0.958912 0.394314 0.960648 0.394097 0.960359 0.393012 0.963542 0.392361 0.968171 0.391276 0.971065 0.390408 0.976273 0.390408 0.982639 0.389757 0.986400 0.389540 0.986690 0.389323 0.985822 0.389106 0.987269 0.389323 0.990451 0.390191 0.993345 0.390408 0.992766 0.391059 0.994213 0.391710 0.997975 0.392795 0.999711 0.396484 0.999132 0.396701 0.999711 0.401259 0.999711 0.402561 0.998843 0.403212 0.998843 0.403863 0.999711 0.407769 0.999711 0.407769 0.998264 0.406684 0.995081 0.406684 0.993634 0.406033 0.992766 0.405816 0.991030 0.404514 0.988715 0.401693 0.981481 0.401693 0.979456 0.401042 0.977720 0.400825 0.975694 0.401042 0.975116 0.400174 0.973380 0.400391 0.969907 0.399957 0.967303 0.400174 0.962384 0.399089 0.958912 0.399089 0.957176 0.398655 0.956019 0.398438 0.953414 0.397786 0.952257
0 0.584635 0.939236 0.584418 0.939236 0.584418 0.940683 0.584635 0.940394 0.584852 0.940683 0.584852 0.940972 0.584635 0.941262 0.584418 0.941262 0.584201 0.941551 0.583984 0.941262 0.583984 0.941551 0.583767 0.941840 0.583550 0.941840 0.583550 0.943866 0.583767 0.943866 0.583767 0.943576 0.583550 0.943287 0.583550 0.942708 0.583767 0.942419 0.583767 0.941840 0.583984 0.941551 0.584852 0.941551 0.584852 0.941262 0.585069 0.940972 0.584418 0.940104 0.584418 0.939525
0 0.433594 0.919271 0.432726 0.920718 0.433594 0.927662 0.433377 0.934896 0.436198 0.949653 0.435981 0.951389 0.435547 0.950521 0.435113 0.959201 0.438585 0.975116 0.439019 0.980903 0.440104 0.986400 0.442057 0.991030 0.444661 0.999711 0.444878 0.998843 0.445312 0.999711 0.454861 0.999711 0.454427 0.990741 0.451823 0.980903 0.450738 0.974826 0.447917 0.969039 0.445747 0.960938 0.442925 0.953414 0.441840 0.948206 0.441189 0.940972 0.437934 0.926794 0.435981 0.924190 0.435330 0.920428 0.434462 0.919271
0 0.721137 0.778646 0.720486 0.778935 0.720052 0.779514 0.719835 0.780382 0.720269 0.781829 0.720269 0.783275 0.721137 0.786458 0.721137 0.787905 0.722222 0.791956 0.722222 0.793113 0.722873 0.795139 0.722873 0.797164 0.723307 0.798322 0.723307 0.801215 0.723741 0.802373 0.724175 0.805845 0.724392 0.806134 0.724392 0.807292 0.724826 0.808449 0.724826 0.809896 0.724609 0.810185 0.724175 0.808449 0.724609 0.810185 0.724392 0.810764 0.724826 0.810764 0.725260 0.811921 0.726345 0.813079 0.727214 0.813368 0.727431 0.814236 0.728516 0.815972 0.729818 0.816840 0.730252 0.816551 0.730903 0.815394 0.730903 0.813657 0.730686 0.813368 0.730686 0.811053 0.730903 0.810764 0.730903 0.809317 0.730686 0.809028 0.730686 0.808160 0.730903 0.807870 0.730903 0.803241 0.730686 0.802951 0.730469 0.800926 0.729818 0.799479 0.729601 0.797454 0.728950 0.796586 0.728516 0.794560 0.727431 0.791667 0.725911 0.789062 0.723958 0.783854 0.723524 0.781539 0.722439 0.779225
0 0.829427 0.729167 0.828559 0.729167 0.828125 0.729745 0.827040 0.730324 0.822917 0.730324 0.822483 0.730613 0.821615 0.732060 0.821615 0.732928 0.822483 0.734954 0.822483 0.735822 0.823351 0.739005 0.823351 0.747396 0.823568 0.747685 0.823568 0.750868 0.823134 0.751157 0.823134 0.753762 0.823351 0.754051 0.823134 0.757234 0.823351 0.757523 0.823351 0.760995 0.823785 0.762153 0.824436 0.762731 0.824870 0.762442 0.826389 0.762442 0.826606 0.762153 0.828125 0.762153 0.828342 0.761863 0.828776 0.762153 0.829210 0.761863 0.830512 0.760127 0.831163 0.760127 0.831597 0.759549 0.832031 0.759549 0.832465 0.758970 0.833550 0.758391 0.834201 0.757523 0.834418 0.756944 0.834418 0.755787 0.834635 0.755498 0.834635 0.754051 0.834201 0.752894 0.833984 0.750579 0.833116 0.747975 0.832899 0.744213 0.832682 0.743924 0.832465 0.741609 0.831814 0.739583 0.831814 0.737269 0.831597 0.736979 0.830729 0.731481 0.830295 0.730324
0 0.065104 0.597222 0.061198 0.597222 0.061849 0.597512 0.059028 0.600405 0.056424 0.605324 0.052734 0.616030 0.049045 0.620660 0.049913 0.620660 0.048611 0.622975 0.048394 0.622106 0.047309 0.626447 0.044271 0.630208 0.045356 0.629340 0.040582 0.641782 0.036458 0.647280 0.032335 0.658565 0.026476 0.669560 0.025608 0.669560 0.022786 0.674769 0.019965 0.685764 0.014540 0.694444 0.011719 0.701100 0.012370 0.704572 0.017578 0.702546 0.020616 0.699942 0.024089 0.692998 0.032118 0.684028 0.032769 0.679977 0.044054 0.657986 0.044488 0.653356 0.047526 0.645255 0.047526 0.642361 0.048394 0.641782 0.054253 0.644387 0.055773 0.643229 0.056641 0.637731 0.065321 0.621817 0.070530 0.607639 0.069878 0.603588
0 0.389974 0.538484 0.388672 0.539641 0.389106 0.573785 0.389540 0.575521 0.389757 0.579861 0.389974 0.578993 0.390408 0.580440 0.389974 0.582755 0.389757 0.580729 0.389757 0.584780 0.390191 0.583623 0.390625 0.585648 0.390625 0.592014 0.390191 0.592014 0.389974 0.589988 0.389974 0.592882 0.390625 0.595486 0.390842 0.602720 0.392795 0.614873 0.392361 0.615162 0.392361 0.616319 0.392795 0.615741 0.393663 0.616898 0.394965 0.616319 0.395616 0.616898 0.397135 0.615162 0.397569 0.611400 0.397569 0.602141 0.397135 0.601562 0.396918 0.594039 0.396484 0.594329 0.396267 0.587963 0.396701 0.588252 0.397135 0.584780 0.396701 0.577546 0.397352 0.576968 0.397135 0.570023 0.398003 0.561632 0.397569 0.552662 0.397135 0.551215 0.397569 0.545139 0.394097 0.541088
0 0.654948 0.517940 0.652995 0.517650 0.652561 0.518229 0.651910 0.517940 0.651476 0.518519 0.649957 0.518519 0.645833 0.520833 0.642795 0.525174 0.642361 0.524595 0.642361 0.523148 0.643229 0.519387 0.643012 0.514468 0.642578 0.513889 0.642361 0.514468 0.641059 0.514468 0.638889 0.516493 0.637370 0.520544 0.636719 0.524884 0.635851 0.528067 0.634766 0.530382 0.632812 0.537037 0.632812 0.543113 0.633030 0.543692 0.632595 0.545139 0.632595 0.547454 0.633247 0.548611 0.633464 0.550637 0.634549 0.551794 0.635851 0.551505 0.635634 0.550926 0.636502 0.549769 0.637153 0.547454 0.639106 0.546007 0.639974 0.543403 0.642361 0.538773 0.642578 0.539641 0.643880 0.537326 0.644965 0.534433 0.646484 0.532118 0.646267 0.531250 0.648438 0.526620 0.651476 0.522569 0.654731 0.520833 0.655165 0.520255
0 0.060113 0.460648 0.059245 0.461806 0.059245 0.463252 0.064453 0.472222 0.065104 0.475694 0.067057 0.479745 0.070312 0.483507 0.074436 0.485822 0.077691 0.492188 0.085069 0.500000 0.088108 0.509838 0.090278 0.513021 0.093533 0.521412 0.098524 0.529225 0.100043 0.535590 0.110460 0.555556 0.112630 0.555845 0.115885 0.558738 0.118707 0.559028 0.120009 0.558160 0.121311 0.559896 0.122396 0.559896 0.123264 0.557581 0.123047 0.555556 0.120226 0.550347 0.117405 0.542535 0.112847 0.535012 0.110677 0.527199 0.105252 0.519676 0.100477 0.510417 0.095703 0.505787 0.089193 0.494502 0.084201 0.489873 0.078993 0.481481 0.072049 0.473669 0.067491 0.466725 0.061849 0.460938
0 0.622396 0.445602 0.621528 0.446759 0.621745 0.447627 0.621528 0.449942 0.623698 0.456308 0.623481 0.457176 0.623698 0.456887 0.626085 0.460938 0.627387 0.464410 0.628255 0.467882 0.628038 0.469329 0.629123 0.473958 0.630642 0.476852 0.631510 0.479456 0.632378 0.480903 0.632378 0.481481 0.634115 0.485822 0.635417 0.487558 0.636719 0.487847 0.637804 0.486690 0.638021 0.485822 0.637587 0.482350 0.637370 0.482060 0.637370 0.479745 0.636502 0.476273 0.635851 0.474826 0.635634 0.473380 0.635200 0.473090 0.634766 0.471354 0.634115 0.470197 0.633247 0.466146 0.631510 0.462384 0.627821 0.457176 0.626953 0.454572 0.626736 0.453125 0.625434 0.450810 0.624783 0.446759 0.623698 0.445602
0 0.523220 0.384549 0.521267 0.383102 0.519965 0.382523 0.518446 0.382523 0.517144 0.381655 0.514540 0.381944 0.511285 0.381076 0.506293 0.380787 0.504340 0.381655 0.501519 0.382234 0.498047 0.384259 0.496528 0.386285 0.495443 0.386574 0.494575 0.387442 0.492405 0.388310 0.491319 0.389468 0.488932 0.390625 0.486111 0.393519 0.483073 0.397569 0.482422 0.399884 0.483290 0.400752 0.483941 0.400752 0.484375 0.399884 0.485026 0.399595 0.485460 0.399884 0.488932 0.396991 0.492622 0.395255 0.493490 0.395255 0.495009 0.393808 0.496962 0.393229 0.498264 0.392361 0.500868 0.391782 0.501519 0.391204 0.510200 0.389178 0.510634 0.388600 0.511936 0.388310 0.513672 0.387153 0.514757 0.387442 0.518229 0.386574 0.519097 0.387153 0.521701 0.387442 0.522786 0.386863 0.523220 0.385995
0 0.644097 0.357350 0.644097 0.358507 0.644531 0.359664 0.645399 0.360822 0.645616 0.360822 0.648220 0.363715 0.649089 0.364294 0.649957 0.365451 0.651910 0.366609 0.652778 0.367766 0.652778 0.368056 0.652995 0.368056 0.654297 0.369792 0.654297 0.370081 0.654514 0.370081 0.656250 0.372396 0.656250 0.372685 0.656467 0.372685 0.659722 0.376736 0.662109 0.378762 0.663628 0.378762 0.664062 0.378183 0.664280 0.377604 0.664280 0.375868 0.663845 0.375289 0.663845 0.375000 0.663194 0.374711 0.662760 0.374132 0.661892 0.373553 0.659939 0.370949 0.659505 0.369792 0.658637 0.368634 0.657769 0.366319 0.657335 0.365741 0.657118 0.365741 0.655816 0.363715 0.653863 0.362269 0.652995 0.361111 0.652344 0.360822 0.651476 0.359664 0.651476 0.359375 0.651259 0.359375 0.650825 0.358796 0.650825 0.358507 0.649523 0.356192 0.649089 0.355903 0.648003 0.355903 0.647135 0.357060 0.646701 0.357060 0.646267 0.356481 0.645182 0.356481 0.644965 0.356192 0.644965 0.356771 0.644531 0.357350
0 0.628255 0.341146 0.625868 0.339988 0.611328 0.344907 0.596354 0.352720 0.592231 0.356481 0.588108 0.347222 0.586155 0.346065 0.585286 0.350116 0.589410 0.358796 0.585503 0.364005 0.558811 0.386863 0.549262 0.401331 0.544271 0.412326 0.541450 0.422743 0.537109 0.430556 0.538845 0.448206 0.537760 0.456308 0.539497 0.458044 0.542101 0.456019 0.547309 0.442998 0.551866 0.439236 0.570747 0.411748 0.585503 0.395833 0.591146 0.387153 0.599826 0.380498 0.601128 0.387731 0.606771 0.396412 0.617405 0.432292 0.619358 0.432870 0.621094 0.428241 0.621094 0.422454 0.618056 0.416377 0.616319 0.406250 0.603516 0.378183 0.616753 0.368056 0.625217 0.355613 0.627821 0.347512
0 0.075955 0.316262 0.074653 0.320023 0.076389 0.322338 0.078342 0.328125 0.078125 0.329572 0.079210 0.331019 0.079644 0.333912 0.081163 0.335938 0.081163 0.337674 0.081814 0.338831 0.082248 0.338252 0.083333 0.339699 0.088976 0.352720 0.090495 0.357060 0.089844 0.359375 0.090278 0.361979 0.093099 0.367766 0.093533 0.367188 0.094835 0.369502 0.100043 0.385127 0.100477 0.387731 0.101780 0.390336 0.102431 0.393519 0.104384 0.394676 0.106554 0.394387 0.107422 0.392650 0.107422 0.390625 0.106771 0.390625 0.103950 0.383681 0.103950 0.379340 0.102431 0.377894 0.099392 0.366898 0.094618 0.359664 0.093099 0.354167 0.088108 0.343461 0.087891 0.341435 0.087457 0.341435 0.086589 0.338542 0.085720 0.337674 0.084201 0.334780 0.083767 0.332755 0.081163 0.328414 0.079644 0.323785 0.080078 0.323206 0.079427 0.322917 0.079644 0.322049 0.077040 0.316551
0 0.669054 0.309606 0.669054 0.309896 0.668837 0.310185 0.668837 0.310764 0.669054 0.311053 0.669488 0.311053 0.669488 0.310764 0.669705 0.310475 0.669705 0.310185 0.669271 0.309606
0 0.086806 0.245081 0.086806 0.247396 0.087023 0.247685 0.087023 0.248264 0.087240 0.248553 0.087240 0.248843 0.087023 0.249132 0.087023 0.249421 0.087240 0.249132 0.087457 0.249132 0.087674 0.249421 0.087674 0.250000 0.087674 0.248553 0.087240 0.247975 0.087240 0.247685 0.087457 0.247396 0.087457 0.247106 0.087457 0.247396 0.087240 0.247685 0.086806 0.247106
0 0.072483 0.002604 0.071832 0.005208 0.071398 0.012153 0.071832 0.013600 0.071615 0.019676 0.072266 0.032986 0.072917 0.035012 0.073568 0.041956 0.075087 0.048322 0.075087 0.049769 0.076172 0.052373 0.076606 0.059317 0.077257 0.060185 0.077908 0.064236 0.077474 0.065683 0.077691 0.067998 0.078342 0.070602 0.079427 0.071759 0.079861 0.073495 0.080729 0.074653 0.081597 0.074653 0.082465 0.073495 0.082031 0.069444 0.082465 0.065972 0.082248 0.063368 0.081597 0.062211 0.081163 0.057870 0.081380 0.050637 0.082031 0.049190 0.080729 0.036748 0.080946 0.033565 0.080512 0.034722 0.080078 0.033275 0.080295 0.029225 0.079210 0.021412 0.078993 0.013889 0.078559 0.011863 0.078776 0.008102 0.076823 0.004630 0.073785 0.002604