0 0.128762 0.968316 0.126736 0.968316 0.125868 0.969184 0.125579 0.971354 0.125000 0.972439 0.125000 0.973741 0.123553 0.976562 0.123553 0.978299 0.122685 0.980252 0.122106 0.980903 0.120949 0.983941 0.120370 0.984592 0.120370 0.985894 0.119502 0.986111 0.119213 0.986762 0.119213 0.987413 0.116609 0.993056 0.116609 0.995226 0.116030 0.995877 0.115741 0.997179 0.114873 0.998047 0.114583 0.999783 0.117477 0.999783 0.118634 0.998047 0.118634 0.997179 0.119213 0.996528 0.119213 0.994141 0.120081 0.992839 0.120081 0.991753 0.120660 0.991102 0.120660 0.990451 0.121238 0.989800 0.121238 0.989149 0.121817 0.988281 0.121817 0.987196 0.122975 0.986111 0.123843 0.983724 0.124711 0.982422 0.124711 0.981771 0.126157 0.980035 0.126157 0.978082 0.126736 0.977431 0.127025 0.975911 0.127894 0.974392 0.128183 0.971571 0.128472 0.971354 0.128472 0.970486 0.129051 0.969835 0.129051 0.968533
0 0.595775 0.954861 0.593171 0.954861 0.590567 0.957682 0.590567 0.958333 0.589120 0.959635 0.587963 0.962023 0.584780 0.964844 0.583912 0.966146 0.583333 0.966363 0.583333 0.967231 0.581308 0.969618 0.581019 0.970920 0.580150 0.972222 0.579572 0.974826 0.578414 0.976562 0.577257 0.979167 0.577257 0.980252 0.576678 0.980686 0.576968 0.980903 0.576100 0.982205 0.576100 0.986328 0.575521 0.986979 0.575231 0.988281 0.575521 0.988498 0.574653 0.989149 0.574074 0.990451 0.572917 0.991753 0.572627 0.992622 0.572917 0.993707 0.574942 0.993707 0.575521 0.993273 0.578414 0.989366 0.580440 0.986111 0.581308 0.981988 0.582755 0.980469 0.582755 0.980035 0.583912 0.979384 0.584201 0.978516 0.586806 0.975043 0.587384 0.973090 0.589699 0.970486 0.589988 0.969184 0.592014 0.966580 0.592014 0.965929 0.592882 0.964844 0.593171 0.963325 0.593750 0.962674 0.593750 0.960938 0.595775 0.956597
0 0.607350 0.953776 0.606771 0.954210 0.606771 0.955512 0.608507 0.962023 0.608507 0.963542 0.611111 0.966797 0.611111 0.967448 0.612558 0.969184 0.612558 0.970052 0.613715 0.970703 0.614873 0.973524 0.614873 0.975260 0.615741 0.976128 0.616030 0.977648 0.617188 0.979167 0.617188 0.980252 0.618924 0.982422 0.619502 0.985460 0.620370 0.986762 0.620660 0.991319 0.621238 0.992188 0.621238 0.993490 0.621817 0.994141 0.622975 0.999783 0.629051 0.999783 0.629051 0.998047 0.626736 0.993056 0.626157 0.989366 0.625000 0.988064 0.625000 0.986762 0.624421 0.986111 0.624421 0.984592 0.623843 0.983724 0.623843 0.980686 0.623264 0.980035 0.623264 0.976345 0.622106 0.973524 0.622106 0.972005 0.621238 0.970269 0.619792 0.968750 0.619792 0.968099 0.615451 0.962457 0.615162 0.961155 0.614005 0.959418 0.611979 0.957465 0.610532 0.955295 0.609375 0.954644 0.609375 0.954210
0 0.250000 0.943576 0.250000 0.945530 0.253183 0.947700 0.257234 0.950955 0.258102 0.953342 0.259259 0.954644 0.259259 0.955078 0.261285 0.958116 0.263310 0.959418 0.263889 0.960069 0.263889 0.960503 0.264757 0.960938 0.265625 0.962240 0.266493 0.962891 0.266493 0.963542 0.268808 0.966797 0.269387 0.967014 0.269387 0.968099 0.269965 0.968533 0.269965 0.969184 0.270833 0.970269 0.270544 0.970486 0.271123 0.971137 0.271123 0.972656 0.271412 0.972873 0.273438 0.972873 0.273727 0.972656 0.273727 0.969401 0.272859 0.968533 0.272569 0.967231 0.271991 0.966580 0.271991 0.965929 0.270833 0.964627 0.270833 0.964193 0.269965 0.963542 0.269387 0.962240 0.268808 0.961806 0.268808 0.960938 0.268229 0.960720 0.267650 0.959852 0.265336 0.958116 0.265336 0.957682 0.262731 0.955729 0.258970 0.949219 0.254919 0.945964 0.252315 0.944227 0.252025 0.943576
0 0.040509 0.943576 0.040220 0.943793 0.040220 0.947266 0.040799 0.947700 0.040799 0.948785 0.041667 0.950087 0.041667 0.950955 0.041956 0.951172 0.041956 0.953342 0.042245 0.953559 0.041956 0.955295 0.043113 0.956597 0.043113 0.957682 0.043692 0.958333 0.043692 0.959201 0.044560 0.960286 0.044850 0.963108 0.045139 0.963759 0.045718 0.964193 0.045718 0.965061 0.046875 0.967014 0.047164 0.968316 0.048900 0.972222 0.049479 0.972873 0.051215 0.972873 0.051794 0.972439 0.051794 0.970486 0.051215 0.970052 0.051215 0.967665 0.050637 0.967448 0.050637 0.965712 0.050347 0.965278 0.049479 0.965278 0.049190 0.965061 0.048900 0.964193 0.048322 0.963759 0.047454 0.959635 0.046875 0.958550 0.047164 0.958116 0.047164 0.956597 0.046296 0.956597 0.045718 0.955946 0.045718 0.951823 0.045139 0.950738 0.045139 0.946398 0.043692 0.944227 0.043692 0.943576
0 0.222801 0.892795 0.222512 0.893012 0.222512 0.893663 0.222222 0.893880 0.222222 0.896267 0.222801 0.896701 0.222801 0.897569 0.223380 0.898220 0.223669 0.899523 0.224248 0.900391 0.224826 0.900825 0.224826 0.901259 0.225694 0.901693 0.225984 0.902344 0.226852 0.902778 0.227141 0.903429 0.228588 0.904514 0.230035 0.904948 0.230903 0.905599 0.231192 0.905599 0.231481 0.906033 0.232350 0.906250 0.234375 0.907552 0.235532 0.909071 0.235532 0.909505 0.235822 0.909505 0.236979 0.910590 0.237847 0.912109 0.239294 0.913194 0.239294 0.913628 0.239873 0.913845 0.240162 0.914280 0.242477 0.914280 0.242766 0.914062 0.242766 0.912760 0.241609 0.911675 0.241609 0.910590 0.240451 0.909722 0.240451 0.909288 0.239873 0.908637 0.239873 0.907986 0.237558 0.904514 0.236111 0.903429 0.235532 0.903429 0.234954 0.902995 0.233796 0.902778 0.231192 0.900608 0.231192 0.900391 0.229745 0.899089 0.229456 0.898220 0.228588 0.897352 0.228588 0.896484 0.227720 0.895182 0.227141 0.894748 0.226852 0.894748 0.225984 0.893880 0.225405 0.893663 0.225116 0.892795
0 0.234664 0.788845 0.234086 0.789280 0.234086 0.792752 0.234375 0.792969 0.234375 0.793620 0.234664 0.793837 0.234664 0.795790 0.234954 0.796007 0.234954 0.798177 0.235243 0.798394 0.235243 0.801215 0.235822 0.801866 0.235822 0.803819 0.236111 0.804036 0.236111 0.804905 0.236400 0.805122 0.236400 0.806207 0.236979 0.806641 0.236979 0.807292 0.237269 0.807509 0.236979 0.807726 0.237269 0.807943 0.237269 0.808160 0.237558 0.808160 0.237847 0.808377 0.239294 0.808377 0.239583 0.808160 0.240162 0.808160 0.240162 0.807509 0.239873 0.807292 0.240162 0.807075 0.240162 0.806858 0.239873 0.806641 0.239873 0.806207 0.239583 0.805990 0.239583 0.804470 0.239294 0.804253 0.239294 0.801649 0.239005 0.801649 0.238426 0.801215 0.238426 0.800347 0.238137 0.800130 0.238137 0.799696 0.237847 0.799479 0.237847 0.795790 0.237558 0.795573 0.237558 0.794488 0.237269 0.794271 0.237269 0.792318 0.236979 0.792101 0.237269 0.791884 0.237269 0.789931 0.236979 0.789714 0.236690 0.789062 0.235243 0.789062 0.234954 0.788845
0 0.256944 0.726780 0.256655 0.727214 0.256655 0.727648 0.256944 0.727865 0.256944 0.729167 0.257523 0.729818 0.257523 0.730252 0.257812 0.730686 0.258681 0.731337 0.258970 0.731988 0.261285 0.733290 0.261285 0.733724 0.261574 0.733941 0.261574 0.734809 0.262153 0.735460 0.262153 0.735894 0.263310 0.737630 0.263310 0.738281 0.263889 0.738715 0.263889 0.739366 0.264468 0.740017 0.264757 0.741102 0.265336 0.741970 0.265914 0.742405 0.265914 0.743056 0.266493 0.743707 0.266493 0.744141 0.267072 0.745009 0.267072 0.745660 0.267361 0.745877 0.269387 0.745877 0.269676 0.745660 0.269676 0.743056 0.268519 0.741536 0.268229 0.740451 0.267361 0.739366 0.267361 0.738715 0.266782 0.738064 0.266782 0.737413 0.266204 0.736762 0.266204 0.736111 0.265914 0.735894 0.265914 0.735460 0.265625 0.735243 0.265336 0.734158 0.264468 0.733290 0.264468 0.732639 0.264178 0.732422 0.264178 0.731988 0.263889 0.731988 0.263600 0.731554 0.262442 0.730686 0.262442 0.730252 0.261863 0.729601 0.260995 0.729601 0.259838 0.728733 0.259838 0.728082 0.258970 0.726780
0 0.267361 0.724175 0.267072 0.724392 0.267072 0.725911 0.267650 0.726997 0.267940 0.728950 0.269097 0.730252 0.270255 0.732205 0.270833 0.732639 0.271123 0.733941 0.272569 0.736111 0.273148 0.736545 0.273438 0.737413 0.274884 0.738498 0.276620 0.741319 0.277778 0.742405 0.278067 0.743924 0.278646 0.744792 0.278646 0.745877 0.279225 0.746528 0.279225 0.747396 0.279803 0.748047 0.279514 0.748264 0.279514 0.750217 0.280382 0.751519 0.280382 0.752170 0.280961 0.752604 0.282986 0.752604 0.283275 0.752387 0.282986 0.749132 0.282407 0.748264 0.282118 0.746094 0.281829 0.745877 0.281829 0.745226 0.281250 0.744575 0.281250 0.743490 0.280671 0.742622 0.280382 0.741102 0.279803 0.740234 0.278646 0.739366 0.278646 0.738932 0.277488 0.737630 0.277199 0.736762 0.276042 0.735894 0.274016 0.732856 0.273438 0.732422 0.273438 0.731771 0.272859 0.731120 0.272859 0.730686 0.272280 0.730252 0.272280 0.729818 0.271412 0.728516 0.270544 0.727865 0.269676 0.724609 0.269097 0.724175
0 0.226562 0.708984 0.224537 0.708984 0.224248 0.709418 0.224248 0.730469 0.224537 0.730686 0.224537 0.731337 0.224248 0.731554 0.224248 0.735243 0.223669 0.735677 0.223669 0.738715 0.223090 0.739583 0.223090 0.742622 0.223380 0.742839 0.224248 0.742622 0.225405 0.742839 0.225694 0.742622 0.225694 0.741753 0.226273 0.740885 0.226273 0.739583 0.226562 0.739366 0.226562 0.738498 0.226852 0.738281 0.226852 0.737413 0.227431 0.736111 0.227431 0.733290 0.228009 0.732422 0.228009 0.725694 0.228588 0.724609 0.228588 0.714193 0.228009 0.713542 0.228009 0.712674 0.227431 0.711806 0.227431 0.710503 0.227141 0.710286 0.227431 0.709852
0 0.137153 0.529514 0.136863 0.529731 0.136863 0.534505 0.137442 0.535156 0.137442 0.536675 0.137153 0.536892 0.137442 0.537326 0.137442 0.541667 0.138021 0.542318 0.138021 0.544922 0.138600 0.545790 0.138600 0.550347 0.139178 0.551866 0.139178 0.554253 0.139757 0.554905 0.139757 0.557292 0.140336 0.559245 0.140336 0.563151 0.140046 0.563368 0.140336 0.564453 0.139757 0.565321 0.139757 0.570312 0.140336 0.570747 0.140625 0.570530 0.141782 0.570747 0.142650 0.570530 0.142940 0.570095 0.142940 0.564236 0.143519 0.562934 0.143519 0.558160 0.143808 0.557943 0.143519 0.557726 0.143519 0.554470 0.142940 0.553385 0.142940 0.550998 0.142361 0.549913 0.142361 0.546658 0.141782 0.545573 0.142072 0.544922 0.141204 0.543620 0.141493 0.542318 0.140914 0.541016 0.141204 0.540799 0.140914 0.540582 0.141204 0.539280 0.140914 0.539062 0.140625 0.533203 0.141204 0.532118 0.141204 0.530382 0.139757 0.530165 0.139178 0.529514
0 0.421875 0.491536 0.419560 0.491536 0.418981 0.493924 0.411169 0.501302 0.406829 0.508898 0.403356 0.517795 0.401331 0.520182 0.393808 0.544271 0.391204 0.559462 0.382523 0.577040 0.381944 0.581380 0.382812 0.581814 0.382523 0.584418 0.384549 0.584418 0.387442 0.577474 0.390914 0.572700 0.396123 0.554905 0.398438 0.551866 0.400174 0.547309 0.406829 0.538628 0.410880 0.520616 0.414352 0.512804 0.418113 0.506944 0.419271 0.501953 0.422164 0.496094
0 0.561053 0.225911 0.560764 0.225694 0.557002 0.225911 0.556424 0.226345 0.555266 0.226345 0.554398 0.226780 0.553241 0.226780 0.550347 0.227648 0.548900 0.227648 0.548032 0.228082 0.547164 0.228082 0.546007 0.228733 0.543692 0.229167 0.542535 0.229818 0.541088 0.229818 0.539062 0.230903 0.537037 0.231120 0.534433 0.232205 0.534144 0.232639 0.532986 0.232856 0.532118 0.233724 0.530671 0.233724 0.530093 0.234158 0.527199 0.234592 0.526331 0.235026 0.524595 0.235243 0.524016 0.235677 0.520255 0.236111 0.519387 0.236545 0.515914 0.237196 0.513021 0.237196 0.512442 0.237413 0.512442 0.238932 0.513021 0.239149 0.516204 0.239149 0.516782 0.238932 0.517072 0.239149 0.519387 0.238498 0.525174 0.237630 0.531250 0.235894 0.534144 0.235460 0.537905 0.233290 0.540799 0.232856 0.542824 0.231771 0.544850 0.231554 0.546007 0.230903 0.546875 0.230903 0.550637 0.229601 0.552083 0.229601 0.553530 0.228950 0.556134 0.228733 0.557002 0.228299 0.560185 0.227865 0.561053 0.227431