0 0.884983 0.940972 0.884766 0.941262 0.884549 0.941262 0.884766 0.941551 0.884115 0.942419 0.884115 0.942998 0.883898 0.943287 0.883898 0.943866 0.883681 0.944155 0.884115 0.944155 0.884115 0.943576 0.884332 0.943287 0.884332 0.942998 0.884549 0.942708 0.884549 0.942130 0.884983 0.941551 0.884766 0.941262
0 0.366536 0.717014 0.366319 0.717303 0.365017 0.717593 0.363064 0.719907 0.361545 0.721065 0.361111 0.721933 0.359158 0.723380 0.358941 0.723958 0.357639 0.725405 0.357639 0.725984 0.356988 0.726273 0.356771 0.727141 0.355686 0.728588 0.355469 0.729456 0.354601 0.730903 0.354167 0.733507 0.353733 0.734086 0.353299 0.735822 0.352214 0.737269 0.351997 0.738137 0.351562 0.738715 0.351562 0.739294 0.350477 0.741319 0.349392 0.744213 0.349392 0.745081 0.348958 0.745660 0.348958 0.746528 0.348524 0.747396 0.348524 0.748843 0.347656 0.750289 0.347656 0.751157 0.347439 0.751447 0.347873 0.753183 0.348958 0.752894 0.350043 0.750579 0.350043 0.749132 0.350477 0.748264 0.350477 0.747106 0.350911 0.746528 0.351128 0.744792 0.352865 0.741609 0.353516 0.739583 0.354601 0.738137 0.355252 0.736400 0.355252 0.735532 0.355686 0.734954 0.355686 0.734375 0.356120 0.733507 0.356337 0.731771 0.357205 0.730613 0.357422 0.729745 0.361111 0.724826 0.362847 0.723380 0.366753 0.719039 0.366753 0.717303
0 0.615017 0.686921 0.614800 0.694155 0.614366 0.695602 0.611979 0.695891 0.611111 0.697049 0.610243 0.697049 0.610026 0.699363 0.612413 0.701100 0.615017 0.704282 0.615885 0.706597 0.615668 0.707176 0.618490 0.711227 0.618924 0.712963 0.620443 0.715278 0.622179 0.720197 0.622179 0.721933 0.622613 0.722222 0.623481 0.726562 0.626085 0.732928 0.626519 0.735532 0.628472 0.737847 0.629340 0.740451 0.631944 0.744213 0.634549 0.753472 0.637153 0.756944 0.641059 0.758970 0.644531 0.763600 0.646918 0.763600 0.647569 0.760995 0.647569 0.747396 0.647135 0.745081 0.644314 0.738426 0.643880 0.735822 0.642144 0.731771 0.642144 0.730324 0.640408 0.727141 0.639540 0.724537 0.639757 0.723380 0.638021 0.719618 0.637587 0.716725 0.635200 0.711806 0.632161 0.701678 0.625217 0.693287 0.619792 0.689236 0.617622 0.688657 0.616536 0.686921
0 0.676432 0.666667 0.676432 0.668692 0.677517 0.668981 0.679470 0.671586 0.680122 0.673032 0.680122 0.673611 0.680556 0.674190 0.680556 0.676215 0.680990 0.678241 0.681424 0.678819 0.681424 0.679688 0.682075 0.680556 0.682075 0.681134 0.682726 0.682002 0.683160 0.684028 0.683594 0.684896 0.684896 0.686053 0.685764 0.688079 0.686632 0.688947 0.687066 0.690972 0.687500 0.691551 0.688151 0.693576 0.688151 0.695023 0.688802 0.696181 0.689019 0.697627 0.689453 0.698785 0.690972 0.701100 0.690972 0.701968 0.691623 0.703414 0.691623 0.704861 0.692057 0.705729 0.692057 0.706887 0.692708 0.708912 0.693576 0.709491 0.693793 0.709201 0.694661 0.709201 0.694661 0.706887 0.694010 0.705150 0.694010 0.703993 0.693576 0.703125 0.693576 0.701968 0.692925 0.700521 0.692925 0.699653 0.690755 0.695602 0.690321 0.693287 0.689887 0.692708 0.689887 0.691840 0.688585 0.688657 0.688585 0.687789 0.688151 0.686632 0.687283 0.686053 0.686415 0.683738 0.685764 0.683449 0.685113 0.682581 0.684679 0.680845 0.683811 0.679688 0.683811 0.679109 0.682943 0.677373 0.682943 0.676505 0.682509 0.675926 0.682509 0.674190 0.682075 0.673322 0.682075 0.672454 0.681207 0.670718 0.681207 0.670139 0.678819 0.666667
0 0.378906 0.650752 0.377821 0.651331 0.377821 0.652778 0.378038 0.653067 0.378038 0.655093 0.378472 0.655671 0.378472 0.658565 0.378906 0.659433 0.378906 0.661458 0.378689 0.661748 0.378689 0.662326 0.378906 0.662616 0.378906 0.663484 0.379340 0.664641 0.379340 0.666088 0.379774 0.666956 0.379774 0.668692 0.380642 0.670718 0.380642 0.671586 0.381076 0.672743 0.381076 0.677662 0.381944 0.679398 0.381944 0.680266 0.382161 0.680556 0.382378 0.682292 0.383030 0.684317 0.383030 0.685185 0.383247 0.685475 0.383464 0.687211 0.383681 0.687500 0.385200 0.687789 0.385200 0.685475 0.384766 0.684606 0.384766 0.683738 0.384549 0.683449 0.384332 0.681713 0.383464 0.678819 0.383464 0.677951 0.382812 0.676215 0.382595 0.670428 0.382161 0.669560 0.382161 0.668692 0.381727 0.668113 0.381727 0.667245 0.381293 0.666088 0.381076 0.663194 0.380859 0.662905 0.380859 0.661458 0.380642 0.661169 0.380642 0.659144 0.380425 0.658854 0.380425 0.657407 0.380208 0.657118 0.380208 0.655093 0.379991 0.654803 0.379991 0.653646 0.379557 0.652199 0.379557 0.651042 0.379340 0.650752
0 0.381510 0.640625 0.381510 0.643808 0.381944 0.645255 0.381944 0.647280 0.382378 0.648438 0.382812 0.653646 0.383247 0.654225 0.383247 0.655382 0.383898 0.656539 0.384115 0.659433 0.384983 0.662326 0.384983 0.663773 0.386502 0.664352 0.386068 0.665220 0.385417 0.665220 0.385417 0.667535 0.386285 0.672454 0.386719 0.677373 0.387153 0.678530 0.387153 0.680845 0.388021 0.683738 0.388021 0.684606 0.388889 0.686343 0.389106 0.689525 0.389540 0.690683 0.389540 0.692708 0.389974 0.692998 0.391059 0.692708 0.391276 0.692419 0.391276 0.688947 0.390842 0.688079 0.390842 0.686632 0.388889 0.679398 0.388889 0.677662 0.387370 0.667824 0.387153 0.665220 0.386502 0.664352 0.386719 0.664062 0.386719 0.660590 0.385851 0.657697 0.385634 0.654803 0.384983 0.653935 0.384332 0.651620 0.384332 0.649884 0.383030 0.640914 0.382812 0.640625
0 0.390842 0.638889 0.390625 0.639178 0.390625 0.640914 0.390408 0.641204 0.390625 0.641493 0.390408 0.641782 0.390408 0.642650 0.390625 0.642940 0.389974 0.645544 0.389974 0.652778 0.390408 0.653356 0.390408 0.671296 0.390842 0.672164 0.390842 0.675926 0.391710 0.679977 0.391927 0.682581 0.392361 0.683160 0.392361 0.684896 0.392795 0.686053 0.393663 0.686053 0.393880 0.686343 0.394314 0.686053 0.394314 0.682870 0.393663 0.680266 0.393446 0.677373 0.393012 0.677083 0.393012 0.675926 0.392578 0.674190 0.392795 0.672164 0.392578 0.671875 0.392578 0.670428 0.392144 0.669271 0.392144 0.659144 0.392361 0.658854 0.392361 0.652199 0.391927 0.650463 0.391927 0.647569 0.392144 0.647280 0.392144 0.639468
0 0.315538 0.587963 0.314453 0.594039 0.315321 0.606771 0.314887 0.612558 0.315972 0.619502 0.315972 0.625579 0.319010 0.635995 0.319444 0.640914 0.320747 0.643229 0.320747 0.649016 0.321615 0.654225 0.324870 0.667245 0.327040 0.672164 0.327040 0.675058 0.330078 0.684028 0.332682 0.688079 0.333550 0.696181 0.335503 0.702546 0.336155 0.703414 0.337891 0.703414 0.337674 0.699363 0.335720 0.692419 0.334201 0.683160 0.332248 0.676794 0.330295 0.673611 0.330946 0.666667 0.333984 0.653356 0.333767 0.645833 0.332682 0.639178 0.330946 0.636285 0.329644 0.631655 0.329644 0.628183 0.328776 0.625000 0.325304 0.617766 0.324436 0.613137 0.322266 0.607928 0.321398 0.602141 0.317925 0.591725 0.318359 0.588542
0 0.782769 0.575521 0.782769 0.576968 0.783420 0.577836 0.785156 0.578414 0.787326 0.579861 0.787977 0.579861 0.788194 0.580150 0.789280 0.580440 0.790148 0.581308 0.791667 0.582176 0.791884 0.582755 0.793403 0.584491 0.794054 0.586227 0.795139 0.587963 0.795139 0.588542 0.796007 0.589410 0.797092 0.591146 0.797526 0.591146 0.800564 0.595486 0.800781 0.596644 0.801432 0.597512 0.802517 0.600405 0.803385 0.601562 0.804688 0.601562 0.804905 0.601273 0.804905 0.599248 0.803168 0.595197 0.802517 0.594329 0.802300 0.593171 0.800998 0.591435 0.800998 0.591146 0.800781 0.591146 0.799479 0.589410 0.799479 0.589120 0.798611 0.588831 0.797960 0.587384 0.797526 0.587384 0.796875 0.586516 0.796875 0.585938 0.796224 0.585069 0.795573 0.583333 0.793403 0.579861 0.792318 0.579282 0.791884 0.578704 0.790365 0.578125 0.789931 0.577546 0.789280 0.577546 0.788628 0.576968 0.786892 0.576389 0.784505 0.574942 0.784071 0.574942 0.783854 0.575231 0.783637 0.574942 0.783203 0.574942
0 0.758464 0.567998 0.758681 0.570023 0.759332 0.570312 0.764540 0.574942 0.765625 0.575231 0.770399 0.578414 0.771267 0.578414 0.772352 0.579282 0.772786 0.579282 0.773220 0.579861 0.774740 0.579861 0.776910 0.581019 0.777561 0.581019 0.777995 0.581597 0.778863 0.581597 0.779297 0.582176 0.781033 0.583044 0.782335 0.584491 0.783854 0.585359 0.787109 0.589988 0.787977 0.591725 0.788628 0.592014 0.789714 0.591725 0.789714 0.590567 0.789931 0.590278 0.789062 0.587963 0.785807 0.583333 0.784071 0.582176 0.782118 0.580150 0.781684 0.580150 0.780382 0.578993 0.778863 0.578704 0.776476 0.577257 0.774957 0.577257 0.774523 0.576678 0.773872 0.576678 0.773220 0.576100 0.772352 0.576100 0.771918 0.575521 0.771267 0.575521 0.771050 0.574942 0.770399 0.574942 0.769531 0.574074 0.768663 0.574074 0.767144 0.572627 0.766927 0.572917 0.765408 0.572049 0.760417 0.567708 0.758681 0.567708
0 0.720920 0.564236 0.720920 0.566262 0.721788 0.567708 0.722222 0.570023 0.722222 0.572338 0.722656 0.573206 0.722439 0.574074 0.722656 0.575810 0.723090 0.576389 0.723090 0.577546 0.723524 0.578704 0.723524 0.581887 0.724826 0.585359 0.725694 0.590278 0.726997 0.593750 0.726997 0.594907 0.727431 0.595486 0.727431 0.596644 0.728299 0.598958 0.728299 0.600694 0.729167 0.602720 0.729167 0.604456 0.730469 0.608507 0.730686 0.610532 0.731554 0.612558 0.731988 0.616030 0.732422 0.617188 0.732856 0.622396 0.733724 0.623843 0.733941 0.623553 0.734809 0.623843 0.735243 0.623264 0.735243 0.620949 0.734809 0.620081 0.735026 0.618634 0.734375 0.615741 0.734158 0.610822 0.733724 0.610243 0.733290 0.608218 0.733290 0.606192 0.732856 0.605613 0.732856 0.604456 0.731554 0.599826 0.731337 0.597801 0.730686 0.596933 0.730469 0.595775 0.728950 0.592882 0.728733 0.591435 0.728082 0.590567 0.727431 0.585359 0.725260 0.578414 0.725260 0.576678 0.724175 0.573206 0.724392 0.571759 0.723741 0.569734 0.723741 0.567998 0.723307 0.566262 0.722439 0.564236
0 0.721788 0.513310 0.720920 0.513600 0.720486 0.515046 0.720703 0.519097 0.721137 0.520255 0.721137 0.522280 0.720703 0.523148 0.720920 0.523727 0.720052 0.524595 0.720052 0.534433 0.720486 0.535301 0.720486 0.544560 0.720920 0.545428 0.720920 0.548611 0.721354 0.549479 0.721354 0.550926 0.721788 0.551794 0.721788 0.552373 0.722439 0.552951 0.722656 0.555266 0.723090 0.555845 0.723090 0.556713 0.723524 0.557292 0.723307 0.558160 0.723958 0.559028 0.724175 0.559896 0.726562 0.559896 0.726345 0.559606 0.726997 0.558738 0.726997 0.555845 0.726345 0.553241 0.726345 0.551794 0.725477 0.549190 0.725477 0.547164 0.725043 0.546296 0.725043 0.543981 0.724609 0.542824 0.724609 0.540220 0.724175 0.539352 0.724175 0.537037 0.723741 0.536169 0.723741 0.533854 0.723307 0.532986 0.723307 0.529514 0.722873 0.528935 0.722873 0.517361 0.722656 0.517072 0.722656 0.513600
0 0.438802 0.370949 0.438585 0.371238 0.438802 0.371528 0.438802 0.372685 0.438585 0.372975 0.438802 0.373264 0.439453 0.373264 0.439670 0.373553 0.439670 0.373843 0.440538 0.375000 0.440755 0.375868 0.441406 0.376736 0.441406 0.377604 0.441189 0.377894 0.441623 0.378762 0.441623 0.379630 0.442057 0.380208 0.442057 0.380787 0.442274 0.381076 0.442274 0.381366 0.443576 0.383102 0.443576 0.383391 0.444010 0.383970 0.444010 0.384259 0.444444 0.384838 0.444444 0.385127 0.444661 0.385127 0.444878 0.385417 0.444878 0.385706 0.445095 0.385995 0.445095 0.387731 0.445312 0.388021 0.445964 0.388021 0.446615 0.388889 0.446832 0.388889 0.447049 0.389178 0.446832 0.389468 0.447483 0.390046 0.447917 0.390046 0.448134 0.390336 0.448351 0.390046 0.449002 0.390046 0.449002 0.388600 0.448785 0.388310 0.448785 0.388021 0.448351 0.387442 0.448351 0.387153 0.447700 0.386285 0.447700 0.385995 0.447266 0.385417 0.447266 0.385127 0.446832 0.384549 0.446832 0.384259 0.445530 0.382234 0.445530 0.381944 0.445095 0.381366 0.445095 0.381076 0.444010 0.379630 0.444010 0.379340 0.443793 0.379051 0.443793 0.378762 0.444010 0.378472 0.443793 0.378183 0.443793 0.377894 0.443576 0.377604 0.443576 0.377025 0.443142 0.376157 0.443142 0.375000 0.442925 0.374711 0.442925 0.374421 0.441189 0.371817 0.441189 0.371238 0.440972 0.370949
0 0.427951 0.364873 0.427734 0.365162 0.427734 0.367188 0.428168 0.368345 0.429036 0.368924 0.429036 0.369792 0.429470 0.370660 0.429470 0.372685 0.429905 0.373264 0.430122 0.374711 0.431207 0.376736 0.431424 0.377894 0.433160 0.379919 0.434462 0.382523 0.434462 0.383102 0.434896 0.383681 0.434896 0.384259 0.435330 0.384838 0.435330 0.385417 0.435764 0.386285 0.435764 0.387442 0.436415 0.388021 0.436632 0.389757 0.437500 0.390625 0.437500 0.391204 0.438368 0.392940 0.438585 0.394387 0.439236 0.396123 0.439887 0.396701 0.440972 0.400463 0.441623 0.401620 0.442057 0.403935 0.442925 0.405382 0.444661 0.405382 0.444661 0.403067 0.443793 0.401331 0.443576 0.399016 0.442925 0.397569 0.442925 0.396701 0.442057 0.394387 0.442057 0.393229 0.441189 0.392072 0.440755 0.390336 0.438802 0.387153 0.438151 0.385127 0.437283 0.383681 0.437283 0.383102 0.436198 0.381076 0.435764 0.379340 0.434245 0.376157 0.433811 0.374132 0.433377 0.374421 0.432509 0.373553 0.432075 0.371238 0.430990 0.368056 0.430990 0.366319 0.430339 0.364583
0 0.695530 0.065394 0.695312 0.071759 0.696181 0.074363 0.696181 0.077836 0.696615 0.078993 0.696615 0.082755 0.696398 0.083044 0.696398 0.091725 0.695964 0.092882 0.695964 0.098669 0.695747 0.098958 0.695964 0.099248 0.695530 0.100694 0.695312 0.105324 0.696832 0.105324 0.696832 0.104745 0.697266 0.104167 0.697483 0.101273 0.697917 0.099826 0.697700 0.099537 0.697917 0.099248 0.697917 0.097801 0.697700 0.097512 0.697917 0.097222 0.697917 0.094329 0.698351 0.093750 0.698351 0.093171 0.698134 0.092882 0.698134 0.091435 0.698351 0.091146 0.698351 0.083044 0.698134 0.082755 0.698134 0.077546 0.697700 0.076389 0.697700 0.072627 0.697266 0.071759 0.697266 0.070891 0.697049 0.070602 0.697049 0.069734 0.697266 0.069444 0.697266 0.065394