0 0.532247 0.842250 0.532081 0.842500 0.531749 0.842500 0.531084 0.843500 0.530086 0.844250 0.530086 0.844500 0.529422 0.845500 0.529255 0.845500 0.529089 0.846000 0.527759 0.847000 0.527261 0.847750 0.527261 0.848250 0.526928 0.848750 0.526928 0.849000 0.527759 0.849750 0.527593 0.850000 0.527094 0.850000 0.526928 0.850500 0.527593 0.851500 0.527593 0.851750 0.527759 0.851750 0.527926 0.852250 0.528923 0.853750 0.529089 0.853750 0.529255 0.854250 0.529422 0.854250 0.529588 0.854750 0.530253 0.855750 0.530419 0.855750 0.530585 0.856250 0.531582 0.857750 0.531915 0.858000 0.531915 0.858750 0.532247 0.859750 0.533245 0.861000 0.533411 0.861500 0.533411 0.862250 0.533910 0.863750 0.534242 0.864250 0.534408 0.864250 0.534574 0.864750 0.534907 0.864750 0.535073 0.865000 0.535904 0.865000 0.536569 0.864250 0.536403 0.862750 0.536070 0.861750 0.536237 0.861250 0.536070 0.860750 0.536237 0.860500 0.536237 0.860000 0.536070 0.859750 0.536237 0.859500 0.536237 0.857500 0.535738 0.856750 0.535738 0.855750 0.535406 0.855250 0.535073 0.854250 0.535073 0.853500 0.534741 0.853000 0.534741 0.851250 0.534408 0.850750 0.534408 0.849500 0.534076 0.848750 0.534076 0.847750 0.533743 0.846750 0.533743 0.846250 0.534242 0.845250 0.534076 0.845000 0.534076 0.844250 0.533743 0.843750 0.533910 0.842750 0.533411 0.842250
0 0.517952 0.837500 0.518118 0.837750 0.518285 0.838500 0.518617 0.839000 0.518783 0.839750 0.519781 0.841750 0.519947 0.842500 0.520445 0.843250 0.520445 0.843500 0.520944 0.844500 0.521110 0.845250 0.522108 0.846750 0.522274 0.846750 0.522440 0.847000 0.523438 0.847000 0.523604 0.846750 0.523936 0.846750 0.524269 0.846250 0.524435 0.846250 0.524435 0.845750 0.524767 0.845250 0.524934 0.845250 0.526097 0.843500 0.526263 0.843500 0.527759 0.842250 0.528092 0.842250 0.528424 0.841750 0.528590 0.841750 0.529422 0.841000 0.529754 0.841000 0.529920 0.840750 0.530086 0.840750 0.530253 0.840500 0.530253 0.840250 0.530751 0.839500 0.531084 0.839500 0.531749 0.838750 0.531749 0.837750 0.531250 0.837000 0.530918 0.837000 0.530751 0.836750 0.525100 0.836750 0.524934 0.836500 0.524435 0.836500 0.524269 0.836250 0.521609 0.836250 0.521443 0.836500 0.520944 0.836500 0.520778 0.836750 0.520113 0.836750 0.519947 0.837000 0.518285 0.837000
0 0.016124 0.754500 0.014960 0.754500 0.014461 0.755000 0.014461 0.755500 0.013298 0.759000 0.012301 0.764750 0.011636 0.766500 0.011636 0.768000 0.011137 0.769500 0.010805 0.771750 0.010971 0.772000 0.010971 0.773000 0.010638 0.774250 0.010638 0.776750 0.010306 0.777750 0.010306 0.780500 0.010140 0.780750 0.010306 0.781250 0.009973 0.781750 0.009973 0.783500 0.009807 0.783750 0.009807 0.785000 0.009973 0.785250 0.009807 0.789250 0.010971 0.790250 0.011303 0.792500 0.011802 0.793250 0.011802 0.793750 0.012467 0.794500 0.013132 0.794500 0.013963 0.794000 0.014129 0.793250 0.014960 0.792250 0.015293 0.790000 0.014794 0.788500 0.014960 0.787750 0.014794 0.786500 0.014960 0.786250 0.014960 0.785250 0.015459 0.784750 0.015459 0.781750 0.015791 0.781250 0.015791 0.779250 0.016290 0.778250 0.016124 0.777250 0.016622 0.776250 0.016456 0.776000 0.016456 0.774250 0.016622 0.774000 0.016290 0.772750 0.016789 0.771000 0.016622 0.770500 0.016789 0.769750 0.016789 0.767000 0.017121 0.766250 0.017121 0.763250 0.017620 0.762500 0.017453 0.762000 0.017620 0.761750 0.017620 0.759500 0.017952 0.758750 0.017952 0.756750 0.017620 0.756250 0.016955 0.756000 0.016622 0.755000
0 0.016456 0.628500 0.015126 0.628500 0.011636 0.634500 0.010638 0.637000 0.008311 0.640250 0.008810 0.641500 0.007979 0.644500 0.007979 0.645750 0.007646 0.646750 0.007148 0.647250 0.007148 0.648000 0.006649 0.650250 0.006150 0.651500 0.005652 0.653750 0.006316 0.655250 0.006815 0.655250 0.007148 0.655750 0.007314 0.656500 0.006981 0.657000 0.006815 0.658000 0.006316 0.658750 0.006316 0.659250 0.006981 0.660000 0.007979 0.660000 0.008644 0.659500 0.008477 0.658000 0.009142 0.657250 0.009309 0.655000 0.009641 0.653750 0.009973 0.653250 0.009807 0.652750 0.010472 0.651750 0.010472 0.651250 0.010971 0.650250 0.010805 0.650000 0.011303 0.649000 0.011303 0.648250 0.011802 0.647750 0.011802 0.647250 0.012134 0.646750 0.012134 0.645750 0.012965 0.643250 0.013132 0.641500 0.013464 0.641250 0.013963 0.640250 0.013797 0.639500 0.014960 0.638000 0.014960 0.637250 0.015459 0.636750 0.015625 0.635750 0.016456 0.634750 0.016456 0.634250 0.016789 0.633750 0.016789 0.632750 0.017121 0.632250 0.017121 0.631250 0.016789 0.631000 0.016789 0.630000 0.016622 0.629750 0.016789 0.628750
0 0.577793 0.590000 0.576795 0.588500 0.574801 0.589250 0.566988 0.597250 0.563830 0.599250 0.559508 0.605500 0.557015 0.606500 0.554189 0.608750 0.551695 0.612000 0.549535 0.613250 0.543052 0.620250 0.537566 0.624250 0.532580 0.631000 0.528923 0.634000 0.526263 0.639750 0.521609 0.645250 0.522773 0.645500 0.525432 0.642250 0.527593 0.642750 0.530585 0.637250 0.533910 0.635750 0.539894 0.630750 0.544382 0.629250 0.546210 0.627750 0.546543 0.626500 0.549701 0.622750 0.552693 0.620500 0.558511 0.611250 0.562168 0.608750 0.574136 0.595250 0.577460 0.593250 0.577959 0.592500
0 0.383810 0.488750 0.383477 0.488750 0.383311 0.488500 0.382480 0.488500 0.382314 0.488750 0.381981 0.488750 0.381815 0.489000 0.381815 0.490000 0.381649 0.490250 0.381649 0.490750 0.381316 0.491250 0.380485 0.491500 0.380319 0.491750 0.380319 0.492250 0.379820 0.493250 0.379820 0.493750 0.379654 0.494000 0.379654 0.494500 0.379322 0.495500 0.379322 0.497000 0.379156 0.497250 0.379156 0.497750 0.378989 0.498000 0.378989 0.498750 0.378823 0.499000 0.378823 0.499750 0.378491 0.500750 0.378491 0.501750 0.378324 0.502000 0.378324 0.503500 0.378158 0.503750 0.378324 0.504000 0.377992 0.504750 0.377992 0.506250 0.377826 0.506500 0.377826 0.507250 0.377992 0.507500 0.377992 0.509000 0.377826 0.509250 0.377826 0.509750 0.377992 0.510000 0.377992 0.510500 0.377660 0.511500 0.377660 0.513000 0.377992 0.513250 0.378989 0.513250 0.379322 0.513000 0.379820 0.511500 0.379820 0.509750 0.379987 0.509500 0.379987 0.508750 0.380153 0.508500 0.380153 0.506500 0.380652 0.505250 0.380984 0.503250 0.381649 0.502500 0.381649 0.502000 0.382148 0.500750 0.382148 0.499500 0.382480 0.499000 0.382480 0.498000 0.382646 0.497750 0.382646 0.497000 0.383644 0.494000 0.383644 0.493250 0.383311 0.492750 0.383477 0.492500 0.383477 0.491750 0.383644 0.491500 0.383644 0.491000 0.383976 0.490500 0.383976 0.489000
0 0.372839 0.461500 0.372008 0.461500 0.370844 0.462750 0.369847 0.465500 0.369681 0.466750 0.368351 0.469000 0.368185 0.471000 0.367852 0.472250 0.367852 0.473500 0.368019 0.474000 0.367520 0.475000 0.367520 0.476250 0.367021 0.478500 0.366523 0.479750 0.366523 0.480750 0.366190 0.481750 0.366190 0.484250 0.365858 0.485250 0.365858 0.487250 0.365525 0.488000 0.365525 0.490750 0.365193 0.491500 0.365193 0.494250 0.365027 0.494500 0.365027 0.496250 0.365525 0.496750 0.366356 0.496750 0.366855 0.496250 0.367021 0.492500 0.367354 0.492000 0.367354 0.491000 0.367686 0.490500 0.367686 0.489000 0.368019 0.488500 0.368019 0.487500 0.368351 0.487000 0.368351 0.484500 0.368684 0.484000 0.368684 0.481500 0.369016 0.481000 0.369016 0.479500 0.369515 0.478250 0.369515 0.477000 0.370346 0.474250 0.370346 0.473000 0.371343 0.468500 0.371676 0.467750 0.371842 0.465750 0.372174 0.465250 0.372174 0.464750 0.373005 0.463500 0.373005 0.462750 0.373338 0.462000
0 0.684840 0.456750 0.684840 0.458250 0.691157 0.461750 0.699967 0.471500 0.708112 0.475250 0.711104 0.479250 0.715259 0.482250 0.731549 0.488250 0.739195 0.494750 0.742354 0.496250 0.744515 0.495750 0.751995 0.497250 0.756316 0.497250 0.757480 0.496500 0.755485 0.494500 0.750000 0.492500 0.741855 0.486500 0.739694 0.487000 0.726729 0.483500 0.722407 0.480500 0.718085 0.474500 0.716755 0.473500 0.714428 0.474000 0.705785 0.469500 0.700299 0.463000 0.692819 0.458000 0.686835 0.456000
0 0.383976 0.444000 0.382646 0.444250 0.381981 0.448000 0.381316 0.449500 0.381150 0.451000 0.380319 0.452250 0.379654 0.455750 0.379322 0.456250 0.378989 0.459500 0.378657 0.460000 0.378158 0.462750 0.376828 0.466250 0.376828 0.467250 0.376164 0.469500 0.376164 0.472750 0.375831 0.473250 0.375831 0.475000 0.375499 0.475750 0.375499 0.478500 0.374501 0.487750 0.373670 0.491000 0.374501 0.492250 0.375332 0.492500 0.376330 0.491750 0.376330 0.490000 0.376995 0.488000 0.376995 0.486500 0.377493 0.484750 0.377493 0.482500 0.377992 0.481250 0.378657 0.477250 0.379322 0.475750 0.379156 0.475250 0.379654 0.474500 0.379654 0.473500 0.379987 0.472750 0.379820 0.471250 0.383810 0.459250 0.383810 0.457250 0.384142 0.456750 0.384142 0.455250 0.384641 0.454500 0.384475 0.453750 0.384807 0.453250 0.384807 0.452250 0.385306 0.450750 0.385306 0.450250 0.384641 0.449250 0.384973 0.448000 0.384973 0.447250 0.384475 0.446500 0.384641 0.444750
0 0.402926 0.351250 0.401928 0.351000 0.400931 0.352000 0.400266 0.354750 0.399767 0.355250 0.398271 0.360750 0.396941 0.362500 0.395279 0.365500 0.395113 0.366500 0.393949 0.368250 0.393617 0.371000 0.393285 0.371500 0.392786 0.374750 0.392121 0.376000 0.391789 0.378750 0.390957 0.382000 0.390957 0.384000 0.390459 0.386250 0.390625 0.387250 0.388797 0.392750 0.388797 0.393750 0.388464 0.394750 0.388630 0.396250 0.389960 0.396500 0.391456 0.396000 0.392620 0.393500 0.391789 0.392500 0.392121 0.391750 0.392952 0.391000 0.394781 0.384000 0.394781 0.383250 0.393783 0.382500 0.393949 0.381750 0.394947 0.381250 0.395612 0.380000 0.395445 0.379250 0.395778 0.378750 0.395778 0.377250 0.398271 0.370000 0.398271 0.369000 0.399102 0.367500 0.401596 0.361250 0.401596 0.360000 0.401928 0.359500 0.402094 0.357500 0.402759 0.355500 0.402094 0.354500 0.403092 0.352000
0 0.418218 0.243000 0.417886 0.243250 0.417719 0.243750 0.417719 0.244500 0.417055 0.246000 0.417055 0.248750 0.417553 0.249500 0.417553 0.253250 0.417387 0.253500 0.417387 0.254750 0.417553 0.255250 0.417387 0.255500 0.417387 0.256750 0.417221 0.257000 0.417221 0.261000 0.417055 0.261250 0.417055 0.264250 0.416888 0.264500 0.416888 0.266750 0.416722 0.267250 0.417387 0.268000 0.417387 0.271250 0.417553 0.271750 0.417886 0.271750 0.418052 0.272000 0.418883 0.272000 0.419049 0.271750 0.419382 0.271750 0.419548 0.271250 0.419548 0.267500 0.419880 0.266750 0.419880 0.262000 0.420047 0.261750 0.420047 0.260000 0.420213 0.259750 0.420213 0.256250 0.420047 0.256000 0.420047 0.253500 0.419880 0.253250 0.419880 0.251000 0.419714 0.250750 0.419714 0.243250 0.419382 0.243000
0 0.394116 0.237500 0.393617 0.237750 0.393617 0.240000 0.394282 0.242500 0.394947 0.248500 0.397274 0.255500 0.398105 0.260500 0.398105 0.262750 0.399767 0.268250 0.400598 0.276000 0.402261 0.282750 0.404422 0.295750 0.405918 0.300750 0.407414 0.309000 0.408577 0.312000 0.408577 0.313500 0.409242 0.315500 0.409076 0.317250 0.410572 0.318000 0.411237 0.317250 0.411403 0.316000 0.405419 0.291000 0.404754 0.285750 0.402427 0.275250 0.401762 0.268250 0.400100 0.262250 0.399435 0.256250 0.398770 0.253250 0.397108 0.249500 0.396443 0.245750 0.396609 0.244000 0.396110 0.243250 0.395445 0.238000
0 0.545878 0.082250 0.545545 0.082250 0.545379 0.082000 0.544714 0.082000 0.544049 0.082750 0.543717 0.083750 0.543883 0.084000 0.542886 0.085750 0.542886 0.086500 0.542221 0.087750 0.542221 0.088250 0.541223 0.091000 0.541223 0.091500 0.540226 0.094250 0.540226 0.094750 0.539894 0.095250 0.539894 0.095750 0.539561 0.096500 0.539561 0.097250 0.539727 0.097750 0.539229 0.098750 0.538896 0.098750 0.538730 0.099000 0.537566 0.102500 0.537566 0.103000 0.538231 0.103750 0.538065 0.104250 0.538730 0.105000 0.539395 0.105000 0.539561 0.104750 0.539894 0.104750 0.540559 0.103750 0.541057 0.102000 0.541390 0.101750 0.541390 0.101000 0.541556 0.100750 0.541556 0.100250 0.542055 0.099000 0.542055 0.096750 0.542387 0.096000 0.542387 0.095000 0.542719 0.094250 0.542719 0.093750 0.543218 0.092250 0.543717 0.091500 0.543883 0.090750 0.544880 0.089250 0.545379 0.087750 0.545379 0.087250 0.545711 0.086750 0.545711 0.085750 0.546044 0.085250 0.546044 0.083250 0.546210 0.083000 0.546210 0.082750
0 0.546875 0.065000 0.546044 0.065000 0.545878 0.065250 0.545545 0.065250 0.545379 0.065500 0.545213 0.065500 0.545047 0.065750 0.544880 0.065750 0.544382 0.066500 0.544382 0.067000 0.544215 0.067250 0.544215 0.067750 0.544049 0.068000 0.544049 0.068250 0.543883 0.068500 0.543883 0.069000 0.543717 0.069250 0.543717 0.069750 0.543551 0.070000 0.543551 0.071500 0.543384 0.071750 0.543384 0.072500 0.543218 0.072750 0.543218 0.073000 0.543052 0.073250 0.543384 0.073750 0.543551 0.073750 0.543883 0.074250 0.544049 0.074250 0.544382 0.074750 0.544714 0.074750 0.544880 0.075000 0.545379 0.075000 0.545545 0.074750 0.545878 0.074750 0.546044 0.074500 0.546044 0.073500 0.546210 0.073250 0.546210 0.072500 0.546376 0.072250 0.546376 0.072000 0.546543 0.071750 0.546376 0.071500 0.546376 0.071250 0.546543 0.071000 0.546543 0.069250 0.546709 0.069000 0.546709 0.068500 0.546875 0.068250 0.546875 0.067500 0.547207 0.067000 0.547207 0.066500 0.547540 0.066000 0.547540 0.065750 0.547207 0.065250 0.547041 0.065250
0 0.543052 0.057000 0.541888 0.057000 0.541722 0.057250 0.541556 0.057250 0.541223 0.057750 0.541223 0.058250 0.541057 0.058500 0.541057 0.059250 0.540891 0.059500 0.540725 0.059500 0.540559 0.059750 0.540559 0.060250 0.540392 0.060500 0.540392 0.061000 0.540226 0.061250 0.540226 0.061750 0.540060 0.062000 0.540060 0.062250 0.539894 0.062500 0.539894 0.063750 0.539727 0.064000 0.539727 0.064250 0.539561 0.064500 0.539561 0.064750 0.539894 0.065250 0.539894 0.066750 0.540226 0.066750 0.540392 0.067000 0.541223 0.067000 0.541390 0.066750 0.541556 0.066750 0.541722 0.066500 0.541888 0.066500 0.542221 0.066000 0.542221 0.065750 0.542387 0.065500 0.542387 0.064750 0.543052 0.063750 0.543052 0.063500 0.543218 0.063250 0.543052 0.063000 0.543052 0.062250 0.542886 0.062000 0.542886 0.061250 0.543052 0.061000 0.543052 0.060250 0.543218 0.060000 0.543218 0.059250 0.543384 0.059000 0.543384 0.058250 0.543551 0.058000 0.543551 0.057750 0.543384 0.057500 0.543384 0.057250 0.543218 0.057250