0 0.218418 0.979750 0.219082 0.980500 0.220911 0.980500 0.222074 0.981250 0.228391 0.986750 0.230884 0.990500 0.231383 0.990750 0.235040 0.995750 0.236370 0.998250 0.238863 0.999500 0.239362 0.999250 0.240027 0.999750 0.249003 0.999750 0.249501 0.999250 0.250499 0.999250 0.251164 0.999750 0.253989 0.999750 0.253989 0.998500 0.252992 0.997500 0.250831 0.993750 0.249169 0.991750 0.249169 0.991250 0.247174 0.988250 0.247174 0.987750 0.245844 0.985750 0.245844 0.985250 0.244681 0.984500 0.244348 0.983500 0.242852 0.981250 0.242354 0.981000 0.241523 0.979250 0.239694 0.977500 0.238198 0.975250 0.233876 0.972750 0.233211 0.972000 0.231217 0.971250 0.229887 0.971250 0.227227 0.973000 0.224235 0.974000 0.221742 0.975750 0.220911 0.977250
0 0.948803 0.967500 0.947972 0.969750 0.948138 0.970000 0.948138 0.972750 0.947972 0.973000 0.947806 0.975250 0.946809 0.978500 0.946809 0.979500 0.945977 0.981000 0.946144 0.983750 0.945645 0.985000 0.945811 0.985750 0.945645 0.986000 0.945645 0.987500 0.946144 0.988250 0.945977 0.989000 0.946476 0.989750 0.946310 0.990500 0.947141 0.992250 0.948969 0.994000 0.948969 0.994750 0.949468 0.995250 0.949801 0.996500 0.950299 0.997250 0.950632 0.997250 0.951130 0.998500 0.951961 0.999000 0.952460 0.999750 0.960439 0.999750 0.960605 0.998750 0.961436 0.996750 0.961270 0.996500 0.961270 0.993750 0.960938 0.993250 0.960938 0.992250 0.960605 0.991750 0.959940 0.989250 0.958777 0.987500 0.957613 0.984000 0.957613 0.983250 0.957281 0.982750 0.955951 0.977750 0.954621 0.975250 0.954621 0.974500 0.953956 0.972250 0.953956 0.969750 0.953624 0.969250 0.952460 0.969000 0.951629 0.967750 0.950964 0.967250
0 0.146443 0.943250 0.144947 0.943750 0.143118 0.962750 0.138298 0.982750 0.138132 0.979750 0.139129 0.974750 0.139295 0.967250 0.140126 0.964750 0.139794 0.947250 0.139461 0.946750 0.137134 0.947250 0.135638 0.950000 0.134641 0.953250 0.132979 0.954750 0.133145 0.963750 0.134475 0.980000 0.134475 0.989750 0.135140 0.990500 0.136303 0.990250 0.137134 0.987500 0.137633 0.987250 0.135638 0.997750 0.136802 0.999250 0.138464 0.999000 0.139628 0.997750 0.140791 0.991750 0.143118 0.986500 0.145778 0.967500 0.146443 0.966250 0.147108 0.962500 0.147440 0.953500 0.146941 0.952000 0.146941 0.944250
0 0.985871 0.938500 0.984874 0.938500 0.981383 0.946000 0.981383 0.946750 0.977394 0.955000 0.976729 0.958750 0.976729 0.961000 0.975731 0.965250 0.975731 0.969750 0.975399 0.970250 0.975066 0.974500 0.973737 0.978750 0.972739 0.985500 0.971410 0.989750 0.971077 0.992750 0.970080 0.996000 0.970080 0.997250 0.969082 0.999750 0.976230 0.999500 0.977726 0.998000 0.978557 0.996250 0.978557 0.994750 0.979056 0.993750 0.978890 0.992750 0.980386 0.989000 0.980219 0.988250 0.981051 0.985500 0.981217 0.982000 0.981715 0.981250 0.981549 0.979750 0.982048 0.978750 0.982380 0.975000 0.983045 0.972500 0.982879 0.971500 0.983378 0.970250 0.983378 0.967500 0.983710 0.967000 0.983876 0.964750 0.984375 0.963750 0.984209 0.963250 0.984707 0.962250 0.984541 0.961750 0.984874 0.961250 0.985539 0.955000 0.986203 0.953250 0.986037 0.952250 0.986536 0.951250 0.986370 0.950250 0.986702 0.949500 0.987035 0.943250 0.986702 0.942500 0.986702 0.940500 0.986037 0.939750 0.986370 0.939000
0 0.458610 0.930750 0.457779 0.930750 0.456948 0.932000 0.456117 0.938750 0.454787 0.944500 0.454621 0.948250 0.453125 0.956000 0.452959 0.959000 0.452626 0.959750 0.452959 0.961000 0.450133 0.971750 0.449468 0.975750 0.447806 0.981000 0.447141 0.986750 0.446144 0.989250 0.445146 0.996500 0.444149 0.997750 0.444814 0.999250 0.450465 0.999500 0.451961 0.998500 0.451629 0.997750 0.451961 0.992500 0.452959 0.990750 0.453956 0.987750 0.454289 0.983750 0.454621 0.983250 0.454621 0.979750 0.454953 0.979250 0.454953 0.975750 0.455286 0.974750 0.455120 0.966750 0.455785 0.963000 0.456283 0.955500 0.456117 0.952000 0.456449 0.951250 0.456782 0.947000 0.457114 0.946500 0.456948 0.945000 0.457779 0.942000 0.457779 0.940500 0.458777 0.935500 0.459109 0.931500
0 0.947972 0.928500 0.947141 0.929750 0.947141 0.930250 0.947972 0.932750 0.948637 0.937250 0.950465 0.943000 0.950465 0.944500 0.950798 0.945000 0.950798 0.947500 0.951130 0.948000 0.950964 0.949250 0.951795 0.951500 0.951629 0.953250 0.952460 0.956000 0.953125 0.957000 0.953125 0.960500 0.953457 0.961000 0.953457 0.963500 0.953956 0.964750 0.953956 0.966000 0.954289 0.967000 0.954953 0.967500 0.955785 0.967500 0.956782 0.966500 0.957114 0.967500 0.958278 0.969250 0.960106 0.975250 0.960938 0.976000 0.961769 0.976000 0.962267 0.975500 0.962267 0.973750 0.961602 0.971750 0.961602 0.969750 0.961270 0.969250 0.960938 0.967250 0.959774 0.965500 0.959774 0.965000 0.957945 0.962500 0.957613 0.960750 0.957281 0.960250 0.957281 0.959000 0.956948 0.958500 0.956616 0.955500 0.955618 0.952250 0.955618 0.951000 0.955286 0.950500 0.955286 0.948750 0.954953 0.948250 0.955120 0.945500 0.954621 0.944500 0.954621 0.942750 0.954289 0.942000 0.954455 0.941750 0.953790 0.940500 0.953790 0.939250 0.953291 0.938000 0.953457 0.937750 0.953125 0.936000 0.952294 0.935250 0.951130 0.935500 0.950133 0.932500 0.949967 0.929250 0.949302 0.928500
0 0.953291 0.925500 0.952793 0.926000 0.952626 0.927250 0.952959 0.928500 0.952959 0.929750 0.953457 0.930500 0.953457 0.931000 0.953790 0.931500 0.953624 0.933750 0.953956 0.934250 0.953956 0.936250 0.954289 0.937000 0.954289 0.937500 0.954787 0.938500 0.954787 0.940250 0.955951 0.942750 0.955951 0.943250 0.956283 0.944000 0.956283 0.945250 0.956616 0.945750 0.956782 0.946500 0.956616 0.947000 0.957114 0.948750 0.957447 0.949000 0.957779 0.950250 0.958278 0.951000 0.958278 0.952250 0.958943 0.954500 0.959109 0.958250 0.959441 0.958500 0.960771 0.958500 0.961436 0.957750 0.961436 0.957250 0.961270 0.957000 0.961104 0.954500 0.960938 0.954250 0.960938 0.951750 0.960273 0.950250 0.960273 0.948750 0.959940 0.948250 0.959940 0.946750 0.959608 0.946000 0.959608 0.944750 0.958943 0.943250 0.959109 0.942750 0.958610 0.941750 0.958610 0.940750 0.957613 0.939000 0.957613 0.938500 0.957114 0.937750 0.956616 0.934250 0.956449 0.934000 0.956449 0.933250 0.956283 0.933000 0.956283 0.932250 0.955951 0.931250 0.955951 0.930250 0.955618 0.929000 0.955618 0.927750 0.954455 0.925750 0.954122 0.925500
0 0.151762 0.918750 0.151596 0.918750 0.151430 0.918500 0.150432 0.918500 0.150266 0.918750 0.150100 0.918750 0.149934 0.919000 0.149934 0.919250 0.149102 0.920500 0.148604 0.920500 0.148271 0.921000 0.148105 0.921000 0.147440 0.922000 0.147440 0.923000 0.147108 0.923500 0.147108 0.923750 0.145944 0.925500 0.145944 0.926000 0.145113 0.927000 0.145113 0.927250 0.144614 0.928500 0.144614 0.929250 0.144448 0.929500 0.144448 0.929750 0.143949 0.930500 0.143949 0.931750 0.143617 0.932500 0.143617 0.933000 0.143285 0.933500 0.143285 0.934750 0.142952 0.935500 0.142952 0.936500 0.143118 0.936750 0.143617 0.936750 0.143783 0.937000 0.143949 0.937000 0.144116 0.936750 0.144614 0.936750 0.144781 0.936500 0.144781 0.936250 0.145113 0.935500 0.145279 0.934250 0.145612 0.933750 0.145944 0.933750 0.146110 0.933500 0.146110 0.933000 0.146443 0.932500 0.146443 0.932000 0.146775 0.931500 0.146775 0.931000 0.147108 0.930500 0.147108 0.930000 0.147440 0.929500 0.147440 0.929000 0.147773 0.928500 0.147773 0.928000 0.148105 0.927500 0.148105 0.927000 0.148438 0.926500 0.148438 0.926000 0.149601 0.924250 0.149767 0.923500 0.150765 0.922000 0.150765 0.921750 0.151097 0.921250 0.151097 0.921000 0.151263 0.920750 0.151430 0.920750 0.151430 0.920000 0.151762 0.919500
0 0.145778 0.904750 0.144947 0.904500 0.144116 0.905000 0.141622 0.911000 0.138464 0.915500 0.137633 0.917250 0.134641 0.926250 0.133311 0.928250 0.132979 0.929250 0.131150 0.931500 0.126496 0.943250 0.125997 0.946000 0.126662 0.947000 0.125831 0.948500 0.125665 0.949750 0.126164 0.950000 0.127327 0.949750 0.128823 0.946500 0.129488 0.943750 0.130153 0.942250 0.134641 0.936250 0.136137 0.931250 0.138963 0.924750 0.138963 0.924000 0.139628 0.923250 0.139628 0.922500 0.140293 0.921250 0.140459 0.920250 0.140957 0.919750 0.141456 0.918000 0.142620 0.916750 0.143118 0.915250 0.144614 0.913250 0.145445 0.911000 0.145778 0.908500 0.146110 0.907750 0.145612 0.906750 0.145944 0.905750
0 0.858211 0.900000 0.858211 0.901250 0.860206 0.908000 0.860206 0.909250 0.861037 0.913750 0.861037 0.915500 0.861702 0.917000 0.861702 0.918250 0.863364 0.923250 0.863863 0.926500 0.864362 0.927250 0.864362 0.928250 0.865359 0.930750 0.865193 0.932000 0.865691 0.933500 0.865525 0.934750 0.866190 0.937000 0.866190 0.942250 0.866689 0.943250 0.866689 0.947750 0.867021 0.948000 0.867021 0.953500 0.867520 0.954000 0.868850 0.953750 0.869016 0.947750 0.868517 0.944750 0.868684 0.942500 0.868351 0.942000 0.868351 0.937000 0.867520 0.934500 0.867686 0.932000 0.867354 0.931500 0.867188 0.930000 0.866855 0.929750 0.866855 0.928750 0.866024 0.926500 0.866024 0.925500 0.865359 0.924000 0.865359 0.923000 0.865027 0.922500 0.864694 0.920500 0.864195 0.919750 0.864029 0.918250 0.862866 0.914750 0.863032 0.912500 0.862533 0.911750 0.862367 0.908750 0.860206 0.901000 0.859541 0.900000
0 0.936503 0.876000 0.936170 0.876250 0.936170 0.878000 0.936503 0.878750 0.936336 0.879250 0.936669 0.881500 0.939495 0.886750 0.940824 0.888250 0.943152 0.889750 0.943484 0.892500 0.942819 0.893500 0.943152 0.894250 0.943152 0.895000 0.943484 0.895750 0.943484 0.897000 0.943816 0.897750 0.943816 0.901000 0.944149 0.901500 0.944149 0.903750 0.944814 0.906250 0.944814 0.908250 0.945146 0.909000 0.945312 0.912000 0.945811 0.913250 0.945811 0.914250 0.946476 0.915750 0.946809 0.917750 0.947640 0.918500 0.948969 0.918250 0.949136 0.916500 0.948637 0.915250 0.948803 0.914500 0.948305 0.913250 0.948471 0.911750 0.947640 0.908750 0.947806 0.907750 0.946975 0.905000 0.946975 0.903000 0.946642 0.902250 0.946642 0.901000 0.945977 0.898000 0.946144 0.897750 0.945146 0.889750 0.944980 0.889250 0.944315 0.889000 0.943983 0.888500 0.943816 0.886250 0.943484 0.885750 0.942985 0.883250 0.942653 0.882750 0.941489 0.882500 0.940658 0.881250 0.939495 0.881000 0.938996 0.879500 0.938830 0.878250 0.938996 0.878000 0.937999 0.876000
0 0.143451 0.873750 0.143451 0.876500 0.157414 0.909250 0.155918 0.909750 0.155253 0.913500 0.158743 0.920750 0.161403 0.941000 0.163231 0.949500 0.165725 0.954500 0.163231 0.955500 0.158910 0.999500 0.161070 0.999000 0.163065 0.987750 0.166057 0.955500 0.169382 0.963250 0.172041 0.977000 0.175033 0.984250 0.177028 0.993500 0.179521 0.993000 0.179355 0.988000 0.182015 0.986250 0.180851 0.977750 0.181516 0.971750 0.187999 0.984500 0.190492 0.985500 0.190991 0.982500 0.187500 0.959750 0.185505 0.957250 0.182513 0.958250 0.181350 0.966500 0.179688 0.966250 0.174202 0.939750 0.171044 0.929000 0.164395 0.916500 0.162566 0.916000 0.160904 0.906750 0.151097 0.883250
0 0.340592 0.872750 0.340093 0.873250 0.340093 0.875250 0.341922 0.882750 0.341922 0.885250 0.342919 0.890250 0.343251 0.898250 0.343750 0.900750 0.343750 0.904500 0.344249 0.907750 0.344249 0.917500 0.344581 0.918000 0.344581 0.923750 0.345080 0.924500 0.345578 0.924500 0.345911 0.925250 0.346077 0.928750 0.346576 0.929250 0.347407 0.929250 0.347906 0.928750 0.347739 0.926000 0.348737 0.924500 0.348570 0.923750 0.348903 0.923250 0.348903 0.915750 0.348737 0.914500 0.348238 0.914000 0.348238 0.912500 0.347407 0.910500 0.346576 0.905000 0.346576 0.903500 0.346077 0.901500 0.345578 0.895750 0.345246 0.895000 0.344914 0.888500 0.345578 0.888000 0.345745 0.887250 0.344914 0.878750 0.344415 0.877500 0.344415 0.876750 0.344082 0.876250 0.343085 0.876250 0.341755 0.873000
0 0.654422 0.861000 0.648770 0.863000 0.646277 0.862750 0.641290 0.878750 0.637965 0.904250 0.636636 0.927500 0.634641 0.948000 0.629987 0.978750 0.629820 0.988500 0.631483 0.991750 0.633644 0.990000 0.638132 0.974750 0.639129 0.967250 0.643451 0.954000 0.645113 0.951250 0.648770 0.937750 0.650765 0.934000 0.650765 0.932750 0.649601 0.931750 0.647440 0.931750 0.645612 0.933500 0.644614 0.927000 0.647108 0.912250 0.649435 0.889750 0.651430 0.880000 0.653092 0.875250 0.654089 0.866500 0.655253 0.862750
0 0.148105 0.854500 0.147939 0.855000 0.148271 0.855250 0.148438 0.855750 0.148271 0.856000 0.147606 0.856250 0.147606 0.856750 0.149102 0.858000 0.150266 0.859750 0.150432 0.860500 0.150931 0.861250 0.150931 0.861500 0.151430 0.862250 0.151430 0.862500 0.152759 0.864500 0.153092 0.865500 0.154255 0.867250 0.154255 0.867500 0.154422 0.867500 0.154754 0.868000 0.154754 0.868250 0.156915 0.871250 0.157414 0.871500 0.159076 0.874000 0.159242 0.874500 0.159408 0.874500 0.160073 0.875250 0.160904 0.875250 0.161237 0.875000 0.160738 0.873500 0.159741 0.872000 0.159408 0.871750 0.159408 0.871500 0.158743 0.870500 0.158577 0.869750 0.155419 0.865250 0.154754 0.863500 0.153590 0.861500 0.152759 0.859250 0.151762 0.857750 0.151762 0.857500 0.149934 0.854750 0.149601 0.854500
0 0.188165 0.850750 0.187001 0.850500 0.186170 0.851000 0.184009 0.858250 0.180519 0.865750 0.179189 0.871250 0.179023 0.873750 0.177693 0.878750 0.176862 0.886000 0.176197 0.887750 0.175532 0.891250 0.174867 0.892500 0.174535 0.896250 0.174202 0.896750 0.174368 0.899750 0.175366 0.900000 0.176695 0.898750 0.177360 0.892500 0.178025 0.890500 0.178025 0.889500 0.178358 0.889000 0.178690 0.887000 0.179023 0.886500 0.179023 0.885500 0.179355 0.885000 0.179355 0.882750 0.179688 0.881750 0.179688 0.880500 0.180020 0.879750 0.180352 0.877250 0.181017 0.875500 0.181350 0.873000 0.181682 0.872500 0.182015 0.869500 0.183677 0.864500 0.184840 0.862750 0.186004 0.860000 0.186004 0.859250 0.187001 0.856500 0.187334 0.854500 0.188165 0.852500
0 0.655585 0.841000 0.654588 0.841000 0.654422 0.841250 0.654255 0.841250 0.653923 0.841750 0.653923 0.842250 0.653757 0.842500 0.653757 0.842750 0.653590 0.843000 0.653590 0.843250 0.653424 0.843500 0.653424 0.844250 0.653258 0.844500 0.653258 0.845500 0.653092 0.845750 0.653092 0.846250 0.652926 0.846500 0.652926 0.847000 0.652759 0.847250 0.652759 0.847750 0.652593 0.848000 0.652593 0.848250 0.652427 0.848500 0.652427 0.848750 0.652593 0.849000 0.652593 0.850000 0.652759 0.850250 0.654422 0.850250 0.654588 0.850000 0.654754 0.850000 0.656084 0.848000 0.656084 0.846500 0.655918 0.846250 0.655918 0.846000 0.655751 0.845750 0.655918 0.845500 0.655918 0.844750 0.655419 0.844000 0.655585 0.843750 0.655585 0.843250 0.655751 0.843000 0.655751 0.842750 0.656084 0.842250 0.656084 0.841500 0.655918 0.841250 0.655751 0.841250
0 0.346077 0.839500 0.345745 0.839750 0.345578 0.840250 0.345578 0.845750 0.345412 0.846500 0.345745 0.847000 0.345745 0.848250 0.345911 0.849000 0.346243 0.849500 0.346243 0.850500 0.346576 0.851000 0.346576 0.852500 0.346908 0.853000 0.346908 0.853500 0.347573 0.855000 0.347573 0.855750 0.348404 0.858500 0.348404 0.859250 0.348737 0.860500 0.348737 0.862250 0.348903 0.862500 0.348737 0.867500 0.348903 0.867750 0.348903 0.872000 0.349069 0.872250 0.348903 0.872750 0.349235 0.873250 0.349235 0.874250 0.349568 0.874750 0.350565 0.875000 0.351064 0.874750 0.351562 0.873750 0.351562 0.869250 0.352227 0.868500 0.352227 0.867750 0.351895 0.867000 0.351895 0.865750 0.351230 0.863500 0.351230 0.861750 0.350898 0.861000 0.350898 0.858750 0.350565 0.858000 0.350565 0.857250 0.350731 0.857000 0.350399 0.856500 0.350399 0.855750 0.349568 0.852500 0.349568 0.851500 0.349069 0.850000 0.349069 0.848750 0.348570 0.847750 0.348570 0.847000 0.348737 0.846750 0.348737 0.844750 0.348238 0.843750 0.348238 0.841750 0.347906 0.841250 0.347906 0.840000 0.347407 0.839500
0 0.338930 0.832250 0.338597 0.832500 0.338597 0.834000 0.338930 0.834750 0.338930 0.838500 0.339262 0.839000 0.339262 0.840000 0.339594 0.840750 0.339594 0.842500 0.339927 0.843000 0.339927 0.844750 0.340259 0.846000 0.340259 0.847750 0.340426 0.848000 0.340592 0.850250 0.340924 0.851500 0.341257 0.852000 0.341423 0.854000 0.342088 0.855750 0.342088 0.856250 0.342586 0.857250 0.342586 0.859500 0.342919 0.860250 0.342919 0.862250 0.343750 0.863750 0.345246 0.863750 0.345412 0.863500 0.345412 0.862250 0.345080 0.861250 0.345080 0.858750 0.344747 0.858000 0.344747 0.856250 0.344415 0.855500 0.344415 0.854000 0.344082 0.853250 0.344082 0.851500 0.343750 0.850750 0.343750 0.849250 0.343418 0.848500 0.343418 0.847250 0.343085 0.846500 0.343085 0.845500 0.342753 0.844750 0.342753 0.844000 0.342088 0.842000 0.342088 0.841000 0.341423 0.839250 0.341423 0.838000 0.341090 0.837250 0.341090 0.836250 0.340758 0.835500 0.340758 0.834250 0.340426 0.833750 0.340426 0.833250 0.340093 0.832500 0.339761 0.832250
0 0.330618 0.829250 0.330286 0.829500 0.330286 0.832000 0.330618 0.832500 0.330618 0.834750 0.330951 0.835500 0.330951 0.837500 0.331283 0.838000 0.331616 0.839000 0.331616 0.840000 0.331948 0.840500 0.332447 0.842000 0.332447 0.844000 0.332779 0.844750 0.332779 0.845250 0.333112 0.846000 0.333112 0.846500 0.333444 0.847500 0.333610 0.851500 0.334441 0.852000 0.334608 0.853000 0.335106 0.854000 0.335106 0.855000 0.335439 0.855500 0.335439 0.856000 0.335605 0.856250 0.335605 0.857500 0.335938 0.858000 0.335938 0.859750 0.335771 0.860250 0.336104 0.860750 0.337101 0.860750 0.337766 0.860000 0.337766 0.857500 0.337434 0.856750 0.337267 0.855500 0.336935 0.855000 0.336769 0.853750 0.336270 0.852500 0.336270 0.851500 0.335938 0.851000 0.335938 0.850500 0.335439 0.849000 0.335439 0.848250 0.335273 0.848000 0.335273 0.846250 0.335106 0.846000 0.335106 0.843000 0.334774 0.842250 0.334774 0.841000 0.334441 0.840250 0.334441 0.839250 0.333444 0.836000 0.333444 0.834750 0.332779 0.833000 0.332779 0.832250 0.332447 0.831500 0.332114 0.829750 0.331449 0.829250
0 0.106715 0.828500 0.106715 0.829000 0.108876 0.830750 0.109541 0.832500 0.108544 0.833500 0.109209 0.835750 0.110539 0.837500 0.113198 0.839750 0.117520 0.845000 0.120346 0.851250 0.124501 0.858000 0.128491 0.866750 0.133145 0.873500 0.133145 0.874000 0.134309 0.875000 0.136802 0.880250 0.137799 0.881250 0.139628 0.881000 0.137799 0.875500 0.137301 0.875000 0.136303 0.871750 0.136303 0.870750 0.134807 0.867500 0.130652 0.862750 0.127493 0.855500 0.122673 0.848750 0.121842 0.848250 0.118850 0.842500 0.113863 0.836500 0.113032 0.833750 0.111037 0.830500 0.108045 0.828250
0 0.662566 0.823500 0.661902 0.823500 0.661735 0.823750 0.661403 0.823750 0.660904 0.824750 0.660904 0.826250 0.660406 0.827000 0.660239 0.827500 0.660239 0.828500 0.659741 0.829750 0.659741 0.831000 0.659907 0.831250 0.659907 0.832250 0.659741 0.832500 0.659741 0.835250 0.659574 0.835500 0.659574 0.836000 0.659242 0.836500 0.659242 0.837250 0.659076 0.837750 0.658411 0.839000 0.658411 0.839750 0.657912 0.841250 0.657912 0.841750 0.657247 0.843000 0.657247 0.846000 0.657912 0.846750 0.657912 0.847500 0.658245 0.847750 0.659574 0.847750 0.659741 0.847500 0.659741 0.846750 0.660073 0.846000 0.660073 0.845000 0.660406 0.844500 0.660406 0.843750 0.660572 0.843250 0.661070 0.842750 0.661070 0.842250 0.661403 0.841750 0.661403 0.841250 0.661735 0.840750 0.661735 0.840250 0.662068 0.839750 0.662068 0.837500 0.662400 0.837250 0.662400 0.833750 0.662234 0.833500 0.662234 0.832500 0.662400 0.832250 0.662234 0.832000 0.662400 0.831750 0.662400 0.829500 0.662566 0.829250 0.662566 0.828000 0.662899 0.827250 0.662899 0.826000 0.663231 0.825250 0.663231 0.824250
0 0.736536 0.817750 0.736203 0.818000 0.736203 0.823500 0.735705 0.824250 0.735372 0.824250 0.735206 0.824500 0.735372 0.836250 0.735539 0.836500 0.735539 0.839500 0.735871 0.840000 0.735871 0.842750 0.736037 0.843000 0.736037 0.848750 0.736370 0.849250 0.737367 0.849250 0.737866 0.848750 0.737866 0.842750 0.737699 0.842500 0.737699 0.821750 0.738198 0.821000 0.738364 0.821000 0.738364 0.819750 0.738032 0.819000 0.738032 0.818250 0.737533 0.817750
0 0.914727 0.808000 0.914894 0.810750 0.916057 0.812500 0.917055 0.816000 0.918052 0.824000 0.918717 0.826250 0.920213 0.827250 0.921875 0.832750 0.925532 0.837500 0.926197 0.840250 0.926031 0.842000 0.925033 0.838750 0.923205 0.836500 0.921875 0.836250 0.921210 0.836750 0.922872 0.843500 0.926197 0.850000 0.928191 0.857750 0.929521 0.858250 0.931017 0.861750 0.930851 0.862500 0.930020 0.862750 0.933511 0.871000 0.934342 0.872250 0.935339 0.872000 0.934674 0.869500 0.935007 0.868000 0.934176 0.864500 0.932347 0.860500 0.930020 0.853500 0.930020 0.852500 0.928524 0.848750 0.929355 0.848250 0.929521 0.847500 0.928025 0.837750 0.926695 0.835500 0.925366 0.835000 0.923039 0.831000 0.922041 0.826500 0.921210 0.825250 0.920047 0.821250 0.919382 0.816000 0.917719 0.810250 0.916722 0.808250 0.915891 0.807750
0 0.529588 0.806250 0.529255 0.806000 0.527759 0.806000 0.526928 0.807000 0.525931 0.807750 0.525765 0.808250 0.524601 0.809250 0.522773 0.812250 0.522606 0.812250 0.521775 0.813500 0.521277 0.813750 0.521277 0.814000 0.519947 0.815750 0.518451 0.817250 0.517952 0.817500 0.517287 0.818500 0.516456 0.819000 0.515957 0.820000 0.515625 0.820250 0.514794 0.822000 0.513963 0.823000 0.512799 0.825250 0.512633 0.825250 0.511636 0.826750 0.510638 0.827500 0.510638 0.828250 0.510805 0.828500 0.512633 0.828500 0.513797 0.827500 0.515459 0.825000 0.516124 0.824500 0.516290 0.823750 0.517121 0.822500 0.517786 0.822000 0.520279 0.818750 0.521110 0.818250 0.521775 0.817500 0.523438 0.815000 0.524102 0.814500 0.525765 0.812000 0.526430 0.811500 0.526430 0.811000 0.527427 0.810000 0.528424 0.808500 0.528424 0.808000 0.529588 0.806750
0 0.319315 0.805250 0.316988 0.807500 0.317154 0.812000 0.323637 0.831750 0.321809 0.833750 0.319481 0.846750 0.319481 0.857500 0.317819 0.867750 0.316822 0.909750 0.313497 0.949750 0.313664 0.970250 0.315326 0.969750 0.316988 0.945250 0.322141 0.929750 0.321476 0.974250 0.323305 0.974750 0.324302 0.956000 0.333610 0.898250 0.335439 0.878000 0.336935 0.880250 0.339428 0.900750 0.341423 0.900500 0.341423 0.894000 0.337766 0.873500 0.336436 0.873000 0.335605 0.875000 0.334109 0.870750 0.333444 0.855000 0.332447 0.854000 0.325133 0.816750 0.322141 0.807000
0 0.838763 0.805500 0.838431 0.806250 0.840426 0.813750 0.841090 0.819500 0.841423 0.820000 0.841423 0.821500 0.841755 0.822000 0.842088 0.824500 0.843418 0.828500 0.843418 0.830500 0.844082 0.832750 0.844415 0.836000 0.845412 0.838750 0.845745 0.841750 0.846077 0.842000 0.846077 0.844000 0.846410 0.844500 0.846410 0.846000 0.846742 0.846500 0.846742 0.847500 0.847739 0.850500 0.847739 0.851750 0.849402 0.852000 0.849900 0.851500 0.849900 0.848500 0.850233 0.848000 0.850066 0.842250 0.850399 0.840250 0.849900 0.837250 0.850066 0.833250 0.849734 0.832500 0.849734 0.829750 0.849402 0.829500 0.848238 0.824500 0.847407 0.823750 0.845578 0.818250 0.845080 0.814500 0.843584 0.810250 0.843418 0.809000 0.842919 0.808000 0.842254 0.805250 0.840758 0.805000 0.840259 0.805500
0 0.326130 0.798500 0.325632 0.799000 0.325632 0.800000 0.326795 0.803500 0.327128 0.804000 0.327128 0.804500 0.327959 0.806250 0.327959 0.807500 0.328291 0.808500 0.328624 0.811000 0.328956 0.811250 0.329953 0.811250 0.330120 0.811500 0.330120 0.812500 0.330452 0.813500 0.330618 0.815250 0.331782 0.818250 0.331782 0.818750 0.332114 0.819750 0.332114 0.820500 0.332281 0.820750 0.332281 0.822000 0.332447 0.822250 0.332447 0.822750 0.332945 0.823750 0.332945 0.825000 0.333278 0.825500 0.333278 0.827250 0.333777 0.828500 0.334608 0.828750 0.335106 0.828250 0.334774 0.827250 0.334774 0.825500 0.334441 0.824750 0.334940 0.823500 0.334441 0.822000 0.334441 0.821000 0.334275 0.820750 0.334109 0.819250 0.333112 0.815250 0.333112 0.814500 0.332114 0.810250 0.332114 0.809250 0.331782 0.808250 0.331782 0.807500 0.331449 0.806750 0.331449 0.806000 0.330618 0.804750 0.329953 0.804250 0.329621 0.803000 0.329122 0.802500 0.328956 0.801750 0.327626 0.799500 0.327626 0.799000 0.327460 0.798750 0.327128 0.798750 0.326961 0.798500
0 0.617188 0.794750 0.615858 0.814750 0.616689 0.818500 0.616689 0.827750 0.617354 0.829250 0.619016 0.843500 0.619681 0.862750 0.621011 0.868000 0.622673 0.890500 0.627327 0.908500 0.628491 0.917250 0.630485 0.917500 0.630652 0.909500 0.630153 0.888500 0.630485 0.873750 0.629156 0.864750 0.628823 0.854750 0.627493 0.846250 0.627826 0.844500 0.626828 0.840250 0.625665 0.838500 0.624169 0.831250 0.620678 0.803750 0.619847 0.800000 0.618517 0.798750 0.618684 0.795000
0 0.947640 0.795000 0.945146 0.799500 0.946144 0.808250 0.949801 0.815500 0.952460 0.823500 0.955951 0.827750 0.956117 0.829000 0.963763 0.840750 0.965426 0.844250 0.970745 0.851250 0.972906 0.857750 0.974734 0.861000 0.976895 0.863000 0.978225 0.869500 0.980053 0.873500 0.982879 0.877750 0.985372 0.879000 0.986536 0.878750 0.988697 0.871250 0.988531 0.869500 0.989029 0.868750 0.989195 0.865250 0.989860 0.863000 0.989528 0.859250 0.987866 0.857250 0.985206 0.855750 0.979056 0.845000 0.976895 0.839750 0.970745 0.832750 0.968584 0.827750 0.964262 0.821500 0.959608 0.803750 0.958610 0.801750 0.954787 0.797750 0.952959 0.794000 0.950964 0.793750
0 0.741024 0.793250 0.740691 0.793750 0.740691 0.794250 0.740858 0.794500 0.740858 0.795750 0.741024 0.796000 0.741024 0.798000 0.741356 0.798500 0.741356 0.798750 0.741689 0.799250 0.741689 0.799750 0.742021 0.800250 0.743185 0.800250 0.743517 0.799750 0.743517 0.798750 0.743185 0.798250 0.743185 0.798000 0.743019 0.797750 0.743019 0.797250 0.742852 0.797000 0.742852 0.796000 0.742686 0.795750 0.742686 0.794750 0.742520 0.794500 0.742520 0.793750 0.742188 0.793250
0 0.531915 0.791250 0.531250 0.790250 0.529920 0.790250 0.528757 0.792000 0.528590 0.792000 0.528092 0.792750 0.528092 0.793000 0.527427 0.794000 0.527427 0.794250 0.525598 0.797000 0.525598 0.797250 0.525432 0.797500 0.525432 0.797750 0.525266 0.798000 0.525266 0.798500 0.525432 0.798750 0.525598 0.798750 0.525765 0.799000 0.526928 0.799000 0.527094 0.798750 0.527261 0.798750 0.527427 0.798500 0.527926 0.798500 0.528092 0.798250 0.528258 0.798250 0.528424 0.798000 0.528424 0.797500 0.529588 0.795750 0.529754 0.795750 0.529754 0.795500 0.530419 0.794500 0.530419 0.794250 0.530918 0.793500 0.530918 0.793250 0.531915 0.791750
0 0.737699 0.789000 0.737533 0.789250 0.737201 0.789250 0.737035 0.789500 0.737035 0.790250 0.737201 0.790500 0.737201 0.794500 0.737367 0.794750 0.737367 0.795250 0.737533 0.795500 0.737533 0.795750 0.737699 0.796000 0.737699 0.796750 0.737866 0.797000 0.737866 0.797250 0.737699 0.797500 0.737699 0.798250 0.738032 0.798750 0.739195 0.798750 0.739362 0.798500 0.739528 0.798500 0.739860 0.798000 0.739860 0.797500 0.739694 0.797250 0.739694 0.796500 0.739528 0.796250 0.739528 0.795250 0.739362 0.795000 0.739528 0.794750 0.739528 0.794500 0.739362 0.794250 0.739362 0.794000 0.739195 0.793750 0.739195 0.789500 0.739029 0.789500 0.738863 0.789250 0.738531 0.789250 0.738364 0.789000
0 0.732547 0.789000 0.732380 0.789250 0.732214 0.789250 0.732048 0.789500 0.732048 0.796500 0.732214 0.796750 0.732214 0.799250 0.732380 0.799500 0.732380 0.801000 0.732547 0.801250 0.732547 0.802000 0.732713 0.802000 0.732879 0.802250 0.733544 0.802250 0.733710 0.802500 0.734043 0.802500 0.734209 0.802250 0.734874 0.802250 0.735206 0.801750 0.735206 0.801250 0.735040 0.801000 0.735040 0.797500 0.734874 0.797250 0.734874 0.794750 0.734707 0.794500 0.734707 0.791750 0.734874 0.791500 0.734874 0.791250 0.734707 0.791000 0.734541 0.791000 0.734209 0.790500 0.734209 0.789750 0.733876 0.789250 0.733544 0.789250 0.733378 0.789000
0 0.530419 0.785750 0.530253 0.785750 0.530086 0.785500 0.529754 0.785500 0.529588 0.785250 0.528923 0.785250 0.528424 0.784750 0.527094 0.784750 0.526928 0.785000 0.526596 0.785000 0.526430 0.785250 0.525765 0.785250 0.525598 0.785500 0.523770 0.785500 0.523271 0.786250 0.522939 0.786250 0.522773 0.786500 0.522440 0.786500 0.522108 0.787000 0.521775 0.787000 0.521609 0.787250 0.521443 0.787250 0.521277 0.787500 0.521277 0.789500 0.521443 0.789750 0.521443 0.790750 0.521609 0.791000 0.521609 0.791250 0.521941 0.791750 0.522108 0.791750 0.522274 0.792000 0.522773 0.792000 0.522939 0.792250 0.522939 0.794750 0.523105 0.795000 0.523438 0.795000 0.523604 0.795250 0.524102 0.795250 0.524269 0.795000 0.524601 0.795000 0.524934 0.794250 0.524767 0.794000 0.524934 0.793750 0.524934 0.792500 0.525266 0.792000 0.525432 0.792000 0.525598 0.791750 0.525765 0.791750 0.526097 0.791250 0.526263 0.791250 0.527094 0.790000 0.527261 0.790000 0.527427 0.789750 0.527593 0.789750 0.527759 0.789500 0.528258 0.789250 0.529255 0.787750 0.529422 0.787750 0.529588 0.787500 0.530086 0.787250 0.530086 0.787000 0.530419 0.786500
0 0.554854 0.779250 0.554521 0.779250 0.554355 0.779000 0.552028 0.779000 0.551031 0.779750 0.550366 0.781250 0.550366 0.782000 0.549867 0.782750 0.549036 0.785250 0.548205 0.786500 0.547872 0.787500 0.547207 0.788000 0.546875 0.788750 0.545878 0.790000 0.545711 0.790750 0.545047 0.791750 0.544548 0.792000 0.542221 0.795250 0.538730 0.799250 0.538065 0.800250 0.538065 0.800500 0.538896 0.801000 0.539727 0.801000 0.539894 0.800750 0.540226 0.800750 0.540725 0.800000 0.541390 0.799750 0.541888 0.799250 0.542055 0.798750 0.542719 0.798000 0.544382 0.795250 0.545379 0.794250 0.547706 0.792750 0.548205 0.792000 0.549036 0.791500 0.549701 0.790250 0.550366 0.789750 0.552028 0.789750 0.552360 0.789500 0.552693 0.788750 0.553191 0.788250 0.553191 0.787750 0.553524 0.787250 0.553856 0.786000 0.554189 0.785750 0.554688 0.783250 0.555020 0.782750 0.555020 0.782000 0.555352 0.781250 0.555352 0.780250
0 0.313830 0.777500 0.313664 0.778250 0.314993 0.783500 0.314993 0.784500 0.315824 0.786250 0.316323 0.787750 0.316489 0.789000 0.318816 0.792750 0.319149 0.794000 0.320146 0.795750 0.320811 0.798250 0.321310 0.799000 0.322806 0.804500 0.323305 0.805500 0.324136 0.809500 0.324967 0.810750 0.325465 0.812000 0.325798 0.814000 0.326629 0.814500 0.327460 0.814250 0.327626 0.813250 0.326463 0.810000 0.326130 0.807750 0.325465 0.806000 0.325299 0.804750 0.324136 0.802250 0.323969 0.801000 0.322972 0.798750 0.321975 0.795500 0.321975 0.795000 0.322473 0.794250 0.318484 0.785500 0.318318 0.784000 0.315492 0.778000 0.314827 0.777250
0 0.835273 0.765250 0.834940 0.765750 0.834940 0.767250 0.835273 0.768000 0.835273 0.770250 0.835605 0.770750 0.835605 0.771250 0.836270 0.773000 0.836270 0.773750 0.836436 0.774250 0.836935 0.775000 0.836935 0.775500 0.837600 0.776500 0.837766 0.777500 0.838265 0.778500 0.838265 0.779000 0.838763 0.779500 0.838930 0.780000 0.838930 0.780750 0.839428 0.782000 0.839428 0.782750 0.839761 0.783250 0.839761 0.783750 0.840259 0.784500 0.840426 0.786000 0.841090 0.787750 0.841257 0.792000 0.841922 0.792750 0.842753 0.792750 0.843085 0.792500 0.843085 0.790250 0.842919 0.790000 0.842919 0.787750 0.842753 0.787500 0.842919 0.786500 0.842586 0.785750 0.842586 0.784750 0.842420 0.784500 0.842420 0.782750 0.842254 0.782500 0.842254 0.780000 0.841755 0.779000 0.841922 0.778750 0.841922 0.777750 0.841589 0.777250 0.841589 0.775750 0.841257 0.775250 0.841257 0.774750 0.840758 0.774000 0.840924 0.773500 0.840426 0.772750 0.840426 0.772250 0.840592 0.772000 0.839761 0.770500 0.839428 0.770250 0.838930 0.770250 0.837932 0.768750 0.837932 0.768500 0.837600 0.768000 0.837600 0.767250 0.836436 0.765250
0 0.556848 0.763000 0.556682 0.762750 0.555352 0.762750 0.555186 0.763000 0.554854 0.763000 0.554189 0.763750 0.553856 0.763750 0.553690 0.764000 0.552859 0.764250 0.551197 0.765750 0.550366 0.766000 0.550199 0.766250 0.549036 0.767000 0.548371 0.768250 0.547872 0.768500 0.545379 0.772250 0.545213 0.772250 0.545213 0.772500 0.545047 0.772750 0.544880 0.772750 0.544382 0.773500 0.543883 0.773750 0.543717 0.774000 0.543717 0.774250 0.544049 0.774750 0.544049 0.775000 0.544215 0.775000 0.544382 0.775250 0.545878 0.775250 0.546044 0.775000 0.546376 0.775000 0.546543 0.774750 0.547041 0.774500 0.547872 0.773500 0.548371 0.773250 0.548703 0.772750 0.548870 0.772000 0.549368 0.771250 0.549535 0.771250 0.549867 0.770750 0.550033 0.770750 0.550698 0.769500 0.550864 0.769500 0.552194 0.768000 0.554023 0.766750 0.554355 0.766250 0.554521 0.766250 0.555352 0.765500 0.556184 0.765250 0.556350 0.765000 0.556350 0.764750 0.556017 0.764250 0.556350 0.763750 0.556682 0.763750 0.556848 0.763500
0 0.568983 0.762250 0.568816 0.762250 0.568650 0.762000 0.568152 0.762000 0.567985 0.761750 0.567154 0.761750 0.566988 0.762000 0.566323 0.762000 0.566157 0.762250 0.565824 0.762250 0.565658 0.762500 0.565492 0.762500 0.565326 0.762750 0.565160 0.762750 0.564993 0.763000 0.564827 0.763000 0.564661 0.763250 0.564495 0.763250 0.564328 0.763500 0.564162 0.763500 0.563996 0.763750 0.563830 0.763750 0.563664 0.764000 0.563497 0.764000 0.563331 0.764250 0.562832 0.764500 0.562500 0.765000 0.562334 0.765000 0.562168 0.765250 0.562001 0.765250 0.561835 0.765500 0.561669 0.765500 0.561503 0.765750 0.561336 0.765750 0.561170 0.766000 0.561004 0.766000 0.560838 0.766250 0.560339 0.766500 0.558511 0.769000 0.558344 0.769750 0.558012 0.770250 0.558012 0.770500 0.557846 0.770750 0.557846 0.771000 0.557513 0.771500 0.557513 0.771750 0.557846 0.772250 0.558012 0.772250 0.558178 0.772500 0.558178 0.772750 0.558511 0.773250 0.559674 0.773250 0.561336 0.770750 0.561503 0.770750 0.562334 0.769500 0.562832 0.769250 0.563165 0.768750 0.563664 0.768500 0.563996 0.768000 0.564162 0.768000 0.564495 0.767500 0.564661 0.767500 0.565160 0.766750 0.565326 0.766750 0.566157 0.765500 0.566323 0.765500 0.566489 0.765250 0.566988 0.765000 0.567985 0.763500 0.568152 0.763500 0.568318 0.763250 0.568484 0.763250 0.568816 0.762750 0.568983 0.762750
0 0.589428 0.756250 0.589096 0.756250 0.588930 0.756000 0.587101 0.756250 0.586104 0.757000 0.585106 0.757250 0.584275 0.758000 0.583943 0.758000 0.581948 0.759750 0.581117 0.760000 0.580286 0.760750 0.578956 0.761000 0.577793 0.761750 0.577294 0.761750 0.576463 0.762250 0.575798 0.762250 0.575632 0.762500 0.575133 0.762500 0.573803 0.763250 0.572473 0.763500 0.569980 0.765250 0.569149 0.765250 0.567819 0.766250 0.567154 0.767500 0.567154 0.768000 0.567653 0.768500 0.568484 0.768500 0.569149 0.768000 0.569980 0.768000 0.570645 0.767500 0.572141 0.767500 0.572640 0.767000 0.573138 0.767000 0.574634 0.766000 0.576463 0.766000 0.576629 0.765750 0.577128 0.765750 0.578457 0.765000 0.579787 0.765000 0.580286 0.764500 0.580785 0.764500 0.585771 0.760750 0.586602 0.759500 0.587932 0.758750 0.589428 0.756750
0 0.150432 0.753250 0.148936 0.753250 0.147440 0.755500 0.145778 0.761000 0.144614 0.763500 0.143617 0.768250 0.142952 0.769500 0.142952 0.771250 0.137799 0.779500 0.135971 0.787500 0.135306 0.789000 0.135306 0.790000 0.134309 0.792500 0.133810 0.795750 0.130652 0.802500 0.129156 0.809000 0.131150 0.809000 0.132314 0.803000 0.133976 0.800250 0.135805 0.795500 0.136469 0.792250 0.137134 0.790750 0.137134 0.789750 0.137965 0.788000 0.138132 0.785750 0.138963 0.784000 0.138797 0.783500 0.139295 0.782500 0.139129 0.781750 0.139794 0.779500 0.140791 0.777500 0.143451 0.774250 0.143451 0.773750 0.144781 0.771750 0.144781 0.770250 0.146110 0.766500 0.146110 0.765000 0.146443 0.764750 0.146775 0.763250 0.147440 0.762250 0.148604 0.759000 0.148438 0.758500 0.149269 0.757000 0.149102 0.756500 0.150100 0.755250 0.150598 0.753750
0 0.408577 0.752250 0.406749 0.751750 0.402094 0.753500 0.397108 0.754000 0.391124 0.756750 0.386303 0.760750 0.381150 0.762750 0.378491 0.764750 0.376164 0.767250 0.371676 0.771000 0.370844 0.772750 0.366356 0.776750 0.366024 0.777500 0.366523 0.777750 0.367520 0.779750 0.370013 0.779750 0.370844 0.778250 0.377493 0.774250 0.380153 0.771750 0.382314 0.769000 0.387467 0.765250 0.391290 0.763250 0.393617 0.762750 0.397274 0.760750 0.399435 0.760250 0.402926 0.757500 0.406250 0.756250 0.407580 0.756250 0.408245 0.755750 0.408743 0.754500 0.407912 0.753500
0 0.742686 0.750250 0.742520 0.750500 0.742354 0.750500 0.742354 0.751750 0.742021 0.752250 0.741855 0.752250 0.741855 0.752750 0.742021 0.753000 0.742021 0.753500 0.742354 0.754250 0.742354 0.755250 0.742520 0.755500 0.742520 0.758000 0.742686 0.758250 0.742686 0.760750 0.742520 0.761000 0.742520 0.761750 0.742354 0.762000 0.742354 0.762250 0.742686 0.762750 0.743517 0.762750 0.743684 0.763000 0.745346 0.763000 0.745512 0.762750 0.745678 0.762750 0.746011 0.762250 0.746011 0.762000 0.745678 0.761250 0.745678 0.759750 0.745512 0.759500 0.745512 0.759250 0.745180 0.758500 0.745180 0.757500 0.744847 0.756750 0.744847 0.752500 0.744515 0.752000 0.744515 0.751000 0.744016 0.750250
0 0.585771 0.748500 0.585439 0.748250 0.581449 0.748250 0.579787 0.749250 0.578956 0.749250 0.577294 0.750250 0.576629 0.750250 0.575964 0.750750 0.574302 0.751000 0.574136 0.751250 0.573138 0.751500 0.571642 0.753000 0.570645 0.753250 0.567320 0.755750 0.566157 0.758000 0.565991 0.759000 0.565658 0.759500 0.565658 0.760000 0.565991 0.760500 0.566323 0.760500 0.566489 0.760750 0.567985 0.760750 0.568816 0.759500 0.569814 0.758750 0.570146 0.758750 0.570479 0.758250 0.571144 0.758000 0.574136 0.755750 0.575133 0.754750 0.575632 0.754750 0.575798 0.754500 0.576795 0.754250 0.577128 0.753750 0.577460 0.753750 0.578291 0.753000 0.579621 0.753000 0.579787 0.752750 0.582114 0.751750 0.582447 0.751250 0.582779 0.751250 0.582945 0.751000 0.583610 0.751000 0.584441 0.750500 0.585439 0.750500 0.585938 0.750000 0.585771 0.749500
0 0.573471 0.741000 0.572972 0.740500 0.571975 0.740500 0.571809 0.740750 0.571476 0.740500 0.569814 0.740500 0.569648 0.740750 0.568152 0.741000 0.567653 0.741500 0.566489 0.742000 0.565991 0.742750 0.565492 0.743000 0.564827 0.744000 0.563497 0.745000 0.562500 0.746500 0.560838 0.747500 0.560173 0.748500 0.559176 0.749500 0.558677 0.749750 0.557846 0.750750 0.557347 0.751000 0.556516 0.752250 0.556516 0.752500 0.555851 0.753250 0.555851 0.754000 0.555519 0.754500 0.555020 0.756000 0.555020 0.756500 0.555352 0.756750 0.556682 0.756750 0.557846 0.755250 0.561004 0.753000 0.561336 0.752500 0.562500 0.751750 0.562999 0.751750 0.563497 0.751000 0.564495 0.750250 0.564827 0.750250 0.565326 0.749750 0.565658 0.749750 0.567487 0.747250 0.567985 0.747000 0.568816 0.745750 0.568983 0.745750 0.569980 0.744250 0.570479 0.744000 0.571310 0.743000 0.572307 0.742750 0.572806 0.742000 0.573305 0.741750 0.573471 0.741500
0 0.258145 0.736250 0.256316 0.736250 0.251995 0.742250 0.250997 0.743000 0.249335 0.745750 0.248836 0.747250 0.242686 0.756250 0.242520 0.757000 0.238697 0.763000 0.236370 0.767500 0.234375 0.774000 0.232547 0.777000 0.232547 0.777750 0.233378 0.778000 0.233544 0.778500 0.230386 0.783750 0.230718 0.784250 0.232214 0.784000 0.236536 0.776500 0.238531 0.773750 0.241190 0.766500 0.244182 0.761750 0.245013 0.761000 0.246343 0.758500 0.249003 0.751250 0.255818 0.741250 0.255984 0.740250 0.258311 0.737000
0 0.278923 0.730000 0.281915 0.735000 0.285239 0.739500 0.285572 0.740500 0.286735 0.741250 0.287566 0.742750 0.288896 0.744250 0.289395 0.746000 0.291888 0.750750 0.293384 0.752000 0.294714 0.753750 0.296044 0.753750 0.296210 0.753500 0.295711 0.752000 0.294880 0.751250 0.292553 0.747750 0.292387 0.747000 0.290891 0.744250 0.290891 0.743250 0.290226 0.741750 0.287234 0.737750 0.285572 0.735000 0.285904 0.734750 0.286403 0.735250 0.287400 0.735500 0.288065 0.736500 0.291888 0.739750 0.292886 0.740000 0.293883 0.739750 0.294049 0.739000 0.293384 0.738500 0.292387 0.736750 0.291057 0.735500 0.288564 0.731500 0.285738 0.729250 0.284076 0.728500 0.281915 0.728500 0.281749 0.728250 0.280086 0.728500
0 0.284242 0.716250 0.284076 0.717500 0.287899 0.722000 0.297540 0.730000 0.305186 0.739750 0.313497 0.753750 0.315658 0.760500 0.321144 0.768250 0.323803 0.776500 0.331283 0.792000 0.333943 0.801250 0.336935 0.808250 0.337600 0.812500 0.340924 0.819500 0.342420 0.827250 0.344082 0.827500 0.343584 0.817500 0.342088 0.812250 0.342088 0.807500 0.340259 0.801250 0.339428 0.794500 0.332779 0.777500 0.330120 0.767250 0.326961 0.761500 0.323637 0.751750 0.319814 0.746250 0.319481 0.744000 0.309840 0.730250 0.301529 0.722250 0.297706 0.716750 0.290559 0.714500
0 0.119681 0.716000 0.112367 0.714000 0.101562 0.708250 0.101396 0.707000 0.079455 0.703250 0.086270 0.700750 0.092254 0.696000 0.096908 0.694750 0.098404 0.692500 0.090924 0.692500 0.076463 0.695250 0.061669 0.694000 0.057846 0.696750 0.047706 0.698750 0.040559 0.697750 0.030918 0.699250 0.020944 0.698000 0.024601 0.699750 0.014628 0.699750 0.004322 0.703250 0.025598 0.704500 0.035239 0.706500 0.045213 0.711000 0.047207 0.710000 0.064328 0.714500 0.097739 0.715000 0.113697 0.716500 0.119016 0.717750
0 0.753823 0.691500 0.752826 0.691750 0.752327 0.693250 0.752660 0.695750 0.752161 0.696500 0.752161 0.707500 0.751662 0.709750 0.751496 0.715250 0.750665 0.720250 0.750000 0.720750 0.749335 0.723000 0.750000 0.724000 0.749335 0.725250 0.748670 0.729750 0.748338 0.730250 0.748338 0.735750 0.748005 0.736250 0.747839 0.737750 0.748172 0.750750 0.749169 0.752500 0.750000 0.752500 0.750665 0.751750 0.750499 0.750500 0.750831 0.750000 0.750831 0.743250 0.751164 0.742750 0.751164 0.740250 0.751496 0.739750 0.751496 0.737250 0.751828 0.736500 0.751828 0.732500 0.752327 0.730750 0.752161 0.729500 0.752493 0.729000 0.752493 0.727000 0.753158 0.725750 0.753158 0.724250 0.753491 0.723750 0.753491 0.722250 0.753823 0.721750 0.753823 0.719750 0.754156 0.719250 0.754156 0.718250 0.755153 0.714750 0.755153 0.713250 0.755652 0.712250 0.755818 0.707500 0.756150 0.706750 0.756150 0.702750 0.755818 0.702000 0.755818 0.699750 0.755485 0.699000 0.755485 0.696250 0.755153 0.695750 0.754488 0.692000
0 0.248338 0.689750 0.248670 0.690750 0.249668 0.691000 0.252161 0.693250 0.252660 0.694750 0.253158 0.695000 0.253657 0.696250 0.255319 0.698500 0.256981 0.698500 0.257480 0.698000 0.258311 0.697750 0.258976 0.697000 0.259309 0.695500 0.259807 0.695500 0.260472 0.694750 0.261469 0.696250 0.261636 0.697000 0.264794 0.701500 0.265625 0.702250 0.266955 0.702250 0.267121 0.702000 0.267121 0.701250 0.264295 0.697500 0.263630 0.696250 0.263464 0.695500 0.263132 0.695250 0.263132 0.694750 0.262633 0.694000 0.262134 0.692750 0.262134 0.692250 0.261137 0.691000 0.261137 0.690500 0.261469 0.690000 0.263298 0.690000 0.263630 0.689750 0.263630 0.689000 0.262965 0.688750 0.262799 0.688250 0.262134 0.687750 0.259475 0.688000 0.259309 0.687750 0.256150 0.687500 0.254322 0.686500 0.251828 0.686500 0.251330 0.687250 0.251662 0.688000 0.251662 0.688500 0.251995 0.689000 0.251828 0.689500 0.250665 0.689750 0.250166 0.689250 0.249003 0.689250
0 0.876330 0.677500 0.875997 0.678500 0.877660 0.689750 0.879322 0.695250 0.880485 0.697500 0.883311 0.708750 0.885638 0.714000 0.886636 0.718500 0.887301 0.719500 0.888630 0.724500 0.889628 0.726000 0.893949 0.746750 0.894781 0.748250 0.895944 0.748500 0.897939 0.744750 0.898936 0.744250 0.900598 0.747000 0.900598 0.748250 0.901762 0.749000 0.902593 0.748750 0.902593 0.745750 0.901596 0.739250 0.900266 0.736000 0.898105 0.735750 0.895778 0.732750 0.892620 0.720500 0.891456 0.718500 0.887467 0.707500 0.886469 0.701500 0.882979 0.690500 0.879654 0.683250 0.878324 0.678500 0.877161 0.677500
0 0.306848 0.683750 0.305519 0.681750 0.302194 0.679250 0.299368 0.673750 0.297872 0.674000 0.295545 0.680500 0.293384 0.684750 0.293218 0.686000 0.291057 0.688750 0.289561 0.692000 0.287733 0.698250 0.286403 0.700750 0.282912 0.705500 0.282580 0.707000 0.281749 0.708250 0.281250 0.710000 0.276762 0.716750 0.275765 0.717000 0.275598 0.717500 0.276928 0.718500 0.279422 0.718000 0.281084 0.717250 0.285239 0.714000 0.287400 0.713500 0.289727 0.711000 0.291057 0.707500 0.292553 0.705250 0.295379 0.702500 0.297207 0.700000 0.298039 0.699500 0.298039 0.698750 0.299368 0.696750 0.300532 0.693000 0.306350 0.686750 0.307015 0.684750
0 0.209441 0.673500 0.208278 0.673500 0.206782 0.674250 0.203956 0.677000 0.201629 0.677500 0.199801 0.678750 0.197307 0.679750 0.196975 0.681250 0.197972 0.686250 0.199136 0.690500 0.199468 0.693500 0.200133 0.695750 0.200133 0.699000 0.200465 0.699500 0.200798 0.702000 0.201463 0.703500 0.201463 0.704500 0.202128 0.706250 0.202128 0.707250 0.202793 0.709250 0.202793 0.711750 0.203125 0.712250 0.203125 0.713750 0.203790 0.715500 0.203956 0.717750 0.204787 0.718500 0.205785 0.718250 0.207281 0.714750 0.207281 0.714000 0.207779 0.713500 0.208112 0.712500 0.207945 0.711250 0.208278 0.710750 0.208278 0.708750 0.208777 0.708000 0.208610 0.706750 0.209109 0.706000 0.208943 0.704500 0.209441 0.703250 0.209275 0.702750 0.209774 0.702000 0.209940 0.698750 0.210273 0.698250 0.210273 0.696750 0.210605 0.696250 0.210439 0.687750 0.210771 0.687250 0.210605 0.686000 0.210938 0.685250 0.210771 0.685000 0.210771 0.678250 0.210106 0.676750 0.210106 0.676000 0.209774 0.675250 0.209774 0.673750
0 0.645279 0.656250 0.644947 0.656000 0.643783 0.656250 0.643285 0.657250 0.642453 0.661000 0.640957 0.661750 0.640957 0.662750 0.640625 0.663750 0.637134 0.670500 0.636469 0.673000 0.633477 0.678000 0.630818 0.685250 0.628989 0.687750 0.627992 0.688750 0.627161 0.689000 0.626330 0.690250 0.624501 0.695750 0.624169 0.698250 0.624834 0.699000 0.626164 0.698750 0.626828 0.697750 0.626828 0.697000 0.627493 0.696000 0.627327 0.695750 0.629322 0.692750 0.631150 0.690750 0.632148 0.690500 0.634641 0.686750 0.636137 0.682000 0.638132 0.678500 0.638630 0.678250 0.639461 0.676750 0.640791 0.675500 0.641955 0.673500 0.641789 0.672500 0.642121 0.671750 0.642121 0.670750 0.642453 0.670250 0.642453 0.668750 0.643949 0.665750 0.643783 0.665000 0.644781 0.663750 0.645279 0.662250 0.645113 0.661750 0.645445 0.661250 0.645445 0.659750 0.645944 0.658750 0.645778 0.657250
0 0.807347 0.648500 0.808178 0.659000 0.809342 0.665000 0.808843 0.667250 0.814993 0.687250 0.815658 0.694750 0.818650 0.705500 0.818650 0.711000 0.819149 0.711750 0.819814 0.719500 0.822141 0.726000 0.824136 0.736250 0.825964 0.740250 0.829289 0.754250 0.830286 0.754500 0.831283 0.753000 0.830785 0.749500 0.831449 0.749000 0.830286 0.737250 0.830785 0.734500 0.828125 0.720250 0.827626 0.713000 0.826130 0.705750 0.824302 0.688750 0.822473 0.685000 0.821642 0.681750 0.820811 0.681000 0.817653 0.671750 0.816988 0.671250 0.814827 0.663500 0.812168 0.659500 0.808677 0.648500
0 0.240193 0.671250 0.240359 0.668750 0.239860 0.667750 0.239860 0.660750 0.239528 0.659750 0.240027 0.646750 0.239528 0.646250 0.239528 0.645250 0.240193 0.642750 0.240691 0.638250 0.239694 0.637750 0.238697 0.638250 0.237533 0.646250 0.235372 0.656000 0.235040 0.661500 0.234541 0.662750 0.235206 0.664000 0.234874 0.665500 0.231383 0.661250 0.229555 0.658250 0.228391 0.657500 0.226729 0.655000 0.225565 0.654250 0.224402 0.652500 0.223404 0.652250 0.221908 0.650250 0.220412 0.650000 0.219082 0.648750 0.215592 0.647250 0.214096 0.645500 0.212766 0.645500 0.212434 0.646000 0.212600 0.647000 0.215093 0.650250 0.215924 0.650500 0.220412 0.654750 0.223072 0.659250 0.226562 0.661500 0.231217 0.665500 0.235372 0.670750 0.236203 0.671250 0.237866 0.670750 0.238863 0.671750 0.239860 0.671750
0 0.192653 0.618000 0.191988 0.618750 0.191988 0.619500 0.192653 0.621500 0.192653 0.622500 0.193152 0.624000 0.193152 0.624750 0.193318 0.625000 0.193484 0.626750 0.193816 0.627750 0.193816 0.628750 0.194149 0.629750 0.194149 0.630750 0.194481 0.631500 0.194648 0.633250 0.194814 0.633500 0.194814 0.634000 0.195146 0.635000 0.195146 0.635750 0.195312 0.636000 0.195312 0.636500 0.195645 0.637500 0.195645 0.638250 0.195312 0.638750 0.195312 0.639500 0.195645 0.639750 0.195977 0.639750 0.196144 0.640000 0.196809 0.640000 0.197141 0.640250 0.197806 0.639750 0.197806 0.639250 0.197640 0.639000 0.197640 0.638250 0.198138 0.637500 0.198803 0.637000 0.198803 0.636250 0.197806 0.634750 0.197806 0.633750 0.197473 0.633250 0.197473 0.632750 0.197141 0.632000 0.197141 0.631250 0.196809 0.630500 0.196809 0.629500 0.196642 0.629250 0.196642 0.628000 0.196310 0.627500 0.196310 0.627000 0.195977 0.626500 0.195977 0.625500 0.195645 0.625000 0.195645 0.624000 0.195312 0.623500 0.195312 0.623000 0.194980 0.622250 0.194980 0.621500 0.194481 0.620000 0.193983 0.619250 0.193983 0.618500 0.193318 0.618000
0 0.187500 0.611500 0.187334 0.611750 0.187001 0.611750 0.186669 0.612250 0.187001 0.613500 0.187001 0.617750 0.187168 0.618000 0.187168 0.620000 0.187334 0.620250 0.187334 0.625000 0.187500 0.625250 0.187500 0.627750 0.187832 0.628250 0.187832 0.631000 0.187999 0.631250 0.187999 0.635000 0.189162 0.635750 0.189162 0.637500 0.189328 0.637750 0.189328 0.638750 0.189661 0.639250 0.190160 0.639250 0.190492 0.639500 0.190658 0.639250 0.191157 0.639250 0.191489 0.638750 0.191489 0.638250 0.191656 0.638000 0.192653 0.637750 0.192819 0.637250 0.192154 0.635750 0.192653 0.635000 0.192653 0.633500 0.192487 0.633250 0.192487 0.632500 0.191988 0.631750 0.191988 0.630500 0.191822 0.630250 0.191656 0.628750 0.191323 0.628000 0.191323 0.626500 0.190991 0.625750 0.190991 0.623250 0.190658 0.622750 0.190658 0.620750 0.190492 0.620500 0.190492 0.619500 0.190326 0.619250 0.190326 0.618000 0.190160 0.617750 0.190160 0.616250 0.189993 0.616000 0.189993 0.615250 0.189162 0.614250 0.189162 0.612750 0.189328 0.612500 0.188664 0.611750 0.188331 0.611750 0.188165 0.611500
0 0.771110 0.592750 0.769448 0.593000 0.768451 0.593750 0.766456 0.594500 0.765625 0.595500 0.765293 0.596250 0.765126 0.598250 0.764794 0.599500 0.764794 0.600500 0.764295 0.602500 0.763797 0.606000 0.763298 0.606750 0.762965 0.608500 0.762134 0.610000 0.760971 0.614000 0.760971 0.615250 0.760638 0.615750 0.760638 0.617000 0.760971 0.617500 0.760971 0.618500 0.761303 0.619250 0.761303 0.620000 0.761968 0.622000 0.762799 0.623250 0.762965 0.624000 0.763464 0.624500 0.764295 0.624500 0.764960 0.625000 0.765459 0.625000 0.766124 0.624500 0.766290 0.623500 0.765791 0.622500 0.765791 0.621750 0.766456 0.621000 0.766456 0.617750 0.766622 0.617500 0.766456 0.617250 0.766622 0.616500 0.766622 0.614750 0.766456 0.614500 0.766622 0.613750 0.766622 0.610000 0.766955 0.609500 0.766955 0.608500 0.767287 0.608000 0.767287 0.606500 0.767952 0.605250 0.767786 0.604500 0.767952 0.604250 0.767952 0.603000 0.768118 0.602750 0.768118 0.600500 0.768451 0.600000 0.768451 0.599500 0.768783 0.599000 0.768783 0.598500 0.769116 0.598000 0.769116 0.597500 0.769448 0.596750 0.770113 0.596000 0.771443 0.593750 0.771443 0.593250 0.771277 0.593250
0 0.349900 0.592750 0.349069 0.592250 0.348072 0.592500 0.344249 0.596500 0.341589 0.598000 0.337932 0.601500 0.333777 0.603500 0.329787 0.607500 0.328457 0.609750 0.324468 0.613000 0.322640 0.616000 0.322640 0.616750 0.320811 0.622000 0.318318 0.625250 0.316489 0.628500 0.315160 0.633500 0.315326 0.635500 0.318152 0.638000 0.318983 0.639250 0.320811 0.639000 0.322473 0.635250 0.322640 0.633500 0.323969 0.629250 0.326130 0.624250 0.326795 0.623500 0.327626 0.620750 0.331283 0.616250 0.338431 0.605750 0.340093 0.604750 0.342919 0.600500 0.346410 0.597250 0.348404 0.594500 0.349568 0.593750
0 0.354555 0.591000 0.352394 0.591250 0.343085 0.602250 0.337766 0.611750 0.333610 0.616250 0.325632 0.631750 0.319980 0.648250 0.317320 0.652250 0.312666 0.664500 0.310672 0.658500 0.306184 0.630250 0.299202 0.611250 0.297706 0.603000 0.292719 0.589000 0.289395 0.590000 0.294049 0.613500 0.296875 0.648250 0.298703 0.648250 0.298703 0.637250 0.307680 0.673750 0.311669 0.684750 0.314993 0.703500 0.318318 0.714750 0.320479 0.714750 0.315160 0.676750 0.317154 0.676000 0.322806 0.665500 0.326629 0.653750 0.330785 0.647250 0.336436 0.630000 0.340093 0.625250 0.342919 0.616000 0.349235 0.605250
0 0.428025 0.588000 0.428191 0.588250 0.428191 0.588750 0.428690 0.588750 0.428856 0.589000 0.429521 0.589000 0.430020 0.588500 0.430519 0.588500 0.433511 0.590750 0.433843 0.590750 0.434508 0.591250 0.435007 0.592000 0.436170 0.593000 0.437500 0.593000 0.438664 0.594000 0.439162 0.594000 0.439661 0.594500 0.440160 0.594500 0.441323 0.595500 0.442154 0.595500 0.443318 0.596500 0.443983 0.596750 0.444980 0.598250 0.446144 0.598500 0.446310 0.598250 0.446642 0.598250 0.446809 0.597750 0.446642 0.597000 0.446476 0.597000 0.444814 0.594500 0.444315 0.594250 0.443484 0.593000 0.442985 0.592750 0.442154 0.591500 0.441656 0.591250 0.441157 0.590500 0.440658 0.590250 0.439827 0.589000 0.438664 0.588500 0.437832 0.587500 0.437500 0.587500 0.436503 0.586750 0.436170 0.586750 0.435339 0.585750 0.434674 0.585250 0.434342 0.585250 0.433511 0.584500 0.433178 0.584500 0.432513 0.584000 0.432015 0.584000 0.431350 0.583500 0.430519 0.583500 0.430352 0.583250 0.430186 0.583500 0.429854 0.583500 0.429189 0.584250 0.428856 0.585250 0.428690 0.586750
0 0.380153 0.580250 0.379488 0.579750 0.378823 0.579750 0.376828 0.580500 0.375831 0.581500 0.374335 0.582000 0.371343 0.583750 0.370013 0.584000 0.367520 0.586750 0.366356 0.587500 0.365691 0.588500 0.365193 0.588750 0.364029 0.590750 0.363863 0.593250 0.363032 0.595250 0.363032 0.596000 0.361702 0.598250 0.361702 0.598750 0.361203 0.599500 0.361037 0.600750 0.360372 0.602250 0.359874 0.605500 0.360040 0.605750 0.359874 0.606000 0.360040 0.606250 0.360040 0.607500 0.360871 0.608000 0.363364 0.608000 0.363863 0.608500 0.365359 0.608500 0.366024 0.609000 0.369681 0.609000 0.370512 0.608750 0.371011 0.608000 0.371676 0.607750 0.372008 0.607000 0.373005 0.606500 0.374169 0.604750 0.374335 0.603500 0.374834 0.602250 0.374834 0.601250 0.375665 0.599000 0.375665 0.598500 0.375997 0.598000 0.375997 0.597500 0.376330 0.597000 0.376496 0.595750 0.376995 0.595000 0.377493 0.593500 0.377826 0.593250 0.377826 0.591750 0.378158 0.591250 0.378158 0.589750 0.378823 0.588750 0.379156 0.586250 0.379820 0.584750 0.379820 0.583500 0.380153 0.583250
0 0.485539 0.576750 0.484874 0.576750 0.484209 0.576250 0.483211 0.576250 0.482879 0.576500 0.482547 0.577500 0.482547 0.578250 0.482380 0.578500 0.482380 0.579000 0.482048 0.580000 0.482048 0.581000 0.481715 0.581750 0.481715 0.582250 0.481217 0.583500 0.481217 0.584250 0.480884 0.585000 0.480884 0.586000 0.480718 0.586250 0.480718 0.587000 0.480552 0.587250 0.480552 0.588250 0.480219 0.589250 0.480219 0.590250 0.480053 0.590500 0.480053 0.591250 0.479887 0.591500 0.479721 0.593250 0.479555 0.593500 0.479555 0.594000 0.479222 0.595000 0.479222 0.596000 0.479056 0.596250 0.479056 0.597000 0.479388 0.597250 0.480219 0.597250 0.480386 0.597000 0.480718 0.597000 0.481383 0.596500 0.481715 0.596000 0.481715 0.595500 0.481882 0.595250 0.481882 0.593750 0.481715 0.593250 0.482048 0.592750 0.482380 0.592750 0.482547 0.592500 0.483211 0.592500 0.483211 0.592000 0.483045 0.591750 0.483045 0.591000 0.483211 0.590750 0.483378 0.591000 0.483544 0.590750 0.483544 0.589500 0.483378 0.589000 0.483544 0.588750 0.483710 0.589000 0.483876 0.588750 0.483876 0.587250 0.483710 0.587000 0.484043 0.586750 0.484209 0.586250 0.484209 0.585500 0.484541 0.584750 0.484541 0.582500 0.485040 0.581250 0.485040 0.579500 0.485539 0.578250 0.485539 0.577250 0.485705 0.577000
0 0.592753 0.574500 0.592753 0.576000 0.593418 0.577500 0.593085 0.579250 0.593750 0.580250 0.594082 0.597250 0.594415 0.597750 0.594249 0.598750 0.594747 0.600500 0.594581 0.605500 0.594747 0.610000 0.595080 0.610500 0.595080 0.616250 0.594581 0.617250 0.594747 0.627500 0.595080 0.628000 0.595246 0.641250 0.595745 0.642000 0.595578 0.646250 0.595745 0.646750 0.596908 0.647000 0.597739 0.646500 0.597573 0.644000 0.597906 0.643500 0.597906 0.640000 0.598238 0.639250 0.598737 0.620000 0.597739 0.614000 0.597739 0.610250 0.596576 0.605000 0.596576 0.600250 0.595911 0.596250 0.595745 0.587500 0.595412 0.586750 0.595412 0.580500 0.594747 0.579500 0.594581 0.578250 0.593418 0.577750 0.593584 0.577250 0.594747 0.576750 0.594415 0.575000 0.593916 0.574500
0 0.266622 0.571500 0.256483 0.568750 0.254488 0.569000 0.250332 0.573250 0.249335 0.575250 0.246343 0.585250 0.245512 0.590750 0.244681 0.604250 0.243351 0.610250 0.242686 0.617750 0.240027 0.626250 0.240027 0.629500 0.240691 0.630000 0.242021 0.629500 0.243185 0.623250 0.243684 0.622750 0.246011 0.615750 0.246011 0.614250 0.249169 0.605250 0.249003 0.604750 0.250000 0.603000 0.250997 0.605500 0.251662 0.610750 0.252660 0.612500 0.252660 0.613750 0.253823 0.617250 0.254488 0.618000 0.255984 0.618000 0.256815 0.617000 0.256815 0.614500 0.258145 0.608250 0.258145 0.606500 0.258810 0.605250 0.259475 0.598750 0.261968 0.593750 0.263132 0.588750 0.266456 0.579750 0.266456 0.577250 0.266955 0.576000
0 0.272606 0.544250 0.271775 0.545750 0.271775 0.547750 0.271277 0.548250 0.271277 0.548750 0.272440 0.551500 0.273936 0.557000 0.274934 0.559000 0.274934 0.560000 0.275931 0.562250 0.275765 0.562750 0.276596 0.565250 0.276928 0.567750 0.278258 0.571250 0.278092 0.571750 0.278590 0.572750 0.278590 0.574000 0.279255 0.575500 0.279255 0.578250 0.279920 0.581250 0.279754 0.582000 0.280253 0.583000 0.280585 0.585250 0.281582 0.588000 0.281915 0.590500 0.282247 0.591250 0.282580 0.595000 0.282414 0.596000 0.283245 0.597250 0.284408 0.597250 0.285572 0.596500 0.285572 0.595750 0.284408 0.592750 0.283743 0.589500 0.283743 0.587750 0.283245 0.586000 0.282746 0.581250 0.282414 0.580500 0.282247 0.577500 0.281749 0.576250 0.281749 0.574250 0.280086 0.567250 0.280086 0.566000 0.279422 0.564250 0.279422 0.563000 0.278424 0.560250 0.278258 0.559000 0.276430 0.555000 0.276430 0.553500 0.275931 0.552250 0.275765 0.550750 0.274934 0.549250 0.274767 0.547500 0.274102 0.546250 0.274435 0.545500 0.274435 0.544500
0 0.866689 0.539750 0.865525 0.541000 0.864694 0.543250 0.863697 0.544000 0.862035 0.546500 0.861868 0.550250 0.862201 0.554250 0.862533 0.555000 0.862533 0.559250 0.862866 0.560000 0.862866 0.561750 0.863531 0.564000 0.863863 0.567000 0.864694 0.569250 0.864528 0.570000 0.864860 0.570500 0.864860 0.576250 0.865525 0.580250 0.865525 0.583500 0.866190 0.587250 0.866190 0.590000 0.866689 0.590750 0.866523 0.594500 0.867021 0.595000 0.867520 0.605500 0.868019 0.606000 0.869182 0.606000 0.869847 0.605500 0.870512 0.603500 0.873005 0.599750 0.872839 0.596750 0.872174 0.594750 0.871842 0.592250 0.871842 0.588750 0.870844 0.583500 0.871011 0.582250 0.870512 0.580750 0.870512 0.576250 0.870180 0.575750 0.870180 0.563750 0.869847 0.563250 0.869847 0.558250 0.869515 0.557750 0.869515 0.553250 0.869182 0.552750 0.869182 0.547250 0.868850 0.546750 0.868850 0.542750 0.868517 0.542250 0.868684 0.540000
0 0.491024 0.488500 0.489694 0.488500 0.488863 0.489500 0.487201 0.498000 0.483710 0.499500 0.481383 0.502750 0.477726 0.545250 0.474568 0.567250 0.474568 0.573750 0.476064 0.573500 0.477726 0.570000 0.477726 0.566750 0.479056 0.561000 0.480718 0.548250 0.480718 0.542000 0.479721 0.540500 0.482547 0.518250 0.484375 0.510000 0.485705 0.507000 0.485871 0.510000 0.485206 0.513000 0.484375 0.529250 0.481882 0.544500 0.484209 0.545250 0.486037 0.537500 0.485372 0.536750 0.486868 0.530750 0.489694 0.508750 0.490027 0.500500 0.491356 0.490500
0 0.864195 0.483000 0.863364 0.483250 0.861702 0.486250 0.861370 0.488000 0.860539 0.490250 0.860372 0.491750 0.857713 0.499250 0.857713 0.500750 0.857380 0.502750 0.856383 0.505500 0.856715 0.506750 0.856715 0.508000 0.857048 0.508750 0.857048 0.514250 0.857380 0.514750 0.857214 0.515000 0.857380 0.516500 0.857713 0.517250 0.857713 0.519000 0.858045 0.519750 0.858045 0.520750 0.858378 0.521250 0.858378 0.523000 0.859043 0.524000 0.859209 0.523750 0.859541 0.524000 0.860871 0.523750 0.862866 0.522000 0.864029 0.522000 0.865193 0.521250 0.866024 0.521500 0.867188 0.521000 0.867188 0.520250 0.867520 0.519500 0.867520 0.514750 0.867354 0.514500 0.867520 0.514250 0.867520 0.511750 0.867188 0.511250 0.867188 0.510250 0.866855 0.509750 0.866855 0.507500 0.866523 0.507000 0.866523 0.505750 0.865858 0.504250 0.865858 0.501250 0.865525 0.500750 0.865525 0.500000 0.865193 0.499250 0.865193 0.494500 0.864860 0.493750 0.865691 0.493000 0.865525 0.492500 0.865525 0.486250 0.865193 0.485750 0.865359 0.485000 0.864860 0.484250 0.865027 0.483750
0 0.745180 0.470000 0.743850 0.469500 0.741855 0.467750 0.740525 0.467750 0.740027 0.468250 0.739362 0.470000 0.738032 0.471750 0.733544 0.474500 0.730552 0.478500 0.728723 0.483250 0.725565 0.488750 0.725066 0.490250 0.725066 0.492000 0.723903 0.495750 0.721742 0.505000 0.721742 0.507750 0.721410 0.508500 0.721410 0.509250 0.721742 0.509750 0.722739 0.510000 0.723570 0.509250 0.723903 0.506500 0.725066 0.503250 0.725565 0.502750 0.725565 0.502000 0.729555 0.496750 0.729721 0.495750 0.730219 0.495250 0.730552 0.493750 0.731217 0.492750 0.731217 0.492000 0.731882 0.491250 0.732048 0.490250 0.733211 0.488250 0.733211 0.487500 0.734043 0.486750 0.734541 0.485500 0.735206 0.485000 0.735372 0.484000 0.738198 0.480250 0.738697 0.479000 0.739528 0.478500 0.740858 0.476250 0.741190 0.476250 0.742354 0.473750 0.742686 0.473750 0.743517 0.472500 0.744182 0.472250 0.745512 0.470500
0 0.493351 0.416250 0.492354 0.416500 0.492188 0.417250 0.491523 0.418000 0.491523 0.418750 0.490858 0.420500 0.490858 0.421750 0.490525 0.422750 0.490525 0.424000 0.490193 0.425000 0.490027 0.426750 0.489029 0.430000 0.488863 0.432000 0.488531 0.433000 0.488198 0.438250 0.487866 0.439000 0.487866 0.441500 0.487533 0.442500 0.487533 0.447750 0.487201 0.449000 0.487367 0.454500 0.486868 0.456500 0.486868 0.459250 0.486702 0.459500 0.487866 0.461250 0.489029 0.461000 0.489029 0.460000 0.489362 0.459500 0.489528 0.456250 0.491190 0.455750 0.491523 0.453750 0.491855 0.453250 0.491855 0.450750 0.492354 0.450000 0.492188 0.448750 0.492686 0.447750 0.492520 0.444750 0.492852 0.444250 0.492852 0.442000 0.493351 0.441000 0.493185 0.439750 0.493684 0.438750 0.493517 0.437000 0.494016 0.435750 0.493850 0.435500 0.493850 0.433250 0.494016 0.433000 0.493850 0.432500 0.494348 0.431250 0.494182 0.431000 0.494182 0.429250 0.494515 0.427750 0.494515 0.423250 0.494847 0.421250 0.495678 0.419250 0.495512 0.418750 0.494182 0.418000 0.494348 0.417000 0.494016 0.416500
0 0.052693 0.403000 0.053191 0.404500 0.054854 0.406000 0.060173 0.415000 0.066656 0.421250 0.072806 0.428750 0.073305 0.428750 0.076961 0.431750 0.079787 0.435750 0.080785 0.436000 0.081449 0.437250 0.082779 0.438250 0.084109 0.438750 0.085106 0.438750 0.085605 0.438250 0.083777 0.435250 0.082281 0.433500 0.079455 0.428750 0.077959 0.427500 0.074468 0.422750 0.073471 0.422250 0.071310 0.418750 0.069481 0.416500 0.066988 0.414500 0.065991 0.414250 0.061835 0.410500 0.061004 0.409250 0.061004 0.408750 0.058178 0.404750 0.055851 0.403750 0.054189 0.402500
0 0.614195 0.396250 0.613198 0.397000 0.613863 0.399750 0.613697 0.401000 0.614362 0.403000 0.614860 0.407000 0.615193 0.407750 0.615359 0.410250 0.615193 0.413500 0.615525 0.414000 0.615858 0.418500 0.616190 0.419000 0.617021 0.424250 0.616855 0.430250 0.617188 0.431250 0.617188 0.435250 0.617852 0.437000 0.617686 0.439000 0.618351 0.439500 0.619348 0.439500 0.620013 0.439000 0.622507 0.435250 0.623005 0.433500 0.624003 0.432000 0.626164 0.430750 0.626496 0.429500 0.626330 0.427500 0.625665 0.426250 0.625665 0.425250 0.625332 0.424750 0.625499 0.420250 0.625332 0.419750 0.625665 0.414750 0.625000 0.413750 0.625166 0.401750 0.624834 0.401500 0.624834 0.398750 0.623836 0.397500 0.621842 0.397500 0.620512 0.398000 0.620013 0.399250 0.615691 0.396500
0 0.861536 0.367250 0.861037 0.368000 0.861536 0.369500 0.861536 0.372000 0.861868 0.372500 0.862201 0.376000 0.863032 0.378250 0.863531 0.381000 0.865027 0.384500 0.866356 0.391750 0.866190 0.393250 0.865027 0.391250 0.865027 0.390250 0.864528 0.389500 0.863863 0.387250 0.863531 0.384500 0.862866 0.383250 0.861370 0.383000 0.860871 0.383500 0.860871 0.384500 0.861702 0.387250 0.861868 0.389500 0.862699 0.391250 0.862699 0.392000 0.863697 0.394500 0.863863 0.395750 0.865858 0.397250 0.867188 0.397000 0.867686 0.397750 0.868850 0.402000 0.870013 0.402250 0.870678 0.401500 0.872174 0.401750 0.872507 0.401250 0.872340 0.399500 0.871676 0.398750 0.871343 0.397500 0.870678 0.396750 0.870512 0.395750 0.869847 0.394750 0.869681 0.391750 0.868019 0.383750 0.864860 0.375000 0.864029 0.373500 0.862866 0.367750 0.862367 0.367250
0 0.069980 0.343500 0.069814 0.343750 0.069980 0.345250 0.069648 0.345750 0.069648 0.346500 0.069980 0.347250 0.069980 0.348500 0.070479 0.349250 0.070977 0.351000 0.071642 0.352000 0.071642 0.353250 0.072307 0.354500 0.072972 0.357250 0.074468 0.361500 0.076463 0.370750 0.077128 0.372250 0.077460 0.374500 0.078457 0.377500 0.079289 0.381000 0.080120 0.382250 0.080286 0.383500 0.080951 0.384250 0.081782 0.384250 0.082281 0.383750 0.082281 0.383250 0.081616 0.381250 0.081283 0.379000 0.080286 0.376250 0.079953 0.373500 0.078956 0.370500 0.078956 0.369250 0.077294 0.361000 0.077626 0.357750 0.077460 0.356500 0.076961 0.355750 0.076961 0.354250 0.075632 0.351750 0.074634 0.349000 0.074302 0.348750 0.072972 0.346250 0.072972 0.345750 0.072473 0.345000 0.072307 0.344250 0.071144 0.343250
0 0.427693 0.338250 0.427693 0.338750 0.427859 0.339000 0.427859 0.339500 0.428191 0.340000 0.428191 0.340500 0.428524 0.341000 0.428524 0.341500 0.428856 0.342000 0.428856 0.342250 0.429023 0.342500 0.429023 0.343250 0.429189 0.343500 0.429189 0.344000 0.429355 0.344250 0.429355 0.344750 0.429521 0.345000 0.429521 0.345500 0.429688 0.345750 0.429688 0.346500 0.429854 0.346750 0.429854 0.347250 0.430020 0.347500 0.430020 0.349250 0.430352 0.349750 0.430685 0.349750 0.430851 0.350000 0.431350 0.350000 0.431516 0.349750 0.431848 0.349750 0.432347 0.349000 0.432846 0.349000 0.433012 0.348750 0.433344 0.348750 0.433677 0.348250 0.433677 0.348000 0.433843 0.347750 0.434342 0.347500 0.435007 0.346500 0.435007 0.345750 0.435339 0.345250 0.435505 0.345250 0.436170 0.344250 0.436336 0.344250 0.436669 0.343750 0.436835 0.343750 0.437001 0.343500 0.437001 0.342750 0.435838 0.341000 0.435672 0.341000 0.435173 0.340500 0.434840 0.340500 0.434674 0.340250 0.434176 0.340250 0.434009 0.340000 0.433511 0.340000 0.433344 0.339750 0.433012 0.339750 0.432846 0.339500 0.432513 0.339500 0.432347 0.339250 0.432015 0.339250 0.431848 0.339000 0.431516 0.339000 0.431350 0.338750 0.431017 0.338750 0.430851 0.338500 0.430519 0.338500 0.430352 0.338250 0.430020 0.338250 0.429688 0.337750 0.429688 0.337500 0.429521 0.337250 0.429189 0.337250 0.429023 0.337000 0.428524 0.337000 0.428358 0.337250 0.428191 0.337250 0.428025 0.337500 0.428025 0.337750
0 0.720412 0.313750 0.718085 0.313250 0.715259 0.315250 0.703291 0.330750 0.696975 0.337500 0.692320 0.345250 0.689661 0.348000 0.678524 0.364500 0.677194 0.365500 0.672540 0.372000 0.665725 0.378000 0.662566 0.384500 0.664062 0.384750 0.665392 0.382750 0.667387 0.382250 0.673371 0.375000 0.678191 0.370750 0.681848 0.364250 0.687999 0.357750 0.690492 0.353500 0.697141 0.346500 0.700964 0.339250 0.703790 0.335500 0.703624 0.334500 0.705951 0.333250 0.709940 0.327000 0.709608 0.326500 0.712267 0.325250 0.715924 0.321000 0.715592 0.320500 0.715924 0.319500
0 0.058511 0.297750 0.070146 0.324000 0.074967 0.330750 0.076961 0.336250 0.081782 0.342500 0.083777 0.350000 0.086769 0.355000 0.088431 0.360500 0.093085 0.367000 0.095412 0.375750 0.098404 0.380000 0.103391 0.400250 0.102061 0.402500 0.102227 0.409500 0.107380 0.419500 0.113198 0.437250 0.117354 0.443000 0.119847 0.451000 0.124169 0.456750 0.126828 0.463000 0.134807 0.470750 0.135306 0.469500 0.131649 0.464750 0.128324 0.455750 0.125166 0.450500 0.121011 0.437250 0.120180 0.430750 0.104721 0.389000 0.102726 0.379000 0.100898 0.378500 0.098737 0.375250 0.096243 0.367500 0.085771 0.345750 0.084608 0.340750 0.081117 0.336750 0.079289 0.332000 0.072972 0.322250 0.060672 0.298000
0 0.201795 0.292000 0.195977 0.302000 0.194814 0.305250 0.194149 0.310000 0.190658 0.316250 0.187500 0.325750 0.185339 0.335500 0.181682 0.343750 0.179189 0.353750 0.178690 0.362500 0.179355 0.363000 0.179854 0.365250 0.181682 0.365250 0.184674 0.359250 0.184674 0.358000 0.185505 0.356250 0.185339 0.355250 0.187500 0.348750 0.188165 0.345750 0.187999 0.343750 0.189328 0.337500 0.189993 0.336500 0.189827 0.335750 0.191323 0.330500 0.191323 0.329250 0.194648 0.321250 0.194814 0.319000 0.197640 0.311000 0.198969 0.304500 0.200632 0.301500 0.201795 0.300500 0.203624 0.296000 0.203624 0.292250
0 0.494515 0.285250 0.493351 0.285250 0.493185 0.285500 0.493019 0.286500 0.492520 0.287500 0.492520 0.288250 0.492188 0.289500 0.492188 0.290500 0.491523 0.293250 0.491523 0.295000 0.491356 0.295250 0.491190 0.298000 0.491024 0.298250 0.490858 0.300750 0.490691 0.301000 0.490691 0.302000 0.490525 0.302250 0.490525 0.306250 0.490193 0.307000 0.490193 0.311750 0.489860 0.312500 0.489860 0.314500 0.489694 0.314750 0.489694 0.316000 0.489362 0.317000 0.489362 0.318250 0.489860 0.318750 0.490691 0.318750 0.491024 0.318500 0.491190 0.318000 0.491190 0.316750 0.491523 0.316250 0.492188 0.316000 0.492354 0.315750 0.492354 0.315000 0.492686 0.314500 0.492686 0.311500 0.493019 0.310750 0.493019 0.304250 0.493351 0.303500 0.493351 0.301500 0.493684 0.301000 0.493684 0.299500 0.494016 0.299000 0.494016 0.297000 0.494348 0.296500 0.494348 0.289250 0.494182 0.288750 0.494515 0.287500 0.494348 0.287250 0.494515 0.285750 0.494681 0.285500
0 0.848903 0.273500 0.848737 0.274000 0.849402 0.275000 0.849402 0.276250 0.849734 0.276750 0.849734 0.278000 0.850066 0.278750 0.850066 0.280250 0.850233 0.280500 0.850233 0.281250 0.850565 0.282000 0.851064 0.284750 0.851396 0.285500 0.851396 0.286750 0.851729 0.287250 0.851729 0.288250 0.851895 0.288500 0.851562 0.289000 0.850399 0.289000 0.850233 0.289250 0.850399 0.289750 0.850399 0.290750 0.850898 0.292250 0.851064 0.294250 0.851562 0.295500 0.851729 0.296750 0.852227 0.297500 0.852227 0.297750 0.852394 0.297750 0.853391 0.299250 0.853890 0.299250 0.854056 0.299500 0.855219 0.299250 0.855386 0.299000 0.855386 0.298500 0.855718 0.298000 0.855718 0.297250 0.855552 0.297000 0.855552 0.296250 0.855386 0.296000 0.855386 0.295250 0.855053 0.294000 0.855053 0.293000 0.855219 0.292750 0.855552 0.292750 0.856051 0.293250 0.857380 0.293250 0.857713 0.292500 0.857048 0.291500 0.856882 0.290750 0.856217 0.289750 0.856217 0.289250 0.855552 0.288000 0.855219 0.286000 0.854887 0.285250 0.854887 0.284500 0.854555 0.283750 0.854555 0.282250 0.854222 0.281750 0.854222 0.279750 0.853890 0.279250 0.853890 0.278250 0.853557 0.277750 0.853557 0.277250 0.852061 0.275000 0.851895 0.274250 0.851396 0.273500 0.850898 0.273500 0.850731 0.273250 0.849402 0.273250 0.849235 0.273500
0 0.507314 0.260750 0.506483 0.260750 0.506150 0.261250 0.506316 0.261750 0.506316 0.262750 0.506150 0.263000 0.506150 0.266000 0.505984 0.266250 0.505984 0.267500 0.505818 0.267750 0.505818 0.269500 0.505652 0.269750 0.505652 0.271250 0.505485 0.271500 0.505485 0.272750 0.505319 0.273000 0.505153 0.277000 0.504987 0.277250 0.504987 0.278500 0.504820 0.278750 0.504820 0.282500 0.504488 0.283500 0.504488 0.289750 0.504987 0.290250 0.505485 0.290250 0.505984 0.289750 0.505984 0.283500 0.506316 0.282750 0.506316 0.280000 0.506649 0.279500 0.506649 0.278000 0.506981 0.277500 0.506981 0.273750 0.507148 0.273500 0.507148 0.272250 0.507314 0.272000 0.507314 0.271250 0.507646 0.270500 0.507646 0.267000 0.507979 0.266000 0.507979 0.262750 0.508145 0.262250 0.507812 0.261250
0 0.514461 0.253500 0.513464 0.254000 0.513630 0.255500 0.512965 0.256500 0.512799 0.263500 0.512467 0.265750 0.511802 0.267500 0.511802 0.268750 0.511469 0.269500 0.511469 0.273750 0.511137 0.274500 0.510971 0.281000 0.510472 0.282500 0.509475 0.292250 0.508810 0.294750 0.508810 0.296000 0.507480 0.300500 0.507480 0.301250 0.506316 0.303500 0.506483 0.304250 0.507812 0.304250 0.509309 0.301250 0.509309 0.300250 0.509973 0.298500 0.510140 0.297000 0.510472 0.296500 0.510638 0.294500 0.511802 0.293500 0.512799 0.289000 0.512799 0.287250 0.513298 0.285500 0.513298 0.283250 0.513630 0.282500 0.513630 0.280500 0.513963 0.280000 0.513963 0.275250 0.514295 0.274750 0.514461 0.264500 0.514794 0.263750 0.514794 0.262750 0.515293 0.262000 0.515625 0.259750 0.515625 0.258000 0.515126 0.254500
0 0.500000 0.251000 0.499834 0.251000 0.499668 0.251250 0.499335 0.251250 0.499169 0.251500 0.499169 0.251750 0.499003 0.252000 0.499003 0.252750 0.498836 0.253000 0.498836 0.256000 0.498670 0.256250 0.498670 0.256750 0.498836 0.257000 0.498836 0.259000 0.498670 0.259250 0.498670 0.262000 0.498504 0.262250 0.498504 0.266500 0.498338 0.266750 0.498338 0.267250 0.498836 0.267750 0.499668 0.267750 0.499834 0.267500 0.500000 0.267500 0.500000 0.267250 0.500332 0.266500 0.500332 0.266000 0.500665 0.265250 0.500665 0.264250 0.500831 0.264000 0.500831 0.258500 0.500997 0.258250 0.500997 0.252250 0.500665 0.251750 0.500665 0.251500 0.500499 0.251250 0.500166 0.251250
0 0.565991 0.243250 0.563996 0.243000 0.561669 0.244500 0.559508 0.247000 0.557513 0.251750 0.556017 0.252000 0.553524 0.261750 0.550199 0.268500 0.548703 0.275250 0.545711 0.285000 0.545711 0.286250 0.541390 0.294000 0.540226 0.299250 0.539062 0.302250 0.537068 0.311500 0.534574 0.315750 0.534574 0.316750 0.536735 0.316750 0.538730 0.315750 0.540226 0.314000 0.541722 0.310250 0.543717 0.307000 0.548371 0.302250 0.551197 0.295500 0.555851 0.289500 0.556848 0.287500 0.558344 0.281750 0.561170 0.277500 0.564495 0.270000 0.565160 0.266500 0.565991 0.264500 0.566822 0.250000 0.566489 0.249000 0.566489 0.244500
0 0.534741 0.223250 0.533411 0.223250 0.531915 0.226250 0.528590 0.239750 0.525765 0.246000 0.522440 0.261250 0.522274 0.265500 0.513132 0.303000 0.512301 0.316500 0.510472 0.327500 0.507314 0.337250 0.505319 0.357750 0.501164 0.381000 0.501496 0.387750 0.498670 0.401750 0.499668 0.404500 0.500997 0.403750 0.501662 0.394750 0.503823 0.393500 0.507480 0.357000 0.512633 0.337000 0.516622 0.305250 0.521443 0.289000 0.521609 0.282500 0.524435 0.265750
0 0.509641 0.216250 0.508810 0.216250 0.508145 0.217000 0.507646 0.218250 0.507480 0.221250 0.507314 0.221500 0.507148 0.239750 0.506981 0.240000 0.506981 0.246500 0.507314 0.247250 0.507314 0.248250 0.506815 0.250250 0.506815 0.250750 0.507480 0.251500 0.507314 0.253250 0.506981 0.254250 0.507148 0.255000 0.508311 0.255000 0.508644 0.254750 0.508976 0.254000 0.509142 0.252000 0.509475 0.251500 0.509475 0.250250 0.510140 0.248000 0.510306 0.244250 0.510638 0.243500 0.510638 0.242000 0.510971 0.241250 0.510971 0.227250 0.511303 0.226500 0.511303 0.220000 0.510971 0.219250 0.510971 0.218500 0.509973 0.217750 0.510140 0.217000 0.509973 0.216500
0 0.832447 0.207500 0.832779 0.208500 0.834275 0.210750 0.836602 0.212500 0.838098 0.213000 0.839262 0.214000 0.840426 0.214250 0.841755 0.215500 0.843418 0.218000 0.843584 0.219000 0.844082 0.219250 0.844747 0.220250 0.846742 0.221750 0.847739 0.223000 0.849734 0.224500 0.850565 0.225500 0.854222 0.228000 0.854721 0.228750 0.856051 0.229750 0.858211 0.232750 0.859874 0.232500 0.859874 0.230750 0.859541 0.230250 0.860206 0.229500 0.860206 0.229000 0.859541 0.226750 0.858710 0.225500 0.855219 0.223250 0.853723 0.221750 0.851729 0.219000 0.850898 0.217500 0.850898 0.217000 0.849402 0.214750 0.848404 0.213750 0.846243 0.212500 0.843418 0.211500 0.840259 0.208750 0.835938 0.207000 0.835439 0.206500 0.835106 0.205500 0.834441 0.205250 0.833943 0.205500 0.834109 0.206500 0.833777 0.207000 0.832779 0.207000
0 0.694980 0.189000 0.693816 0.189000 0.693152 0.189750 0.692653 0.191250 0.692653 0.192000 0.692487 0.192250 0.692487 0.193750 0.692320 0.194000 0.692154 0.195250 0.691822 0.196000 0.691822 0.196500 0.690824 0.198250 0.690824 0.199500 0.690658 0.199750 0.690658 0.200250 0.690160 0.201250 0.690160 0.202000 0.689495 0.203750 0.689495 0.204500 0.689162 0.205250 0.689162 0.207000 0.688830 0.207750 0.688830 0.208750 0.688497 0.209250 0.688497 0.210500 0.688165 0.211250 0.688165 0.212250 0.687832 0.212750 0.687832 0.214500 0.687500 0.215250 0.687500 0.216750 0.687334 0.217250 0.687999 0.218000 0.689162 0.217750 0.689827 0.216250 0.690326 0.215750 0.691489 0.213750 0.692320 0.213250 0.692653 0.212500 0.694814 0.211250 0.695312 0.210000 0.695312 0.209000 0.695645 0.208500 0.695645 0.206750 0.695977 0.206250 0.695977 0.204250 0.696642 0.202750 0.696642 0.196250 0.696310 0.195750 0.696310 0.192250 0.695977 0.191750 0.695977 0.190750 0.695645 0.190250 0.695645 0.189750
0 0.490858 0.183250 0.490691 0.183500 0.490525 0.183500 0.490359 0.183750 0.490359 0.185250 0.490193 0.185500 0.490193 0.187500 0.490359 0.187750 0.490359 0.188250 0.490525 0.188500 0.490525 0.190500 0.490359 0.190750 0.490359 0.191250 0.490525 0.191500 0.490525 0.192000 0.490691 0.192000 0.491190 0.192750 0.491190 0.193250 0.491024 0.193500 0.491024 0.193750 0.490858 0.194000 0.490858 0.194500 0.491024 0.194750 0.491024 0.195250 0.490858 0.195500 0.490858 0.195750 0.491024 0.196000 0.491190 0.196000 0.491356 0.196250 0.491855 0.196250 0.492021 0.196000 0.492188 0.196000 0.492520 0.195500 0.492520 0.195250 0.492686 0.195000 0.492686 0.194500 0.492520 0.194250 0.492520 0.193750 0.492686 0.193500 0.492686 0.192500 0.493185 0.191750 0.493185 0.190750 0.493351 0.190500 0.493351 0.190000 0.493185 0.189750 0.493185 0.189250 0.493019 0.189000 0.493019 0.187750 0.492852 0.187500 0.492852 0.186500 0.492520 0.186000 0.492520 0.184250 0.492354 0.184000 0.492354 0.183750 0.492188 0.183500 0.492021 0.183500 0.491855 0.183250
0 0.503491 0.168250 0.503158 0.168500 0.502992 0.169000 0.502992 0.169750 0.503158 0.170000 0.503158 0.172000 0.502992 0.172250 0.502992 0.173000 0.502826 0.173250 0.502826 0.176750 0.502660 0.177000 0.502660 0.181000 0.502493 0.181250 0.502493 0.184500 0.502327 0.184750 0.502327 0.187750 0.502161 0.188000 0.502161 0.189250 0.502826 0.190000 0.503657 0.193250 0.503989 0.193750 0.504156 0.193750 0.504820 0.195000 0.505153 0.195250 0.505984 0.195250 0.506316 0.195000 0.506316 0.192500 0.506981 0.192000 0.507314 0.191000 0.507314 0.180000 0.506981 0.179500 0.506981 0.177500 0.506649 0.176750 0.506649 0.175250 0.506316 0.174750 0.506316 0.170750 0.506150 0.170750 0.505818 0.170250 0.505818 0.169250 0.505319 0.168500 0.504987 0.168250
0 0.498836 0.145250 0.498670 0.145500 0.498670 0.147000 0.498338 0.147500 0.498172 0.147500 0.497507 0.148500 0.497673 0.148750 0.497673 0.149250 0.497839 0.149500 0.497839 0.150500 0.498172 0.151000 0.498172 0.152250 0.498338 0.152500 0.498338 0.152750 0.498504 0.153000 0.498504 0.153500 0.498670 0.153750 0.498670 0.155000 0.499003 0.155500 0.499003 0.156250 0.499169 0.156500 0.499169 0.157000 0.499335 0.157250 0.499335 0.159750 0.499668 0.160250 0.499668 0.160750 0.499834 0.161000 0.500000 0.161000 0.500166 0.161250 0.500997 0.161250 0.501496 0.160750 0.501496 0.158500 0.501995 0.157750 0.501995 0.157250 0.501828 0.157000 0.501828 0.154750 0.501662 0.154500 0.501662 0.154000 0.501496 0.153750 0.501496 0.152250 0.501330 0.152000 0.501330 0.149250 0.500997 0.148500 0.500997 0.146750 0.500332 0.145750 0.500332 0.145500 0.500166 0.145250
0 0.069149 0.129000 0.069149 0.129750 0.069648 0.130500 0.069814 0.130500 0.070312 0.131000 0.070645 0.131000 0.070811 0.131250 0.070645 0.131500 0.070645 0.132000 0.070811 0.132250 0.070811 0.132500 0.071476 0.133250 0.071476 0.133500 0.071809 0.134000 0.071809 0.134250 0.071975 0.134250 0.075798 0.140000 0.075964 0.140000 0.076961 0.141500 0.076961 0.141750 0.077793 0.143000 0.077793 0.143250 0.078291 0.144250 0.078624 0.144250 0.078790 0.144500 0.079621 0.144500 0.079787 0.144250 0.080120 0.144250 0.080286 0.144000 0.079953 0.143250 0.079953 0.142750 0.079621 0.142000 0.079621 0.141500 0.078291 0.139500 0.078291 0.139000 0.077294 0.137750 0.077294 0.136500 0.076961 0.136000 0.076961 0.135250 0.076629 0.134750 0.076629 0.134250 0.075798 0.133000 0.075798 0.132750 0.075465 0.132000 0.075299 0.132000 0.074801 0.131500 0.074468 0.131500 0.074136 0.131000 0.073637 0.130750 0.073138 0.130000 0.072640 0.129750 0.072141 0.129000 0.071809 0.129000 0.071642 0.128750 0.070645 0.128750 0.070479 0.128500 0.069814 0.128500 0.069648 0.128750 0.069315 0.128750
0 0.070479 0.123250 0.070977 0.124250 0.076297 0.129250 0.078790 0.133000 0.079787 0.135750 0.080120 0.135750 0.082945 0.138750 0.084109 0.139500 0.086769 0.143000 0.088265 0.144000 0.090093 0.146250 0.090592 0.146500 0.092753 0.150500 0.092753 0.151500 0.094249 0.151750 0.094581 0.151250 0.094581 0.150250 0.093584 0.148250 0.093251 0.147000 0.090259 0.142500 0.086104 0.138750 0.083278 0.134500 0.082779 0.134250 0.082281 0.133250 0.081117 0.132000 0.079621 0.129750 0.077959 0.128250 0.074801 0.123750 0.073471 0.122750 0.070645 0.123000