0 0.050366 0.969250 0.049867 0.970000 0.049867 0.974000 0.049202 0.976250 0.049202 0.977750 0.048371 0.978250 0.048371 0.980000 0.048039 0.981250 0.048039 0.986750 0.047872 0.987000 0.047872 0.989250 0.047706 0.989500 0.047706 0.992250 0.047374 0.993000 0.047374 0.999000 0.047706 0.999250 0.048703 0.999250 0.049202 0.999750 0.052028 0.999750 0.052360 0.999500 0.052360 0.999000 0.052028 0.997750 0.052028 0.995500 0.051862 0.995250 0.051862 0.994250 0.051695 0.994000 0.051862 0.992250 0.051695 0.992000 0.051695 0.990750 0.051529 0.990500 0.051363 0.980500 0.051197 0.980250 0.051197 0.979000 0.051529 0.978500 0.051529 0.976250 0.051363 0.976000 0.051529 0.975750 0.051529 0.974250 0.051695 0.974000 0.051695 0.969500 0.051363 0.969250
0 0.023105 0.961750 0.021775 0.962000 0.020944 0.963750 0.020944 0.964250 0.019448 0.968000 0.019116 0.970750 0.018617 0.971250 0.018783 0.972750 0.018285 0.973250 0.017952 0.974250 0.017952 0.975250 0.017453 0.976500 0.017453 0.979250 0.016955 0.981000 0.017121 0.981750 0.016955 0.982000 0.016955 0.985500 0.015957 0.991500 0.016124 0.992250 0.015957 0.993250 0.016456 0.994500 0.016456 0.995250 0.015791 0.996500 0.015791 0.997000 0.016124 0.997750 0.015957 0.999750 0.017620 0.999750 0.018451 0.998750 0.018617 0.996500 0.018783 0.996250 0.018783 0.992000 0.019116 0.991250 0.018949 0.991000 0.019448 0.989250 0.019448 0.986500 0.020113 0.983250 0.020113 0.982000 0.020612 0.979250 0.020612 0.977750 0.020944 0.976500 0.020445 0.975750 0.020778 0.975500 0.021110 0.974500 0.021110 0.973750 0.021443 0.973000 0.021443 0.972000 0.021775 0.971250 0.021775 0.970500 0.022440 0.968000 0.022939 0.964750 0.023438 0.964250 0.023770 0.963250 0.023770 0.962250
0 0.033245 0.930500 0.031582 0.930750 0.030751 0.932500 0.030419 0.938750 0.029920 0.939000 0.029754 0.937250 0.028424 0.937000 0.027926 0.937250 0.027427 0.939250 0.026596 0.951000 0.024934 0.965250 0.025100 0.967750 0.023936 0.980500 0.022108 0.992750 0.021443 0.993750 0.021941 0.994500 0.021443 0.997500 0.022108 0.998250 0.023105 0.998250 0.023770 0.997500 0.023604 0.996500 0.024269 0.995000 0.023770 0.993750 0.024934 0.992750 0.025931 0.979500 0.026928 0.972250 0.026928 0.968500 0.027593 0.964750 0.028092 0.956750 0.027759 0.955750 0.028590 0.954000 0.029588 0.944000 0.030253 0.944500 0.029920 0.946000 0.030585 0.956000 0.030253 0.959000 0.031749 0.961000 0.033245 0.960500 0.033577 0.956250 0.033078 0.955750 0.032247 0.949500 0.032580 0.948750 0.032580 0.943250 0.033245 0.941000 0.033245 0.932250 0.033577 0.931000
0 0.019448 0.907250 0.018949 0.906750 0.018451 0.906750 0.018285 0.906500 0.017121 0.906500 0.016789 0.906750 0.014794 0.910000 0.014295 0.910250 0.013797 0.911000 0.013298 0.911250 0.013132 0.911750 0.011968 0.912500 0.011303 0.913500 0.010140 0.914500 0.010140 0.915250 0.009309 0.916250 0.008311 0.918750 0.007314 0.920500 0.006649 0.922500 0.005319 0.925250 0.005153 0.926000 0.004488 0.927000 0.004488 0.927500 0.004654 0.927750 0.005652 0.928000 0.005818 0.927750 0.006150 0.927750 0.006649 0.927000 0.007314 0.926750 0.007979 0.926000 0.008477 0.925750 0.010472 0.922750 0.010971 0.922500 0.011968 0.921000 0.011968 0.920500 0.012633 0.919500 0.018617 0.914500 0.018451 0.914000 0.019116 0.913500 0.019448 0.912250 0.019448 0.911250 0.019116 0.910750 0.019448 0.910000 0.019116 0.909250 0.019116 0.908500
0 0.228723 0.886500 0.228225 0.887000 0.227892 0.892000 0.226895 0.892750 0.227227 0.896750 0.227061 0.901250 0.227560 0.902250 0.227394 0.903250 0.228225 0.905750 0.228723 0.911000 0.230053 0.917000 0.229721 0.918750 0.231051 0.927000 0.232048 0.930250 0.232713 0.931000 0.233211 0.933000 0.233876 0.934250 0.233710 0.934750 0.234209 0.935750 0.234043 0.937000 0.234375 0.937250 0.234375 0.938250 0.235040 0.939750 0.234541 0.941000 0.236037 0.941250 0.236370 0.941000 0.236370 0.940250 0.236037 0.939750 0.237367 0.939000 0.237367 0.938250 0.238032 0.937500 0.238364 0.936000 0.239029 0.934750 0.239029 0.932500 0.237367 0.924500 0.237367 0.922000 0.236702 0.919250 0.236702 0.917500 0.235705 0.914750 0.235705 0.913750 0.234707 0.910000 0.234375 0.904750 0.234043 0.904250 0.234043 0.902750 0.232713 0.897250 0.232713 0.894250 0.232048 0.892250 0.231882 0.889000 0.231051 0.886750
0 0.048039 0.884000 0.045878 0.885250 0.044548 0.892750 0.044714 0.908500 0.043052 0.928500 0.043551 0.936250 0.044215 0.936750 0.044714 0.940250 0.042719 0.941000 0.040226 0.963250 0.039727 0.964250 0.038730 0.960500 0.036902 0.960750 0.038231 0.970500 0.035904 0.984500 0.035406 0.997750 0.037234 0.998000 0.037733 0.999750 0.040060 0.999750 0.040392 0.983500 0.042221 0.974000 0.044548 0.944000 0.045047 0.943500 0.045545 0.945250 0.045213 0.962000 0.044049 0.967250 0.044215 0.976250 0.046044 0.975750 0.047207 0.966500 0.049701 0.961500 0.051529 0.948250 0.051363 0.933750 0.049535 0.917750 0.050698 0.895250 0.049867 0.887750
0 0.054521 0.865750 0.053690 0.865750 0.053358 0.866000 0.053358 0.868000 0.053524 0.868250 0.053524 0.872000 0.053690 0.872250 0.053690 0.874500 0.053524 0.875000 0.053690 0.875250 0.053358 0.876000 0.052693 0.876250 0.052693 0.879750 0.052527 0.880000 0.052527 0.882750 0.052360 0.883000 0.052360 0.884000 0.052194 0.884250 0.052194 0.885000 0.052028 0.885250 0.052360 0.886000 0.052360 0.887250 0.053025 0.887500 0.053191 0.887750 0.053191 0.889000 0.052859 0.889750 0.052859 0.891500 0.053025 0.891750 0.053690 0.891750 0.053856 0.892000 0.054521 0.891500 0.055020 0.890250 0.055020 0.889750 0.055186 0.889500 0.055186 0.888250 0.055685 0.886750 0.055685 0.884000 0.055851 0.883750 0.055851 0.882250 0.056184 0.881500 0.056184 0.880250 0.056350 0.880000 0.056350 0.879250 0.056682 0.878750 0.056848 0.878750 0.057015 0.878250 0.056848 0.878000 0.056848 0.876500 0.057015 0.876250 0.057015 0.875500 0.056848 0.875250 0.056848 0.873750 0.056516 0.873000 0.056516 0.872000 0.056682 0.871500 0.056350 0.871000 0.056350 0.868750 0.056184 0.868500 0.056184 0.867000 0.056017 0.866750 0.055186 0.866500
0 0.034242 0.843000 0.033577 0.843750 0.033577 0.846250 0.033245 0.846750 0.033245 0.848000 0.033411 0.848250 0.033245 0.848750 0.033245 0.855000 0.033577 0.856000 0.033411 0.857000 0.033577 0.858250 0.033411 0.858750 0.033577 0.859000 0.033577 0.861500 0.033743 0.861750 0.033743 0.862500 0.033411 0.863250 0.033577 0.866500 0.033411 0.866750 0.033411 0.874250 0.033245 0.875000 0.035073 0.877750 0.035406 0.878750 0.036902 0.880750 0.037899 0.880750 0.038730 0.879500 0.039894 0.879500 0.040392 0.880000 0.041390 0.880000 0.041888 0.879500 0.041556 0.878750 0.042387 0.878250 0.042221 0.875000 0.041556 0.873750 0.041556 0.872500 0.041223 0.872000 0.041223 0.871000 0.040891 0.870500 0.040891 0.869500 0.040559 0.868750 0.040559 0.867250 0.040226 0.866750 0.040226 0.866000 0.039395 0.864750 0.039561 0.863750 0.039229 0.863000 0.039062 0.861250 0.038730 0.860750 0.038896 0.860250 0.038730 0.860000 0.038730 0.857250 0.038398 0.856500 0.037899 0.854000 0.037400 0.850250 0.037068 0.849250 0.037068 0.848250 0.036403 0.847500 0.036237 0.844750 0.035738 0.844000 0.035572 0.843250
0 0.204621 0.762750 0.204122 0.763250 0.204289 0.765250 0.203956 0.765750 0.203624 0.776000 0.203956 0.777000 0.203624 0.778000 0.203956 0.790000 0.204289 0.790750 0.204289 0.792000 0.204621 0.792500 0.204455 0.795250 0.204787 0.797250 0.204787 0.800750 0.205120 0.801250 0.205452 0.803500 0.205618 0.808500 0.206283 0.810000 0.206616 0.813000 0.206948 0.813500 0.207779 0.813750 0.208444 0.813250 0.208444 0.803250 0.208610 0.802250 0.209441 0.801000 0.209109 0.800250 0.209109 0.796000 0.209774 0.795000 0.209774 0.789000 0.210106 0.788500 0.209940 0.785250 0.210106 0.781750 0.209774 0.781000 0.209774 0.779250 0.209275 0.778750 0.209109 0.776750 0.208777 0.776250 0.208777 0.769250 0.208444 0.768750 0.208610 0.765750 0.208278 0.765250 0.207114 0.765250 0.206283 0.766250 0.205951 0.763250 0.205452 0.762750
0 0.127493 0.707500 0.126828 0.708500 0.127992 0.722000 0.130818 0.733000 0.134475 0.741750 0.135472 0.751250 0.137301 0.761000 0.138630 0.765500 0.140957 0.770500 0.143285 0.780250 0.144614 0.788750 0.146277 0.793500 0.147440 0.799250 0.150931 0.806750 0.151263 0.808750 0.152261 0.809500 0.153424 0.809250 0.153424 0.807750 0.151762 0.803000 0.151928 0.801750 0.150765 0.799250 0.150765 0.797750 0.147606 0.788000 0.145778 0.776750 0.143783 0.770250 0.140625 0.764000 0.139628 0.760500 0.138132 0.751250 0.137134 0.733750 0.136137 0.730250 0.135140 0.729000 0.129820 0.714250 0.128823 0.707750
0 0.670213 0.622750 0.668218 0.623750 0.665725 0.632000 0.665725 0.648000 0.664727 0.646000 0.664229 0.640750 0.661237 0.638750 0.660572 0.639500 0.662234 0.647250 0.663231 0.658500 0.663896 0.689750 0.665060 0.701250 0.664561 0.722500 0.665060 0.729250 0.666722 0.735000 0.666556 0.740000 0.667221 0.742750 0.666722 0.752250 0.667387 0.759750 0.665725 0.774750 0.666722 0.778750 0.667886 0.778500 0.668551 0.776750 0.668883 0.767000 0.670878 0.760500 0.674867 0.726500 0.672872 0.699000 0.671210 0.625500
0 0.298537 0.499250 0.298205 0.509500 0.305020 0.538000 0.307347 0.557000 0.307015 0.570500 0.306017 0.575000 0.306350 0.587500 0.305352 0.588500 0.308178 0.603500 0.308511 0.608750 0.312666 0.624750 0.312666 0.629000 0.313830 0.631250 0.315824 0.631250 0.321476 0.634500 0.323138 0.642250 0.328291 0.651750 0.330951 0.659250 0.332281 0.659750 0.332945 0.654750 0.331283 0.639250 0.327128 0.619750 0.325133 0.616250 0.324634 0.612500 0.320811 0.603750 0.321144 0.600000 0.323471 0.596500 0.325133 0.589000 0.324967 0.586750 0.323803 0.586250 0.324801 0.585250 0.323637 0.574500 0.320146 0.565750 0.315160 0.538250 0.310007 0.528250 0.306350 0.512000 0.301862 0.505750 0.299701 0.499500
0 0.282580 0.441250 0.282081 0.441750 0.282081 0.445500 0.281749 0.446500 0.282247 0.448000 0.281915 0.448750 0.282746 0.450250 0.283743 0.455500 0.285904 0.463000 0.287400 0.470000 0.287899 0.470500 0.288398 0.472500 0.288398 0.474250 0.289062 0.476500 0.289062 0.478500 0.290060 0.483500 0.290060 0.485250 0.291057 0.489000 0.291057 0.490250 0.291722 0.492500 0.291888 0.494250 0.292719 0.495750 0.293384 0.496250 0.295379 0.496250 0.295545 0.495000 0.294548 0.491750 0.293551 0.486250 0.292387 0.483500 0.292387 0.482000 0.291888 0.479750 0.292055 0.479500 0.291722 0.477500 0.291223 0.476500 0.291223 0.475000 0.291888 0.474500 0.291888 0.472000 0.291556 0.471250 0.291390 0.469250 0.290226 0.465500 0.290060 0.463500 0.290392 0.463000 0.290392 0.461750 0.289395 0.459500 0.288730 0.455750 0.287733 0.452750 0.288730 0.451250 0.288231 0.451250 0.287566 0.450250 0.286569 0.447750 0.285572 0.443000 0.285073 0.442000 0.284076 0.441250
0 0.283577 0.440250 0.283577 0.440500 0.284242 0.440500 0.284408 0.440750 0.284574 0.440750 0.284741 0.440500 0.284741 0.440250 0.284574 0.440000 0.284076 0.440000 0.283910 0.440250