0 0.993684 0.911250 0.993019 0.910750 0.991689 0.910750 0.990858 0.911250 0.989860 0.911250 0.989195 0.911750 0.987367 0.912000 0.986702 0.912500 0.986037 0.913500 0.985040 0.914250 0.983544 0.914750 0.983211 0.915250 0.981882 0.916000 0.981217 0.917000 0.980718 0.917000 0.979721 0.917750 0.979222 0.918500 0.978723 0.918500 0.977726 0.919250 0.976895 0.920250 0.976064 0.920500 0.974235 0.922000 0.973404 0.922250 0.972241 0.923500 0.969581 0.925500 0.966922 0.926500 0.966755 0.927000 0.967919 0.927500 0.968085 0.927250 0.969914 0.927250 0.970578 0.926750 0.971908 0.926750 0.972407 0.926250 0.974568 0.926250 0.975565 0.925500 0.977061 0.925250 0.977726 0.924750 0.979388 0.924750 0.980053 0.924000 0.980884 0.923750 0.981383 0.923250 0.982713 0.923250 0.984874 0.921000 0.985705 0.920750 0.987367 0.919250 0.987866 0.919250 0.988697 0.918500 0.990691 0.917750 0.992188 0.915500 0.991855 0.915000 0.992188 0.914500 0.992188 0.914000
0 0.312334 0.699750 0.312168 0.699750 0.312001 0.699500 0.311170 0.699500 0.311004 0.699250 0.311503 0.698500 0.311503 0.698250 0.311336 0.698250 0.311170 0.698000 0.311004 0.698000 0.310838 0.698250 0.310505 0.698250 0.310339 0.698500 0.310007 0.698500 0.309840 0.698750 0.309674 0.698750 0.309009 0.699750 0.308843 0.699750 0.308677 0.700000 0.308511 0.700000 0.308344 0.700250 0.308178 0.700250 0.308012 0.700500 0.308012 0.701000 0.308178 0.701250 0.308344 0.701250 0.308511 0.701500 0.308178 0.702000 0.309176 0.702000 0.309176 0.701750 0.309009 0.701500 0.309176 0.701250 0.309342 0.701250 0.309508 0.701000 0.310173 0.701000 0.310339 0.701250 0.310672 0.701250 0.310838 0.701000 0.311170 0.701000 0.311336 0.700750 0.311503 0.700750 0.311669 0.700500 0.311835 0.700500 0.312001 0.700250 0.312168 0.700250 0.312334 0.700000
0 0.316489 0.690500 0.316323 0.690250 0.315658 0.690250 0.315492 0.690000 0.314661 0.690000 0.314328 0.690500 0.314328 0.691250 0.314162 0.691500 0.313996 0.691500 0.313664 0.692000 0.313664 0.692250 0.313830 0.692500 0.313830 0.693000 0.313497 0.693500 0.313331 0.693500 0.312168 0.695250 0.312168 0.696250 0.312334 0.696500 0.313165 0.696500 0.313331 0.696250 0.313497 0.696250 0.313664 0.696000 0.313664 0.695750 0.313830 0.695500 0.313830 0.695250 0.314328 0.694500 0.314495 0.694500 0.314827 0.694000 0.314827 0.693750 0.315160 0.693250 0.315160 0.693000 0.316323 0.691250 0.316323 0.691000 0.316489 0.690750
0 0.324967 0.678250 0.324801 0.678250 0.324634 0.678000 0.323969 0.678000 0.323803 0.678250 0.323637 0.678250 0.322972 0.679250 0.322806 0.679250 0.322640 0.679500 0.321975 0.679500 0.321809 0.679750 0.321642 0.679750 0.321642 0.680000 0.321476 0.680250 0.321476 0.680750 0.321809 0.681250 0.320811 0.682750 0.320645 0.682750 0.320479 0.683000 0.320312 0.683000 0.320146 0.683250 0.319980 0.683250 0.319980 0.684000 0.319481 0.684750 0.319315 0.684750 0.318650 0.685750 0.317487 0.685750 0.317154 0.686250 0.317154 0.686500 0.316988 0.686750 0.316988 0.687000 0.316822 0.687250 0.316822 0.687500 0.316656 0.687750 0.316656 0.688000 0.316822 0.688000 0.316988 0.688250 0.317819 0.688250 0.317985 0.688000 0.318152 0.688000 0.318484 0.687500 0.318650 0.687500 0.318816 0.687250 0.318983 0.687250 0.319315 0.686750 0.319481 0.686750 0.319648 0.686500 0.319814 0.686500 0.319814 0.686250 0.319980 0.686000 0.320146 0.686000 0.320312 0.685750 0.320479 0.685750 0.320645 0.685500 0.320645 0.685000 0.323637 0.680500 0.323637 0.680250 0.324136 0.679500 0.324302 0.679500 0.324302 0.679250 0.324468 0.679000 0.324634 0.679000 0.324967 0.678500
0 0.583444 0.594500 0.582945 0.594000 0.571975 0.594000 0.571310 0.594500 0.569481 0.594500 0.566157 0.596500 0.565492 0.596500 0.562999 0.598000 0.562168 0.598000 0.557347 0.604000 0.554521 0.605500 0.549867 0.610250 0.547540 0.611500 0.546210 0.612750 0.544215 0.616000 0.543052 0.617250 0.543384 0.617750 0.545711 0.617750 0.547041 0.617250 0.549036 0.615000 0.550864 0.614250 0.551695 0.613250 0.554521 0.611750 0.562168 0.611750 0.562999 0.611250 0.564827 0.611500 0.569648 0.610250 0.572473 0.607000 0.577460 0.602250 0.579787 0.598250 0.581782 0.597000 0.582613 0.595500 0.583444 0.595000
0 0.625000 0.569500 0.624501 0.569500 0.624335 0.569250 0.624169 0.569500 0.622340 0.570000 0.621676 0.570500 0.620013 0.572500 0.615359 0.574750 0.613697 0.576500 0.613531 0.577250 0.613032 0.578000 0.612866 0.579000 0.612367 0.579750 0.611702 0.581750 0.611370 0.582250 0.611370 0.586000 0.611702 0.586250 0.611702 0.589000 0.612035 0.589500 0.612035 0.592250 0.612533 0.593000 0.612533 0.593500 0.612866 0.593750 0.613863 0.593750 0.614362 0.594250 0.616024 0.594250 0.616356 0.594000 0.616356 0.593500 0.616523 0.593250 0.616855 0.593250 0.617686 0.592250 0.618351 0.592250 0.619016 0.591500 0.619016 0.591000 0.620013 0.589500 0.619847 0.588250 0.620013 0.588000 0.620013 0.587500 0.620346 0.587000 0.620346 0.586500 0.620678 0.586000 0.620678 0.585500 0.621343 0.584500 0.621343 0.584000 0.621842 0.583250 0.622174 0.582250 0.622008 0.581750 0.622507 0.580750 0.622340 0.580250 0.622839 0.579250 0.622673 0.579000 0.622673 0.577250 0.623172 0.576250 0.623172 0.575500 0.623670 0.574750 0.623670 0.574000 0.624335 0.573000 0.624501 0.572250 0.625000 0.571500 0.625000 0.571000 0.625332 0.570500 0.625332 0.570000
0 0.567985 0.479250 0.566822 0.479750 0.565824 0.483000 0.563830 0.486000 0.562832 0.491250 0.563830 0.514000 0.563165 0.521250 0.563331 0.531250 0.562168 0.544250 0.562168 0.572500 0.562500 0.579250 0.562999 0.580000 0.562832 0.589750 0.563830 0.594750 0.565160 0.594750 0.568152 0.593000 0.569149 0.589250 0.568983 0.586750 0.569481 0.586000 0.569814 0.574750 0.568983 0.570750 0.569149 0.561750 0.568484 0.559750 0.567819 0.543750 0.567320 0.542250 0.567819 0.531500 0.567487 0.529000 0.568484 0.527000 0.568152 0.516000 0.568816 0.509000 0.568816 0.490500 0.569315 0.489250 0.569315 0.481000
0 0.475731 0.472000 0.473737 0.471250 0.470246 0.474000 0.465758 0.481500 0.459608 0.486750 0.454621 0.493250 0.451463 0.495500 0.447473 0.501000 0.445645 0.502000 0.441988 0.507750 0.435838 0.513250 0.434674 0.516500 0.432015 0.519750 0.427360 0.523250 0.424701 0.523500 0.421376 0.528750 0.417055 0.533750 0.414062 0.542250 0.409408 0.546750 0.411403 0.547000 0.416556 0.544500 0.424202 0.537750 0.427360 0.534000 0.431017 0.531000 0.434009 0.529750 0.435505 0.525500 0.437666 0.522250 0.441323 0.520000 0.443983 0.517250 0.445479 0.512750 0.453624 0.504750 0.455452 0.500500 0.463265 0.491750 0.469581 0.482500 0.472074 0.480500
0 0.611203 0.448500 0.610206 0.449750 0.610040 0.449750 0.610040 0.450000 0.609707 0.450500 0.609707 0.451250 0.609541 0.451500 0.609541 0.452000 0.609707 0.452250 0.609707 0.453250 0.609874 0.453500 0.610206 0.454750 0.610539 0.455250 0.610539 0.455750 0.611203 0.456750 0.611203 0.457250 0.611702 0.457750 0.611702 0.458500 0.612367 0.459500 0.613198 0.462250 0.613364 0.462250 0.613697 0.462750 0.613697 0.463250 0.614029 0.464000 0.614029 0.464500 0.614195 0.464500 0.614362 0.464750 0.614362 0.465500 0.614528 0.465750 0.614694 0.465750 0.615193 0.466500 0.615193 0.466750 0.615359 0.467000 0.615359 0.467500 0.615525 0.467750 0.616024 0.467750 0.616190 0.468000 0.616356 0.467750 0.616855 0.467750 0.617021 0.467500 0.617188 0.467500 0.617188 0.466500 0.616855 0.466000 0.616855 0.464000 0.616523 0.463500 0.616523 0.462500 0.616190 0.462000 0.616190 0.461000 0.615858 0.460500 0.615858 0.455500 0.615525 0.455000 0.615525 0.453750 0.615193 0.453000 0.615193 0.451000 0.614860 0.450500 0.614860 0.450000 0.614195 0.449000 0.613697 0.449000 0.613531 0.448750 0.613198 0.448750 0.613032 0.448500 0.612699 0.448500 0.612533 0.448250 0.611702 0.448250 0.611536 0.448500
0 0.793384 0.252500 0.793218 0.252500 0.793052 0.252250 0.792553 0.252250 0.792387 0.252500 0.792055 0.252500 0.791223 0.253750 0.791223 0.254000 0.791057 0.254250 0.791057 0.254500 0.790725 0.255000 0.790559 0.255000 0.790226 0.255500 0.790226 0.256500 0.789395 0.257750 0.789395 0.258000 0.789561 0.258250 0.790891 0.258250 0.791057 0.258000 0.791223 0.258000 0.791556 0.257500 0.791722 0.257500 0.792055 0.257000 0.792221 0.257000 0.792553 0.256500 0.792553 0.255750 0.792719 0.255500 0.792719 0.255250 0.793218 0.254500 0.793384 0.254500 0.793551 0.254250 0.793717 0.254250 0.793717 0.253750 0.793551 0.253750 0.793384 0.253500
0 0.746177 0.246500 0.745180 0.245500 0.744182 0.245250 0.743517 0.245750 0.742520 0.245750 0.742354 0.246000 0.740027 0.247000 0.739195 0.247750 0.738697 0.247750 0.737866 0.248250 0.736868 0.248250 0.735705 0.249000 0.734874 0.249000 0.734375 0.249500 0.734043 0.249500 0.732214 0.250750 0.731882 0.250750 0.729887 0.252500 0.729388 0.252500 0.729222 0.252750 0.728723 0.252750 0.728557 0.253000 0.727227 0.253500 0.727061 0.253750 0.727061 0.254500 0.726562 0.255000 0.726396 0.255500 0.727726 0.256750 0.728391 0.256750 0.728557 0.257000 0.728890 0.257000 0.729555 0.257500 0.730053 0.257500 0.730219 0.257750 0.731715 0.257750 0.732380 0.258250 0.737866 0.258250 0.738531 0.257750 0.739195 0.257750 0.740359 0.257000 0.741024 0.255500 0.742021 0.254750 0.742354 0.254750 0.742852 0.254000 0.742852 0.253000 0.743684 0.251750 0.743850 0.250750 0.744182 0.250500 0.744515 0.249750 0.745512 0.248500 0.745512 0.247750 0.746177 0.247000
0 0.674535 0.224250 0.673371 0.224000 0.671875 0.224500 0.670213 0.225750 0.670047 0.226250 0.667221 0.229000 0.666057 0.230750 0.663398 0.233250 0.661237 0.234750 0.660073 0.235000 0.655253 0.237750 0.653258 0.240000 0.651762 0.242500 0.647274 0.245750 0.644116 0.250500 0.645279 0.251250 0.647939 0.251250 0.648604 0.251750 0.656416 0.251750 0.659076 0.249750 0.660572 0.249750 0.664062 0.248250 0.664561 0.247250 0.665392 0.246750 0.666057 0.245750 0.666722 0.245750 0.667055 0.245250 0.668384 0.245250 0.668551 0.244750 0.668218 0.244250 0.670047 0.241750 0.670379 0.241750 0.670545 0.240500 0.672207 0.238500 0.674036 0.237000 0.675698 0.234250 0.675698 0.233750 0.676363 0.233000