0 0.711935 0.939500 0.710938 0.940000 0.708444 0.943000 0.707447 0.943250 0.707447 0.944000 0.706117 0.945750 0.707114 0.947250 0.707114 0.948250 0.710106 0.957750 0.710106 0.959000 0.710605 0.960250 0.710938 0.962750 0.712600 0.966000 0.714262 0.971750 0.714594 0.976750 0.714927 0.977500 0.715592 0.983750 0.715924 0.984500 0.715924 0.991750 0.716257 0.992250 0.716257 0.996000 0.716589 0.996500 0.716589 0.998000 0.717254 0.999000 0.718085 0.999000 0.718584 0.998500 0.720246 0.998750 0.720578 0.998500 0.720578 0.996500 0.721077 0.996000 0.721077 0.985000 0.720578 0.982500 0.720745 0.981000 0.720246 0.980250 0.720412 0.978500 0.719914 0.978000 0.719914 0.977000 0.719581 0.976500 0.718916 0.969000 0.718418 0.968250 0.718916 0.967250 0.718418 0.963500 0.718251 0.957500 0.717919 0.955750 0.717254 0.955500 0.717254 0.954500 0.716922 0.954000 0.716922 0.952500 0.716589 0.952000 0.716755 0.948000 0.715758 0.943250 0.715259 0.942750 0.715093 0.941750 0.713431 0.939750
0 0.084441 0.940250 0.094581 0.955500 0.096410 0.957250 0.097739 0.962250 0.100399 0.966750 0.101396 0.969750 0.101230 0.972250 0.104555 0.988000 0.106383 0.993500 0.106217 0.994500 0.107048 0.995750 0.106882 0.999500 0.108876 0.999750 0.108211 0.999000 0.108544 0.998000 0.113198 0.997750 0.113198 0.994000 0.110705 0.985500 0.110206 0.976500 0.108876 0.976000 0.106549 0.968250 0.106715 0.967500 0.107380 0.968000 0.109209 0.973500 0.112699 0.974250 0.112866 0.972250 0.112201 0.971750 0.111868 0.969500 0.110040 0.964750 0.110206 0.964000 0.107547 0.957000 0.106383 0.955250 0.104721 0.954250 0.103723 0.954250 0.102394 0.956000 0.106882 0.966500 0.106383 0.967500 0.104887 0.964000 0.103059 0.962250 0.099734 0.955250 0.096077 0.950500 0.096243 0.949750 0.092420 0.942250 0.090592 0.940000 0.090592 0.939000 0.088597 0.938000
0 0.096908 0.930000 0.096742 0.930500 0.097074 0.931000 0.096243 0.932250 0.096243 0.933000 0.097074 0.933250 0.101729 0.940250 0.101895 0.941000 0.102726 0.942500 0.103890 0.943750 0.107048 0.948750 0.108544 0.952000 0.108378 0.952250 0.108544 0.952500 0.108544 0.953500 0.109375 0.957250 0.109874 0.957750 0.111037 0.957500 0.110871 0.957000 0.111037 0.956500 0.110705 0.956000 0.111037 0.955250 0.110539 0.954750 0.110539 0.954250 0.110206 0.953750 0.110206 0.952000 0.110372 0.951500 0.109874 0.950750 0.110040 0.949000 0.109541 0.948000 0.109707 0.947750 0.109541 0.947500 0.109541 0.946250 0.108876 0.945000 0.108876 0.943750 0.108544 0.943250 0.108544 0.942250 0.108710 0.942000 0.108211 0.941250 0.108378 0.940500 0.107879 0.939750 0.108045 0.939000 0.107547 0.938250 0.107547 0.936750 0.107214 0.936500 0.107214 0.935250 0.106882 0.934750 0.106882 0.934250 0.106549 0.934000 0.106549 0.933500 0.105884 0.932500 0.105884 0.932000 0.104887 0.930500 0.104887 0.930000 0.104555 0.929250 0.103225 0.927500 0.102892 0.927750 0.100565 0.927500 0.099734 0.928500
0 0.889461 0.899500 0.892786 0.907000 0.894781 0.913250 0.899269 0.920250 0.899767 0.924000 0.902427 0.931500 0.903757 0.938500 0.906416 0.942750 0.909741 0.953750 0.913231 0.962250 0.916223 0.967250 0.919382 0.977000 0.923703 0.983250 0.924368 0.986250 0.925864 0.988250 0.926529 0.991000 0.929355 0.995000 0.931516 0.995250 0.931682 0.993500 0.930352 0.991500 0.928856 0.987000 0.929023 0.985000 0.924867 0.970250 0.923371 0.968000 0.921875 0.963750 0.921210 0.958750 0.917387 0.946500 0.912068 0.939250 0.910572 0.935250 0.910073 0.932000 0.904588 0.924000 0.899435 0.911500 0.898271 0.911250 0.895944 0.906250 0.890957 0.899500
0 0.080452 0.870000 0.078956 0.871000 0.078291 0.874000 0.077793 0.882500 0.076961 0.882750 0.074967 0.886250 0.074967 0.898750 0.073969 0.902750 0.074302 0.915750 0.073637 0.924000 0.070312 0.939000 0.069149 0.950500 0.066489 0.963000 0.062334 0.972500 0.057846 0.990500 0.056350 0.994000 0.055851 0.997000 0.056350 0.999750 0.057680 0.999250 0.058344 0.997750 0.058677 0.994000 0.059508 0.993000 0.062334 0.981750 0.066323 0.974500 0.067985 0.968500 0.072141 0.958500 0.072307 0.956000 0.076795 0.948250 0.076961 0.945500 0.080618 0.935500 0.081449 0.929750 0.083610 0.924500 0.083777 0.918750 0.086436 0.897500 0.086436 0.892000 0.083444 0.892000 0.082281 0.890250 0.081117 0.882750 0.081449 0.871500
0 0.137134 0.813500 0.136137 0.814000 0.135306 0.819000 0.135638 0.856000 0.134641 0.877000 0.135638 0.883500 0.135971 0.901000 0.135638 0.913500 0.134641 0.924000 0.132646 0.933000 0.132979 0.939000 0.133810 0.939500 0.133810 0.941500 0.134807 0.941250 0.136137 0.920250 0.138464 0.901500 0.137467 0.886750 0.138132 0.819250 0.137799 0.814000
0 0.899767 0.812250 0.899102 0.812000 0.896941 0.813250 0.895944 0.814250 0.892453 0.819500 0.891789 0.821250 0.891456 0.823250 0.890459 0.824750 0.890293 0.825500 0.889295 0.826750 0.887633 0.828000 0.885638 0.831750 0.884309 0.834750 0.883976 0.836250 0.882646 0.839000 0.878324 0.845250 0.875831 0.851750 0.876164 0.853500 0.877493 0.853750 0.878491 0.852250 0.879322 0.852000 0.886802 0.839500 0.889129 0.834750 0.893451 0.828000 0.893451 0.827500 0.894116 0.826250 0.893949 0.826000 0.894116 0.825250 0.894781 0.824500 0.895612 0.821250 0.896110 0.820500 0.896110 0.819750 0.896941 0.818500 0.897274 0.817250 0.899934 0.813500
0 0.196310 0.801500 0.195312 0.801750 0.193816 0.803500 0.190824 0.808250 0.189328 0.813250 0.187334 0.816750 0.186669 0.818750 0.186669 0.820000 0.185672 0.824500 0.185838 0.825000 0.185339 0.826000 0.185339 0.827250 0.184342 0.830750 0.184342 0.832750 0.184009 0.833500 0.184176 0.834500 0.183677 0.835500 0.183843 0.837750 0.183012 0.840250 0.183178 0.841750 0.183012 0.844750 0.182680 0.845250 0.182513 0.846750 0.182680 0.849000 0.182347 0.850000 0.182347 0.853000 0.181682 0.855500 0.181682 0.858250 0.182846 0.859250 0.183843 0.859250 0.184508 0.858500 0.184508 0.857000 0.184176 0.856500 0.185505 0.852500 0.185505 0.846500 0.185838 0.846000 0.185838 0.844500 0.186170 0.843750 0.186004 0.843250 0.186503 0.842500 0.186503 0.841500 0.187500 0.838000 0.187666 0.834750 0.187999 0.834250 0.187999 0.832500 0.188664 0.830000 0.191656 0.822000 0.195645 0.815500 0.197307 0.811250 0.196975 0.809750 0.197473 0.808500 0.196809 0.808000 0.196975 0.806000 0.197307 0.805250 0.197141 0.802500
0 0.138963 0.793250 0.138298 0.793750 0.138298 0.797000 0.137965 0.797750 0.137965 0.801250 0.138298 0.802250 0.138298 0.806500 0.138630 0.807250 0.138630 0.812000 0.138797 0.813000 0.139628 0.813500 0.138797 0.814000 0.138963 0.819500 0.139295 0.821500 0.139295 0.825750 0.139461 0.826000 0.139295 0.826750 0.139794 0.831250 0.139628 0.832750 0.139960 0.833500 0.139960 0.834750 0.140459 0.835500 0.140459 0.836500 0.140791 0.837000 0.141124 0.839250 0.141955 0.839750 0.142453 0.839000 0.141955 0.837250 0.141955 0.833250 0.141622 0.832500 0.141622 0.830750 0.142121 0.830000 0.142121 0.826500 0.141955 0.826250 0.142121 0.822500 0.141789 0.821250 0.141789 0.817750 0.141622 0.817500 0.141622 0.808000 0.141290 0.807250 0.141290 0.804250 0.140957 0.802500 0.140791 0.798500 0.140126 0.797750 0.140126 0.795500 0.139794 0.794750 0.139794 0.793500
0 0.824302 0.790750 0.823471 0.791250 0.823138 0.792250 0.823305 0.793750 0.822972 0.794250 0.823305 0.795000 0.823471 0.802250 0.823803 0.803500 0.823969 0.807250 0.823803 0.809750 0.824136 0.811250 0.824136 0.816250 0.824468 0.817000 0.824468 0.821750 0.824967 0.825500 0.824801 0.841250 0.824468 0.841750 0.824136 0.844250 0.824801 0.845250 0.824801 0.847500 0.825465 0.847750 0.826629 0.846500 0.826629 0.845500 0.826961 0.845000 0.826961 0.843000 0.827294 0.842500 0.827294 0.841000 0.827626 0.840500 0.827626 0.832500 0.827294 0.831750 0.827294 0.830000 0.826961 0.829500 0.826961 0.822250 0.826629 0.821000 0.826629 0.816000 0.826297 0.814500 0.826130 0.808750 0.826297 0.806000 0.825964 0.804750 0.825964 0.801500 0.825632 0.800500 0.825632 0.794750 0.824967 0.792750 0.824967 0.792000
0 0.605552 0.786250 0.604555 0.786250 0.604222 0.786500 0.604222 0.786750 0.603557 0.787750 0.602892 0.787750 0.601895 0.789250 0.601895 0.789500 0.601562 0.790000 0.601562 0.790500 0.601064 0.791500 0.600898 0.793000 0.600399 0.794000 0.600399 0.795750 0.600066 0.796500 0.600066 0.797500 0.599734 0.798250 0.599734 0.799500 0.599235 0.800750 0.598903 0.803250 0.598404 0.804250 0.598404 0.804750 0.598072 0.805500 0.598072 0.807250 0.597739 0.808000 0.597739 0.810500 0.597573 0.810750 0.597573 0.811500 0.598238 0.811750 0.598570 0.812500 0.599402 0.812500 0.599568 0.812250 0.599568 0.811750 0.599900 0.810750 0.599900 0.808000 0.600233 0.807500 0.600233 0.805500 0.600565 0.804500 0.600898 0.804000 0.600898 0.802000 0.601230 0.801500 0.601230 0.800500 0.601562 0.800000 0.601729 0.798500 0.602227 0.797250 0.602227 0.796000 0.602560 0.795500 0.602560 0.794500 0.602892 0.794000 0.602892 0.793500 0.603225 0.793000 0.603225 0.792750 0.603557 0.792500 0.603723 0.792000 0.603890 0.792000 0.603890 0.791250 0.604222 0.790750 0.604222 0.790500 0.605219 0.789000 0.605219 0.788500 0.605884 0.787500 0.605884 0.786500
0 0.000166 0.782250 0.000000 0.788750 0.004820 0.796500 0.005984 0.799250 0.008477 0.802500 0.007314 0.804000 0.007979 0.811000 0.011968 0.815000 0.014794 0.815750 0.015126 0.816500 0.014628 0.817500 0.016290 0.818250 0.023438 0.825250 0.026263 0.829500 0.029588 0.831750 0.031582 0.835000 0.034574 0.841750 0.036237 0.843750 0.037566 0.843500 0.037566 0.842750 0.036735 0.842000 0.037566 0.841500 0.037234 0.840000 0.037566 0.838500 0.036569 0.836500 0.035572 0.832500 0.033910 0.829500 0.033245 0.829500 0.032081 0.827250 0.030253 0.825500 0.027261 0.820750 0.026263 0.817500 0.026596 0.815250 0.026263 0.811000 0.025266 0.808000 0.024102 0.806250 0.019614 0.803250 0.015126 0.798000 0.012633 0.794250 0.008810 0.790500 0.007812 0.788500 0.003158 0.784750 0.002161 0.782750 0.000997 0.782000
0 0.623172 0.778250 0.620346 0.777750 0.616523 0.782250 0.612367 0.799250 0.608045 0.810250 0.605219 0.827750 0.593750 0.856000 0.589594 0.869250 0.589927 0.871750 0.592919 0.868750 0.601895 0.843750 0.605552 0.838000 0.609043 0.819750 0.616024 0.800500 0.617188 0.793250 0.623172 0.813000 0.637965 0.844250 0.639960 0.851500 0.651596 0.869250 0.655086 0.868500 0.645113 0.844250 0.640791 0.838250 0.638464 0.831500 0.632812 0.822750 0.627493 0.808500 0.623172 0.802250 0.618185 0.790500 0.623338 0.780000
0 0.121177 0.774500 0.120844 0.774750 0.120844 0.775500 0.121676 0.776750 0.122174 0.779000 0.122008 0.780750 0.122340 0.781250 0.122340 0.783750 0.122673 0.784500 0.122673 0.787750 0.123504 0.789750 0.123338 0.790500 0.123836 0.791500 0.123670 0.792750 0.124003 0.793250 0.124003 0.795250 0.124335 0.795750 0.124335 0.797000 0.124003 0.797750 0.124335 0.798250 0.124501 0.799750 0.124335 0.800000 0.124501 0.800250 0.124335 0.800500 0.124335 0.804750 0.124668 0.805250 0.124668 0.808250 0.125166 0.809500 0.125000 0.812750 0.125332 0.813250 0.125332 0.814750 0.125665 0.815250 0.125665 0.818250 0.125997 0.818750 0.125997 0.821500 0.126330 0.822250 0.126330 0.824000 0.126995 0.824250 0.127826 0.823500 0.127660 0.822250 0.127826 0.821500 0.127493 0.821000 0.127493 0.817000 0.127826 0.816500 0.127660 0.814500 0.127992 0.813250 0.127826 0.806250 0.127660 0.806000 0.127826 0.804000 0.127493 0.803500 0.127493 0.801000 0.127826 0.800500 0.127826 0.799000 0.127493 0.798500 0.127493 0.793000 0.126995 0.792500 0.127327 0.790500 0.126828 0.789000 0.126828 0.787000 0.126496 0.786500 0.126662 0.785250 0.123172 0.775000 0.122839 0.774500
0 0.701297 0.772250 0.699801 0.772750 0.697473 0.775750 0.694814 0.778250 0.693650 0.778250 0.689661 0.783000 0.689661 0.784000 0.688331 0.787500 0.688165 0.788750 0.686004 0.794000 0.685339 0.797250 0.683178 0.804000 0.682513 0.808250 0.682680 0.812500 0.682181 0.815500 0.682181 0.822000 0.682680 0.823750 0.682513 0.824750 0.683344 0.825500 0.683344 0.826250 0.684009 0.827500 0.685339 0.827750 0.686336 0.826250 0.686170 0.825500 0.687168 0.823000 0.687168 0.821500 0.687666 0.820750 0.687500 0.820000 0.688165 0.818750 0.688165 0.818000 0.689328 0.816000 0.689162 0.814750 0.689495 0.813000 0.689993 0.812250 0.689827 0.809500 0.690326 0.808750 0.690160 0.806000 0.690658 0.805250 0.690492 0.804500 0.690991 0.803750 0.690824 0.803000 0.691323 0.802500 0.691157 0.801750 0.692320 0.799250 0.692154 0.798500 0.692985 0.797000 0.693152 0.795250 0.696476 0.789500 0.696642 0.788000 0.697640 0.786000 0.698138 0.782000 0.699468 0.778500 0.700299 0.777250 0.700133 0.777000 0.700798 0.776000 0.701130 0.774500 0.701629 0.774000
0 0.137134 0.763750 0.136968 0.763750 0.136802 0.763500 0.135306 0.763500 0.135140 0.763750 0.134973 0.763750 0.134807 0.764000 0.134807 0.764250 0.132979 0.767000 0.132979 0.767250 0.132314 0.768250 0.132148 0.768250 0.131815 0.768750 0.131815 0.769000 0.131649 0.769250 0.131649 0.772250 0.131815 0.772500 0.131981 0.772500 0.132314 0.773000 0.132314 0.774000 0.132480 0.774000 0.132646 0.774250 0.133644 0.774250 0.133810 0.774000 0.133976 0.774000 0.134475 0.773250 0.134641 0.773250 0.134807 0.773000 0.134807 0.772750 0.135306 0.772000 0.135472 0.772000 0.135472 0.771500 0.135805 0.771000 0.135805 0.770250 0.136303 0.769500 0.136303 0.769250 0.136802 0.768500 0.136802 0.768250 0.137301 0.767500 0.137467 0.767500 0.137467 0.767250 0.137799 0.766750 0.137799 0.766250 0.137965 0.766000 0.137965 0.765750 0.137799 0.765500 0.137799 0.765250 0.137467 0.764750 0.137467 0.764250
0 0.076297 0.744750 0.074468 0.746000 0.073138 0.753500 0.071809 0.776500 0.070811 0.778750 0.067819 0.780000 0.063830 0.793750 0.064328 0.796000 0.067487 0.795750 0.068816 0.798750 0.067154 0.823750 0.062334 0.829000 0.060339 0.827250 0.058344 0.835000 0.056350 0.820000 0.054688 0.821250 0.053856 0.828500 0.053191 0.825750 0.051529 0.825000 0.046044 0.844500 0.047207 0.848000 0.044049 0.858500 0.044049 0.864750 0.045379 0.865750 0.049701 0.861000 0.051695 0.855500 0.053524 0.856750 0.051695 0.876000 0.045878 0.899250 0.047540 0.900000 0.050864 0.894500 0.048870 0.907000 0.045379 0.907250 0.045379 0.909250 0.042886 0.911000 0.040559 0.926500 0.041223 0.929500 0.046044 0.932250 0.050698 0.938750 0.052028 0.938500 0.055685 0.927500 0.060173 0.880750 0.068484 0.849500 0.069980 0.833000 0.075465 0.812000 0.078457 0.792000 0.079787 0.772750 0.082945 0.760500 0.081616 0.756500 0.077128 0.756750
0 0.480219 0.724000 0.480386 0.726750 0.482380 0.734000 0.482713 0.736750 0.485040 0.747500 0.485372 0.751750 0.485705 0.752500 0.485705 0.754250 0.486370 0.757750 0.486370 0.759750 0.486702 0.760750 0.486702 0.761750 0.486203 0.762250 0.486370 0.763500 0.486702 0.764250 0.486868 0.766000 0.487866 0.766750 0.488198 0.770500 0.488863 0.773500 0.488863 0.775750 0.489362 0.777750 0.489362 0.779500 0.490858 0.779750 0.491356 0.779000 0.491356 0.777250 0.491024 0.776250 0.491024 0.772750 0.490525 0.770500 0.490525 0.768250 0.490193 0.767750 0.490193 0.764500 0.489860 0.764000 0.489860 0.762000 0.489528 0.761500 0.489528 0.759250 0.489195 0.758250 0.489195 0.756750 0.488863 0.756250 0.488863 0.754000 0.488531 0.753250 0.488531 0.750500 0.488198 0.749750 0.487866 0.744250 0.486868 0.739500 0.486536 0.733250 0.486203 0.732250 0.485372 0.731500 0.483876 0.728000 0.483045 0.727750 0.482048 0.726750 0.481051 0.724750 0.481051 0.724000
0 0.340426 0.712500 0.339927 0.713250 0.342088 0.718250 0.344415 0.731250 0.345745 0.735250 0.345911 0.737750 0.347906 0.746500 0.349402 0.757000 0.349235 0.763500 0.349900 0.768000 0.350233 0.776000 0.351895 0.783250 0.352227 0.788250 0.352726 0.790000 0.353391 0.790500 0.353391 0.792250 0.354056 0.793750 0.354887 0.803250 0.355386 0.805000 0.356549 0.805750 0.356882 0.805500 0.356549 0.804250 0.356882 0.801000 0.356217 0.792750 0.355552 0.791500 0.354887 0.788000 0.354222 0.780000 0.353557 0.778000 0.353557 0.774500 0.351230 0.760500 0.351064 0.755000 0.350066 0.748500 0.350066 0.744500 0.348737 0.732750 0.346576 0.722500 0.343916 0.717750 0.343085 0.715250
0 0.996011 0.714000 0.994681 0.713750 0.989029 0.716750 0.982048 0.722500 0.983045 0.719750 0.985871 0.717500 0.987699 0.714500 0.989195 0.713500 0.991356 0.709500 0.990193 0.709250 0.986868 0.713750 0.979721 0.718500 0.976230 0.724250 0.970080 0.728500 0.964096 0.734500 0.960605 0.739000 0.954953 0.743500 0.943152 0.759000 0.945146 0.759000 0.948803 0.755500 0.950299 0.755250 0.952460 0.753250 0.953291 0.753250 0.953790 0.752250 0.957114 0.751250 0.960439 0.748750 0.962267 0.745750 0.964262 0.744250 0.970246 0.741500 0.975898 0.735750 0.978225 0.732000 0.981051 0.729000 0.986536 0.725750 0.989860 0.720250 0.992520 0.718250 0.993351 0.716750 0.994847 0.716250
0 0.797872 0.695250 0.797706 0.695750 0.798039 0.700500 0.798371 0.701000 0.798371 0.702500 0.798703 0.703000 0.798870 0.704750 0.800532 0.708750 0.800864 0.710750 0.801862 0.712500 0.802693 0.715000 0.802859 0.716500 0.803690 0.718500 0.804854 0.720000 0.806017 0.727000 0.808012 0.733000 0.808511 0.737250 0.809840 0.742750 0.810173 0.747500 0.810838 0.747750 0.811336 0.747250 0.811503 0.744750 0.811004 0.743000 0.811004 0.741000 0.810339 0.739000 0.809840 0.732000 0.809342 0.731250 0.809342 0.729750 0.807347 0.723750 0.807347 0.722500 0.807680 0.722000 0.807347 0.719500 0.806682 0.718000 0.806184 0.715250 0.805685 0.714500 0.804355 0.710250 0.803025 0.707750 0.803025 0.706750 0.800864 0.703250 0.800864 0.702500 0.799535 0.698500 0.799701 0.698250 0.799202 0.697000 0.799036 0.695500
0 0.339594 0.681500 0.339594 0.685500 0.340093 0.686000 0.340758 0.688000 0.341423 0.692250 0.342088 0.694000 0.342254 0.696250 0.342586 0.696750 0.342586 0.698250 0.344249 0.703250 0.346410 0.707250 0.346742 0.707250 0.347573 0.709000 0.348737 0.713750 0.349402 0.714500 0.349402 0.716000 0.350066 0.718000 0.350731 0.721750 0.351064 0.726500 0.351396 0.727000 0.351729 0.729000 0.352892 0.729000 0.353391 0.729750 0.353723 0.732000 0.354555 0.732250 0.354887 0.732000 0.354887 0.730000 0.354222 0.729250 0.354056 0.728250 0.353225 0.726500 0.353225 0.726000 0.353890 0.725500 0.353225 0.724000 0.353557 0.723250 0.353225 0.723250 0.352560 0.722250 0.352560 0.721000 0.352227 0.720500 0.351895 0.717500 0.350399 0.711250 0.349734 0.706500 0.348903 0.705000 0.347739 0.700750 0.346243 0.698000 0.346077 0.696750 0.345246 0.695500 0.345412 0.695000 0.344747 0.693500 0.344747 0.692500 0.343916 0.692250 0.343418 0.691250 0.342919 0.687500 0.342254 0.686000 0.342753 0.685250 0.342088 0.682500 0.340924 0.682250 0.340758 0.681500 0.340259 0.681250
0 0.976729 0.662000 0.975898 0.662000 0.975066 0.664000 0.971243 0.668750 0.967088 0.679500 0.964927 0.682750 0.964428 0.685000 0.961436 0.690500 0.958777 0.700750 0.955120 0.706750 0.948637 0.726000 0.947307 0.728000 0.943484 0.738000 0.944481 0.738250 0.947972 0.730000 0.949136 0.728000 0.950133 0.727500 0.951629 0.725500 0.954621 0.718250 0.956616 0.715500 0.959441 0.713250 0.961935 0.707500 0.968251 0.699500 0.969581 0.693000 0.970578 0.690500 0.970412 0.689750 0.971576 0.687000 0.971410 0.686000 0.971908 0.685500 0.971742 0.683500 0.972241 0.682750 0.972407 0.680500 0.973238 0.679000 0.973737 0.675750 0.974900 0.673000 0.975233 0.670000 0.976562 0.666500 0.976729 0.664250 0.977227 0.663500
0 0.445811 0.658500 0.445977 0.661000 0.447806 0.663250 0.448969 0.666500 0.450465 0.666500 0.451629 0.668750 0.452460 0.669000 0.453790 0.671250 0.455452 0.672500 0.458278 0.677750 0.460106 0.682750 0.464096 0.689250 0.464927 0.691500 0.465426 0.696000 0.466257 0.698500 0.467088 0.699000 0.470412 0.710500 0.472573 0.713250 0.473570 0.716000 0.475233 0.730000 0.476230 0.734500 0.477227 0.736500 0.478059 0.736500 0.477892 0.732750 0.475399 0.720750 0.475233 0.715250 0.474069 0.712000 0.473072 0.705250 0.472074 0.701250 0.469415 0.696250 0.468916 0.693000 0.468418 0.692250 0.468251 0.689500 0.466755 0.686250 0.464761 0.678250 0.463098 0.675750 0.458278 0.670750 0.455286 0.665500 0.453125 0.663250 0.449468 0.660750 0.448138 0.658750
0 0.348404 0.646000 0.347739 0.646750 0.348072 0.648750 0.347906 0.649000 0.347241 0.648750 0.346908 0.649250 0.349235 0.656250 0.350233 0.661250 0.351396 0.664750 0.352227 0.671000 0.354887 0.677000 0.355386 0.680500 0.355884 0.681750 0.356051 0.685000 0.356383 0.685750 0.356549 0.690750 0.357048 0.693500 0.357048 0.695250 0.357713 0.695750 0.358211 0.695250 0.358211 0.692750 0.357879 0.691500 0.358045 0.690750 0.357879 0.685000 0.357547 0.684250 0.357380 0.681750 0.357547 0.677500 0.356715 0.676250 0.356882 0.675000 0.356383 0.674250 0.356549 0.674000 0.355718 0.673000 0.355386 0.672000 0.355552 0.670750 0.354887 0.669250 0.354222 0.666500 0.354222 0.665500 0.353059 0.663250 0.352726 0.660750 0.351729 0.658250 0.351895 0.656750 0.351230 0.655750 0.349734 0.647000 0.349235 0.646250
0 0.449967 0.639500 0.449967 0.640000 0.450632 0.640250 0.451297 0.641000 0.452460 0.641500 0.454621 0.643500 0.455618 0.645000 0.455785 0.645750 0.457447 0.647750 0.457613 0.648500 0.457945 0.649000 0.458444 0.649250 0.459608 0.649000 0.461769 0.652000 0.461769 0.652500 0.462932 0.653000 0.463763 0.654250 0.463930 0.655000 0.464594 0.655250 0.464927 0.655750 0.467420 0.657500 0.467753 0.658000 0.468418 0.658250 0.469249 0.659250 0.469914 0.659250 0.470246 0.658750 0.470246 0.658250 0.469747 0.657250 0.469914 0.656500 0.469249 0.655500 0.469249 0.654750 0.468584 0.653750 0.468085 0.653500 0.467420 0.652250 0.466922 0.652000 0.465924 0.650500 0.464428 0.647500 0.464594 0.647000 0.463763 0.645750 0.463597 0.645000 0.461769 0.642250 0.461602 0.641500 0.460439 0.640000 0.457447 0.639000 0.457281 0.638750 0.456283 0.638750 0.455452 0.638250 0.454787 0.638250 0.453790 0.637500 0.452460 0.637750 0.451961 0.638250 0.450632 0.638750
0 0.369515 0.635250 0.367852 0.635500 0.367021 0.636250 0.365525 0.640250 0.365027 0.644000 0.363697 0.648000 0.361203 0.652000 0.361037 0.653500 0.360372 0.655250 0.360539 0.656250 0.358544 0.661750 0.358710 0.662250 0.358045 0.664000 0.358045 0.664750 0.357380 0.666750 0.357380 0.667750 0.356715 0.670750 0.356715 0.671750 0.357380 0.672500 0.358045 0.672750 0.358876 0.672000 0.359043 0.670500 0.359541 0.670000 0.359375 0.669500 0.359874 0.669000 0.359707 0.668000 0.360206 0.667000 0.360372 0.665500 0.361203 0.664250 0.361037 0.663500 0.361536 0.663000 0.361868 0.662250 0.361702 0.662000 0.362201 0.661000 0.362866 0.660250 0.362699 0.660000 0.363032 0.659500 0.363032 0.659000 0.363697 0.658000 0.363863 0.657250 0.364694 0.656000 0.364694 0.655500 0.365027 0.655000 0.365027 0.653000 0.365858 0.651750 0.365691 0.651500 0.366190 0.650750 0.366190 0.650000 0.366523 0.649500 0.366523 0.649000 0.366855 0.648500 0.366855 0.648000 0.367188 0.647500 0.367188 0.647000 0.367852 0.645250 0.368019 0.643500 0.367686 0.643000 0.368185 0.642500 0.368185 0.641750 0.368850 0.641250 0.369182 0.640000 0.369016 0.639250 0.369182 0.638500 0.370346 0.637250
0 0.852227 0.613250 0.852227 0.613500 0.852394 0.613750 0.852726 0.613750 0.852892 0.613500 0.853059 0.613500 0.853059 0.613250 0.852892 0.613000 0.852560 0.613000 0.852394 0.613250
0 0.386469 0.589250 0.385306 0.589250 0.384641 0.589750 0.384475 0.591000 0.384142 0.591500 0.382979 0.596000 0.382979 0.596750 0.382480 0.597500 0.381981 0.599750 0.380319 0.603000 0.378324 0.609000 0.376164 0.612500 0.376164 0.613250 0.375166 0.616000 0.374501 0.619750 0.373836 0.621500 0.373504 0.624250 0.372839 0.626000 0.372839 0.628250 0.372340 0.629250 0.371842 0.631750 0.370512 0.634250 0.370678 0.634750 0.371676 0.634750 0.372340 0.633750 0.373504 0.633750 0.374003 0.633000 0.375000 0.629000 0.375000 0.628000 0.376330 0.624500 0.376330 0.623250 0.377327 0.621000 0.377660 0.619000 0.378657 0.616000 0.379488 0.615250 0.379654 0.614500 0.380652 0.613000 0.380652 0.612250 0.381316 0.611500 0.381316 0.610500 0.382480 0.607750 0.382480 0.606000 0.383145 0.604500 0.383145 0.603000 0.383477 0.602500 0.383477 0.601500 0.384475 0.598500 0.385306 0.597500 0.384973 0.596750 0.385472 0.595500 0.385472 0.594500 0.385805 0.594000 0.385638 0.593500 0.386303 0.592000 0.386303 0.590500 0.386636 0.589500
0 0.301197 0.585250 0.300366 0.586250 0.300698 0.588000 0.301197 0.589000 0.302360 0.590000 0.305186 0.597750 0.308012 0.603500 0.307846 0.604000 0.308511 0.604750 0.309342 0.607500 0.310007 0.608500 0.309840 0.609000 0.311004 0.610000 0.311835 0.612500 0.312832 0.614000 0.313830 0.617250 0.314495 0.621500 0.314993 0.622000 0.314827 0.623000 0.315658 0.624500 0.315492 0.625500 0.316988 0.628000 0.317985 0.631000 0.317985 0.632000 0.319149 0.633750 0.320811 0.638000 0.321975 0.638750 0.322141 0.640250 0.322806 0.640750 0.323305 0.642000 0.323305 0.643500 0.324136 0.643500 0.324136 0.641750 0.322307 0.634250 0.321310 0.628000 0.317653 0.621000 0.315824 0.614250 0.311336 0.604750 0.310007 0.601000 0.308344 0.598000 0.306516 0.591250 0.305685 0.589250 0.303191 0.587250 0.302194 0.585250
0 0.512965 0.582500 0.511469 0.582500 0.508810 0.583500 0.507646 0.585000 0.507480 0.586000 0.504322 0.591000 0.502660 0.594750 0.500166 0.605500 0.500499 0.606250 0.500499 0.608750 0.500166 0.609500 0.500166 0.611500 0.499834 0.612500 0.500166 0.613000 0.500166 0.616750 0.500499 0.617500 0.500499 0.619750 0.500997 0.620750 0.500831 0.621250 0.501164 0.622000 0.501496 0.625750 0.503324 0.629000 0.503158 0.629250 0.504654 0.633250 0.504488 0.634000 0.504820 0.634500 0.505319 0.638250 0.506649 0.638000 0.506649 0.636250 0.506316 0.635250 0.506316 0.631750 0.505984 0.631000 0.505984 0.621500 0.506316 0.621000 0.506316 0.618500 0.507646 0.614750 0.507812 0.612250 0.508311 0.611500 0.508644 0.608500 0.509309 0.607000 0.509641 0.604500 0.510306 0.603000 0.511469 0.596000 0.512134 0.594000 0.512633 0.593500 0.512633 0.592500 0.512965 0.592000 0.512799 0.590500 0.513464 0.588250 0.513298 0.586000 0.513630 0.585000 0.514295 0.584500 0.513630 0.583750 0.513630 0.583000
0 0.022606 0.486750 0.021277 0.489000 0.021277 0.494000 0.019947 0.502500 0.020279 0.511750 0.019448 0.520250 0.017453 0.521500 0.015293 0.532000 0.011968 0.535250 0.008976 0.540250 0.006815 0.549250 0.006981 0.564500 0.005153 0.575250 0.005485 0.597250 0.007646 0.605750 0.008477 0.625750 0.009475 0.629750 0.013464 0.636000 0.015791 0.636750 0.016955 0.631000 0.017952 0.619500 0.017952 0.597500 0.020279 0.585500 0.020113 0.560000 0.019448 0.554000 0.020445 0.546500 0.020778 0.528500 0.022274 0.518000 0.021941 0.507250 0.022440 0.506250 0.021941 0.505000 0.023105 0.487000
0 0.001828 0.481250 0.001496 0.481500 0.001496 0.483500 0.000831 0.484250 0.001164 0.485000 0.001164 0.486500 0.001496 0.487750 0.001330 0.489000 0.001828 0.493750 0.001828 0.499750 0.002327 0.502500 0.002327 0.507750 0.002660 0.508500 0.002660 0.511250 0.003324 0.513750 0.003158 0.514000 0.004322 0.517750 0.004156 0.520500 0.004987 0.523500 0.004987 0.527500 0.005319 0.528000 0.005319 0.536750 0.006649 0.537250 0.006981 0.537000 0.006981 0.536000 0.007314 0.535500 0.007314 0.530250 0.006981 0.529750 0.006981 0.522000 0.006649 0.521500 0.006316 0.519750 0.006316 0.515000 0.005984 0.514500 0.005984 0.513500 0.005485 0.512750 0.005485 0.506500 0.005153 0.506000 0.005153 0.504000 0.004820 0.503000 0.004987 0.500250 0.004488 0.498000 0.004654 0.485250 0.004488 0.483500 0.004156 0.483000 0.003158 0.482750 0.002826 0.481500
0 0.825964 0.477250 0.825299 0.479000 0.824302 0.499000 0.824634 0.507250 0.823803 0.519750 0.823969 0.538500 0.824468 0.539500 0.824302 0.542500 0.824801 0.543750 0.826130 0.557250 0.827626 0.562500 0.828624 0.572750 0.829787 0.575750 0.829621 0.577000 0.830618 0.580500 0.830951 0.584750 0.831616 0.586500 0.832945 0.586750 0.833112 0.585500 0.832114 0.581500 0.832114 0.573000 0.833777 0.553500 0.833777 0.537750 0.832779 0.530750 0.833444 0.515750 0.832779 0.508000 0.832281 0.507000 0.832447 0.503250 0.831117 0.494500 0.831117 0.488000 0.826961 0.477250
0 0.469914 0.459750 0.468584 0.459000 0.467586 0.459000 0.463098 0.460500 0.461769 0.464000 0.459275 0.468500 0.458444 0.470750 0.454455 0.476500 0.451463 0.483250 0.449967 0.488000 0.449468 0.492250 0.448969 0.493750 0.448138 0.494750 0.448305 0.495250 0.446310 0.500750 0.446476 0.501750 0.447806 0.501750 0.448138 0.500750 0.449468 0.500750 0.450465 0.499500 0.450798 0.496500 0.451463 0.495000 0.452128 0.492250 0.451961 0.491750 0.452460 0.491000 0.452460 0.490000 0.452793 0.489500 0.452626 0.488500 0.453457 0.486750 0.453291 0.486500 0.453956 0.485750 0.453956 0.485000 0.454621 0.484250 0.454953 0.482750 0.456948 0.481250 0.458112 0.479500 0.458112 0.478750 0.459441 0.476500 0.459940 0.475000 0.462766 0.471250 0.463930 0.470750 0.464927 0.469250 0.466589 0.468750 0.467753 0.467000 0.467753 0.466500 0.468418 0.465500 0.468418 0.464500 0.468750 0.464000 0.469082 0.462000 0.470080 0.460250
0 0.400100 0.457750 0.399767 0.457750 0.399269 0.458250 0.399269 0.459000 0.398936 0.459500 0.398936 0.472750 0.399102 0.473000 0.399102 0.475000 0.398936 0.475250 0.398936 0.480750 0.398604 0.481250 0.398604 0.483000 0.398936 0.483250 0.399934 0.483250 0.400100 0.483000 0.400432 0.483000 0.400432 0.480750 0.400765 0.480000 0.400765 0.477500 0.401097 0.477000 0.401097 0.475000 0.401430 0.474500 0.401430 0.469750 0.401097 0.469250 0.401097 0.461750 0.400765 0.461000 0.400765 0.458750 0.400432 0.458250 0.400432 0.458000
0 0.017786 0.453500 0.016456 0.453750 0.014461 0.456500 0.013464 0.457000 0.011636 0.457000 0.011137 0.457250 0.010306 0.458500 0.009641 0.459000 0.009309 0.461000 0.008976 0.461750 0.009142 0.462500 0.008976 0.463750 0.009475 0.465250 0.009309 0.466500 0.009973 0.468250 0.009973 0.469750 0.010306 0.470500 0.010306 0.471500 0.010638 0.472000 0.010638 0.473000 0.010971 0.473500 0.010971 0.474500 0.013630 0.481500 0.013630 0.483500 0.013963 0.484000 0.013963 0.485000 0.014628 0.486500 0.014628 0.488000 0.015625 0.489250 0.016290 0.489250 0.016955 0.488750 0.017786 0.487000 0.017786 0.486000 0.018118 0.485500 0.018118 0.483500 0.018451 0.483000 0.018451 0.481000 0.018783 0.480500 0.018783 0.479000 0.019116 0.478500 0.019781 0.476000 0.020778 0.474500 0.020778 0.474000 0.022108 0.471500 0.022108 0.470500 0.022440 0.470000 0.022440 0.468000 0.022773 0.467500 0.022773 0.463000 0.022440 0.462500 0.022108 0.461000 0.021110 0.459000 0.021110 0.458500 0.020445 0.457500 0.020279 0.456750 0.018451 0.454000
0 0.121177 0.427250 0.120678 0.427250 0.120180 0.427750 0.119681 0.429750 0.119016 0.431000 0.118517 0.432500 0.118517 0.433250 0.118185 0.434000 0.118185 0.434750 0.117852 0.435500 0.117852 0.436000 0.117520 0.436500 0.117520 0.437500 0.117188 0.438000 0.117188 0.438500 0.117354 0.438750 0.117021 0.439250 0.116855 0.440000 0.116523 0.440500 0.116190 0.441500 0.116190 0.442500 0.115858 0.443000 0.115858 0.443750 0.115525 0.444500 0.115525 0.445500 0.115193 0.446000 0.115193 0.447000 0.114860 0.447750 0.114860 0.450500 0.114528 0.451000 0.114528 0.451500 0.115193 0.453500 0.115858 0.454000 0.116855 0.453750 0.117188 0.452750 0.118019 0.452250 0.118850 0.451000 0.118850 0.450500 0.118684 0.450250 0.119182 0.449500 0.119182 0.449000 0.119016 0.448750 0.119182 0.448250 0.119515 0.448000 0.119348 0.446750 0.119515 0.446500 0.119515 0.445000 0.119847 0.444500 0.119847 0.444000 0.119681 0.443750 0.119847 0.443500 0.119681 0.443250 0.120180 0.442500 0.120013 0.441500 0.120180 0.441250 0.120180 0.439750 0.120678 0.439000 0.120512 0.438500 0.120678 0.438000 0.120512 0.437750 0.120512 0.436500 0.120844 0.435500 0.121177 0.430750 0.121343 0.430500 0.121343 0.429750 0.121842 0.428500 0.121842 0.428000
0 0.000166 0.424500 0.000000 0.424750 0.000000 0.426000 0.000332 0.426750 0.000332 0.427500 0.000000 0.428000 0.000000 0.433500 0.000332 0.434500 0.000332 0.435500 0.000499 0.435750 0.000665 0.437000 0.000997 0.437750 0.000997 0.438250 0.001662 0.440250 0.001828 0.441500 0.002327 0.442750 0.002493 0.444250 0.002992 0.445750 0.003324 0.446250 0.003324 0.447000 0.003823 0.448000 0.004654 0.448000 0.005652 0.448750 0.006316 0.448250 0.006649 0.448250 0.006815 0.448500 0.007812 0.448500 0.008311 0.448000 0.008311 0.447250 0.007979 0.446500 0.007812 0.445250 0.007480 0.444500 0.007480 0.444000 0.006981 0.442750 0.006316 0.442500 0.005652 0.441500 0.005652 0.441250 0.004820 0.440000 0.004488 0.439750 0.004488 0.439250 0.004156 0.438250 0.004156 0.437500 0.003989 0.437250 0.003989 0.436750 0.003657 0.435750 0.003491 0.434000 0.003158 0.433000 0.003158 0.432250 0.002992 0.432000 0.003158 0.431250 0.002992 0.431000 0.002826 0.429750 0.002493 0.429000 0.002493 0.428250 0.001662 0.427250 0.001662 0.426250 0.001164 0.424750 0.000997 0.424500
0 0.014129 0.405750 0.013630 0.406750 0.012799 0.406750 0.011636 0.407500 0.011303 0.408000 0.011303 0.409500 0.010140 0.410000 0.009973 0.414250 0.010306 0.414750 0.010306 0.416250 0.010971 0.417500 0.012467 0.428500 0.012467 0.430500 0.013298 0.433500 0.014628 0.440500 0.014960 0.441000 0.015293 0.443250 0.015293 0.445250 0.015957 0.446250 0.016124 0.447000 0.016955 0.447000 0.016955 0.446000 0.017453 0.445250 0.017453 0.444000 0.018118 0.442000 0.018118 0.439000 0.017786 0.438000 0.017786 0.434500 0.017453 0.433250 0.017453 0.429250 0.017287 0.429000 0.017620 0.428500 0.019781 0.432250 0.020445 0.432750 0.022108 0.431750 0.022274 0.429250 0.021941 0.429250 0.021277 0.427750 0.020612 0.424500 0.019614 0.422000 0.019614 0.421250 0.018949 0.420000 0.018949 0.418250 0.018617 0.417750 0.018451 0.416000 0.017786 0.415000 0.017453 0.413000 0.016290 0.410500 0.015791 0.407000 0.015126 0.406000
0 0.686170 0.398500 0.685007 0.399250 0.683511 0.401250 0.682347 0.404750 0.682347 0.405500 0.681682 0.407250 0.681682 0.408500 0.681017 0.410000 0.680519 0.413000 0.680186 0.420000 0.680851 0.421000 0.682347 0.426000 0.682347 0.427250 0.682680 0.428000 0.683012 0.431000 0.683511 0.432500 0.683677 0.434750 0.684009 0.435500 0.684009 0.436250 0.684508 0.437250 0.684508 0.438500 0.685007 0.439500 0.685672 0.442250 0.687001 0.442250 0.687168 0.440500 0.687500 0.440000 0.687500 0.439000 0.688165 0.437500 0.688165 0.436500 0.689495 0.433000 0.689495 0.431000 0.689827 0.430500 0.689827 0.428000 0.690160 0.427500 0.690160 0.425000 0.690492 0.424500 0.690492 0.423000 0.690824 0.422500 0.690658 0.420500 0.691157 0.420000 0.690991 0.419500 0.690991 0.416000 0.691656 0.414500 0.691656 0.413500 0.691988 0.413000 0.691988 0.412500 0.693318 0.410000 0.693318 0.409000 0.693650 0.408250 0.692320 0.406000 0.691489 0.403750 0.689661 0.400250 0.688331 0.398750
0 0.707613 0.377750 0.707945 0.378500 0.707613 0.379000 0.710605 0.379750 0.714594 0.382750 0.717420 0.388250 0.721742 0.392750 0.723072 0.395250 0.725066 0.401000 0.729388 0.406750 0.730386 0.409000 0.730552 0.412000 0.731549 0.412750 0.732713 0.415500 0.736203 0.421000 0.741356 0.433250 0.742021 0.434250 0.743517 0.434500 0.747174 0.438750 0.748172 0.438500 0.748172 0.437000 0.747507 0.435000 0.741855 0.426500 0.736370 0.415250 0.733211 0.405750 0.731051 0.403250 0.727061 0.394250 0.721742 0.385750 0.719581 0.381250 0.715758 0.378250 0.714262 0.378500 0.710938 0.377500
0 0.696809 0.366250 0.696642 0.365750 0.695645 0.365000 0.694814 0.365000 0.694481 0.364250 0.694149 0.364000 0.693484 0.364000 0.692819 0.364500 0.691822 0.364500 0.691323 0.365000 0.690824 0.365000 0.690160 0.365500 0.689495 0.365500 0.686835 0.367000 0.686336 0.367000 0.685838 0.367500 0.684674 0.367500 0.684009 0.368000 0.682846 0.368000 0.682347 0.368500 0.681682 0.368500 0.681350 0.369000 0.681017 0.369000 0.679355 0.371000 0.679023 0.371000 0.678025 0.372000 0.677360 0.372000 0.676695 0.372500 0.676363 0.373500 0.675864 0.373500 0.675532 0.374000 0.675033 0.374000 0.674036 0.374500 0.673870 0.375000 0.674036 0.375250 0.675199 0.375250 0.675864 0.374750 0.678191 0.374750 0.678358 0.374500 0.679189 0.374500 0.679355 0.374250 0.680020 0.374250 0.680186 0.374000 0.681350 0.373750 0.682347 0.373000 0.682846 0.372250 0.683178 0.372250 0.683511 0.371750 0.684009 0.371750 0.684840 0.370750 0.685672 0.370750 0.686503 0.370250 0.687666 0.370250 0.687999 0.369750 0.688664 0.369750 0.689328 0.369250 0.690160 0.369250 0.690658 0.368750 0.692154 0.368750 0.693650 0.367750 0.694315 0.367750 0.695146 0.367250 0.696310 0.367250
0 0.195811 0.356250 0.194648 0.356500 0.194814 0.357500 0.194149 0.359250 0.194149 0.360000 0.193318 0.362750 0.193318 0.363750 0.192653 0.365750 0.192653 0.368000 0.192320 0.368750 0.191988 0.372000 0.191157 0.374250 0.191157 0.376500 0.190824 0.377250 0.190991 0.377500 0.190824 0.387750 0.191489 0.389750 0.191489 0.394250 0.192154 0.395250 0.192320 0.397500 0.192154 0.401500 0.191822 0.403500 0.191988 0.404750 0.191822 0.406000 0.191489 0.406500 0.191489 0.407500 0.191988 0.407750 0.193816 0.407000 0.193983 0.404500 0.194481 0.403500 0.194481 0.401000 0.194814 0.400500 0.194814 0.385750 0.194315 0.383750 0.194481 0.383500 0.194315 0.383250 0.194315 0.379000 0.194648 0.378500 0.194648 0.375000 0.195146 0.374500 0.195146 0.371500 0.195479 0.371000 0.195479 0.369000 0.195811 0.368500 0.195977 0.365750 0.195811 0.365500 0.196144 0.365000 0.195977 0.362500 0.196476 0.361000 0.196310 0.359250 0.196476 0.357500 0.196144 0.356500
0 0.583444 0.338750 0.583278 0.342500 0.582447 0.342750 0.582281 0.346000 0.582945 0.350000 0.582945 0.356000 0.584275 0.361750 0.584608 0.366750 0.585106 0.367750 0.585106 0.371500 0.586270 0.377500 0.588265 0.392000 0.587932 0.393000 0.588265 0.397250 0.589096 0.400000 0.589594 0.404750 0.591090 0.405500 0.591922 0.409500 0.593251 0.410750 0.593916 0.410250 0.593418 0.409250 0.593584 0.407500 0.593085 0.406500 0.593251 0.404000 0.592753 0.402750 0.592919 0.400750 0.592420 0.399750 0.592586 0.398500 0.592088 0.397750 0.592254 0.397000 0.591755 0.396250 0.591922 0.395500 0.591257 0.393500 0.591257 0.387000 0.589927 0.383000 0.589096 0.377500 0.589262 0.373500 0.588431 0.370000 0.588265 0.365500 0.587932 0.363500 0.587600 0.363250 0.587600 0.359500 0.587101 0.358750 0.587267 0.357000 0.586769 0.356250 0.586935 0.351500 0.586602 0.351000 0.586602 0.347500 0.585605 0.341750 0.585771 0.340750 0.585439 0.339500
0 0.510140 0.338750 0.509807 0.339250 0.509807 0.339500 0.509973 0.339750 0.509973 0.343250 0.510306 0.344000 0.510306 0.344250 0.510140 0.344500 0.510140 0.346000 0.510306 0.346250 0.510306 0.349000 0.510638 0.349500 0.510638 0.353250 0.510971 0.353750 0.510971 0.354500 0.511137 0.354500 0.511469 0.355000 0.511303 0.355250 0.511303 0.355500 0.511802 0.355750 0.512134 0.356250 0.512965 0.356250 0.513298 0.355750 0.513298 0.355500 0.513132 0.355250 0.513132 0.353500 0.513630 0.353000 0.513630 0.348000 0.513298 0.347500 0.513298 0.345750 0.513132 0.345500 0.513132 0.345000 0.512965 0.344750 0.512965 0.343000 0.512633 0.342500 0.512633 0.341000 0.512301 0.340500 0.512301 0.339500 0.511968 0.339000 0.511802 0.339000 0.511636 0.338750
0 0.011137 0.326250 0.010306 0.326250 0.010140 0.326500 0.010140 0.327000 0.009807 0.328000 0.009807 0.328750 0.009142 0.330750 0.009142 0.331750 0.008976 0.332000 0.008976 0.332750 0.008810 0.333000 0.008810 0.333750 0.008644 0.334000 0.008644 0.335000 0.008477 0.335250 0.008311 0.336750 0.008145 0.337000 0.008145 0.337500 0.008311 0.337750 0.008311 0.338250 0.008145 0.338500 0.008311 0.339000 0.007979 0.339500 0.007812 0.343000 0.007646 0.343250 0.007646 0.345750 0.007480 0.346000 0.007480 0.346750 0.007314 0.347000 0.007314 0.352500 0.007646 0.352500 0.007812 0.352750 0.008311 0.352500 0.008644 0.352000 0.008976 0.352500 0.009309 0.352500 0.009475 0.352750 0.010140 0.352500 0.010472 0.352000 0.010472 0.347750 0.010140 0.347250 0.010140 0.344000 0.010306 0.343750 0.010306 0.343000 0.010472 0.342750 0.010472 0.338000 0.010805 0.337500 0.010805 0.332250 0.010971 0.332000 0.010971 0.330500 0.011303 0.329750 0.011303 0.328750 0.011636 0.328000 0.011636 0.326750
0 0.556350 0.320250 0.553524 0.320750 0.549867 0.325000 0.542886 0.328750 0.534907 0.339500 0.531250 0.346000 0.525931 0.349000 0.519282 0.356750 0.515957 0.364750 0.512301 0.370750 0.507979 0.379750 0.506483 0.386250 0.502660 0.395000 0.501330 0.403500 0.502161 0.403750 0.505153 0.401250 0.513132 0.379750 0.516955 0.374250 0.520113 0.365750 0.524435 0.360250 0.527261 0.354000 0.531084 0.349250 0.533743 0.348000 0.536569 0.342750 0.542886 0.338000 0.547041 0.331250 0.550532 0.329250 0.553358 0.324750 0.556184 0.322500 0.555685 0.321500
0 0.727892 0.308500 0.727726 0.308500 0.727560 0.308250 0.726729 0.308250 0.726562 0.308500 0.726396 0.308500 0.726064 0.309000 0.726064 0.309250 0.724568 0.311500 0.724568 0.312000 0.724402 0.312250 0.724402 0.312750 0.723903 0.313500 0.723737 0.313500 0.723737 0.313750 0.723404 0.314250 0.723404 0.315000 0.723072 0.315500 0.723072 0.315750 0.722739 0.316250 0.722739 0.316500 0.722407 0.317250 0.722407 0.318250 0.722074 0.319000 0.722074 0.321000 0.722241 0.321250 0.723570 0.321250 0.723737 0.321000 0.723737 0.320500 0.723903 0.320250 0.724235 0.320250 0.724568 0.319750 0.724900 0.319750 0.725066 0.319500 0.725066 0.319000 0.725399 0.318500 0.725399 0.318000 0.725731 0.317500 0.725731 0.317000 0.725898 0.316750 0.726230 0.316750 0.726396 0.316500 0.726396 0.316000 0.726729 0.315500 0.726729 0.315250 0.727394 0.314250 0.727560 0.314250 0.727892 0.313750 0.728059 0.313750 0.728225 0.313500 0.728225 0.313250 0.728059 0.313000 0.727726 0.313000 0.727560 0.312750 0.728225 0.311750 0.728557 0.311750 0.728723 0.311500 0.728723 0.311250 0.728391 0.310500 0.728557 0.310250 0.728557 0.310000 0.728391 0.309750 0.727892 0.309750 0.727726 0.309500 0.728059 0.309000 0.728059 0.308750
0 0.495013 0.272000 0.494515 0.272750 0.494681 0.273000 0.494681 0.278750 0.495180 0.280750 0.495180 0.282250 0.495844 0.283750 0.495844 0.284500 0.496177 0.285250 0.496177 0.289750 0.496509 0.290250 0.496509 0.292750 0.497340 0.295000 0.497507 0.296750 0.498172 0.298250 0.498172 0.299250 0.498836 0.300000 0.499169 0.302000 0.499834 0.303500 0.500000 0.305250 0.500997 0.307000 0.501164 0.307750 0.504488 0.312750 0.505319 0.315000 0.505818 0.315250 0.506483 0.315000 0.506483 0.314000 0.506815 0.313500 0.506815 0.313000 0.507314 0.312500 0.507314 0.312000 0.507812 0.311250 0.508311 0.311000 0.508311 0.309250 0.508477 0.309000 0.508311 0.308000 0.507812 0.307250 0.507314 0.305500 0.506649 0.304500 0.506649 0.303500 0.505984 0.302500 0.505984 0.301750 0.505485 0.300250 0.502992 0.296500 0.502992 0.296000 0.502493 0.295250 0.502493 0.294250 0.501995 0.293000 0.501995 0.291750 0.501662 0.291000 0.501662 0.290000 0.501330 0.289500 0.500997 0.287250 0.499834 0.285250 0.500000 0.284500 0.499668 0.284000 0.499668 0.283500 0.499335 0.283000 0.499335 0.282000 0.498670 0.280500 0.498670 0.278000 0.498338 0.277500 0.498338 0.276250 0.497673 0.274000 0.496509 0.272250
0 0.651097 0.175750 0.650598 0.176250 0.650432 0.177500 0.649934 0.178500 0.649767 0.179500 0.649934 0.180250 0.649435 0.181250 0.649601 0.181750 0.648936 0.185250 0.648936 0.187000 0.648105 0.189500 0.647773 0.193250 0.647440 0.194000 0.647440 0.198000 0.647108 0.198750 0.646941 0.203750 0.646609 0.204750 0.646609 0.207750 0.647108 0.208750 0.646775 0.213750 0.647440 0.214500 0.647274 0.216500 0.648105 0.219000 0.648604 0.226000 0.649601 0.228250 0.650100 0.228750 0.650931 0.228750 0.651263 0.228250 0.651263 0.227000 0.650931 0.226500 0.650931 0.218750 0.650598 0.217750 0.650598 0.211500 0.650931 0.211000 0.650931 0.197500 0.650598 0.197000 0.650598 0.188500 0.650765 0.186000 0.651097 0.185500 0.651097 0.181000 0.651430 0.180500 0.651430 0.178500 0.651762 0.178250 0.651762 0.177250 0.652094 0.176750 0.652094 0.176000
0 0.851230 0.170500 0.851064 0.171750 0.852892 0.180750 0.853225 0.186000 0.855552 0.193250 0.858378 0.205250 0.859874 0.224500 0.863032 0.243000 0.864362 0.243250 0.865193 0.245000 0.866855 0.256000 0.866855 0.259500 0.870346 0.275250 0.872839 0.279000 0.873670 0.279000 0.873338 0.277000 0.873836 0.276250 0.872174 0.270250 0.871842 0.261500 0.871343 0.260000 0.871011 0.253750 0.870013 0.249500 0.869681 0.242250 0.868684 0.237250 0.868185 0.230500 0.862201 0.211250 0.856715 0.181500 0.855884 0.180000 0.855053 0.175750 0.853059 0.173750 0.852061 0.170500
0 0.564162 0.135500 0.563830 0.137000 0.564661 0.138500 0.564495 0.139000 0.566988 0.142500 0.570146 0.154250 0.570811 0.154750 0.571809 0.156750 0.572972 0.161000 0.575632 0.166000 0.576629 0.167250 0.578790 0.174000 0.579455 0.175000 0.579621 0.176000 0.579289 0.176500 0.584109 0.179750 0.585771 0.182500 0.586270 0.184500 0.588265 0.188750 0.588763 0.189250 0.589594 0.188750 0.588763 0.186250 0.588930 0.185000 0.587766 0.180750 0.585771 0.177750 0.582945 0.174750 0.581449 0.172500 0.580286 0.168750 0.576961 0.162250 0.575133 0.157250 0.572806 0.152750 0.570811 0.146500 0.570811 0.145250 0.569814 0.141250 0.568318 0.138250 0.566822 0.136250 0.565326 0.135250
0 0.126496 0.112750 0.125831 0.114750 0.127161 0.125250 0.127992 0.128500 0.129156 0.130500 0.130319 0.137250 0.132314 0.142750 0.132979 0.150000 0.134641 0.154750 0.135638 0.162000 0.138963 0.170500 0.140126 0.177250 0.140957 0.178500 0.141456 0.187000 0.143285 0.192500 0.144282 0.200000 0.145944 0.205500 0.146443 0.214250 0.147606 0.217000 0.148105 0.221250 0.149269 0.221750 0.149269 0.217000 0.149934 0.215750 0.146941 0.202000 0.144282 0.181000 0.140791 0.171000 0.140625 0.169000 0.139960 0.168250 0.138132 0.158750 0.137965 0.154000 0.136802 0.152250 0.136636 0.150500 0.137301 0.149500 0.136137 0.143500 0.133477 0.134750 0.132812 0.130500 0.131649 0.128000 0.129654 0.117250 0.128324 0.113000
0 0.531749 0.088500 0.532081 0.089250 0.531250 0.089750 0.531582 0.090750 0.533577 0.093500 0.534408 0.094000 0.536735 0.097500 0.537733 0.099750 0.540392 0.103750 0.542719 0.106500 0.544880 0.109750 0.545545 0.110250 0.547374 0.113750 0.548205 0.114500 0.549202 0.116250 0.550033 0.116750 0.550366 0.117500 0.551197 0.118250 0.551695 0.118250 0.553025 0.119250 0.554521 0.121250 0.554521 0.122000 0.554854 0.122500 0.556017 0.123250 0.557181 0.124750 0.558511 0.124500 0.557513 0.122250 0.557015 0.120000 0.555020 0.117000 0.553191 0.115000 0.552028 0.113000 0.551031 0.112500 0.550698 0.112000 0.551031 0.111250 0.549867 0.111000 0.548537 0.109000 0.547706 0.107000 0.547041 0.106750 0.545878 0.105000 0.541888 0.100750 0.541722 0.100000 0.540226 0.097750 0.539062 0.094000 0.537899 0.091750 0.536403 0.090750 0.535073 0.089250 0.534076 0.089500 0.533577 0.088750 0.532580 0.088250
0 0.132148 0.000000 0.132979 0.004000 0.133644 0.005000 0.133976 0.009250 0.134973 0.012250 0.136636 0.023000 0.137965 0.027500 0.139129 0.036500 0.141124 0.044500 0.141124 0.050750 0.142121 0.056500 0.142453 0.067250 0.143783 0.078500 0.143451 0.088750 0.144116 0.091500 0.144116 0.098000 0.145279 0.098250 0.145944 0.097000 0.147274 0.087000 0.147274 0.067500 0.146941 0.067000 0.146609 0.044000 0.146110 0.043250 0.145612 0.038250 0.144282 0.033750 0.144282 0.030500 0.143118 0.026000 0.143285 0.023000 0.142121 0.022000 0.139461 0.006500 0.138630 0.004250 0.138630 0.003000 0.139295 0.002750 0.138298 0.002250 0.137799 0.000750
0 0.110705 0.000250 0.110372 0.002000 0.116356 0.029250 0.118185 0.042250 0.119016 0.058000 0.122839 0.094500 0.125000 0.094250 0.125332 0.096250 0.126995 0.098750 0.128657 0.099750 0.131981 0.104500 0.135805 0.116000 0.135638 0.118750 0.137134 0.121500 0.138630 0.121500 0.139628 0.109750 0.142620 0.115000 0.144116 0.119750 0.145279 0.120250 0.145612 0.118000 0.143783 0.109250 0.143949 0.106000 0.140459 0.093000 0.141124 0.090500 0.141124 0.083500 0.139960 0.076500 0.137467 0.067750 0.133477 0.058500 0.130485 0.043750 0.128158 0.038000 0.126662 0.029750 0.123670 0.023250 0.121343 0.013750 0.120013 0.002750 0.118684 0.000000 0.114528 0.000000 0.114362 0.001250 0.113697 0.000000 0.112699 0.000000 0.112367 0.001500