0 0.899269 0.975250 0.898770 0.977000 0.898936 0.979250 0.897773 0.981500 0.897108 0.984000 0.897274 0.985000 0.899435 0.985000 0.899767 0.984500 0.900266 0.984500 0.902261 0.986000 0.903258 0.986000 0.904588 0.987000 0.905585 0.987000 0.905751 0.987500 0.906582 0.987500 0.907414 0.988500 0.908577 0.988500 0.908910 0.989000 0.910572 0.989500 0.911569 0.990500 0.912400 0.990500 0.913231 0.991500 0.913564 0.991500 0.913730 0.992000 0.914229 0.992000 0.916556 0.995000 0.917553 0.995500 0.918717 0.997500 0.919215 0.997500 0.919880 0.998500 0.920213 0.998500 0.920379 0.999500 0.921044 0.999750 0.925864 0.999500 0.925864 0.997250 0.925366 0.996250 0.923703 0.995750 0.921044 0.993750 0.919880 0.991500 0.919880 0.991000 0.919382 0.990750 0.919215 0.990000 0.917387 0.987750 0.916888 0.987750 0.915392 0.986250 0.914727 0.986250 0.913065 0.985250 0.911735 0.983250 0.911403 0.983250 0.910738 0.982250 0.910073 0.982250 0.909907 0.981500 0.908245 0.979000 0.907247 0.978250 0.905918 0.976250 0.904255 0.975250 0.902926 0.973250 0.901097 0.973250
0 0.338763 0.971500 0.338431 0.971500 0.337766 0.972250 0.337766 0.972750 0.336935 0.974000 0.336602 0.975250 0.336104 0.976000 0.335771 0.977250 0.335439 0.977750 0.335439 0.978250 0.335106 0.979000 0.335106 0.979750 0.334940 0.980000 0.334774 0.981250 0.334441 0.982000 0.334441 0.982500 0.333444 0.984500 0.333112 0.985750 0.332447 0.986750 0.332447 0.987000 0.332281 0.987250 0.332281 0.987750 0.332114 0.988000 0.332114 0.989250 0.331782 0.990000 0.331782 0.991250 0.331948 0.991250 0.332114 0.991500 0.332447 0.991500 0.333278 0.990250 0.333278 0.989750 0.333444 0.989500 0.333444 0.988750 0.333610 0.988500 0.333610 0.988000 0.334109 0.987250 0.334109 0.986750 0.334608 0.985750 0.334940 0.984250 0.335106 0.984000 0.335273 0.984000 0.335273 0.983250 0.335439 0.983000 0.335439 0.982250 0.335605 0.982000 0.335605 0.981750 0.335771 0.981500 0.335771 0.981250 0.335938 0.981000 0.336602 0.978750 0.336935 0.978250 0.336935 0.978000 0.337101 0.977750 0.337101 0.977500 0.337267 0.977250 0.337932 0.975000 0.338265 0.974500 0.338763 0.974500 0.339262 0.973750 0.339262 0.973000 0.338930 0.973000 0.338763 0.972750 0.338763 0.972250 0.338930 0.972000 0.338930 0.971750
0 0.882979 0.965250 0.882979 0.966250 0.883311 0.966250 0.883644 0.966500 0.883810 0.967000 0.884142 0.967250 0.883976 0.967500 0.883976 0.968250 0.884142 0.968500 0.885971 0.968500 0.886469 0.969000 0.887965 0.969000 0.888298 0.969500 0.889129 0.969500 0.889628 0.970000 0.889960 0.970000 0.890625 0.970750 0.890625 0.971500 0.891124 0.971500 0.891290 0.971750 0.891290 0.973000 0.892453 0.973000 0.892952 0.974000 0.893451 0.974000 0.894116 0.973000 0.894448 0.973000 0.895113 0.972000 0.895445 0.972000 0.895778 0.971500 0.896110 0.971500 0.896277 0.971000 0.896775 0.971000 0.897606 0.969750 0.897606 0.969000 0.897440 0.968500 0.897108 0.968500 0.896443 0.967500 0.896277 0.967500 0.896110 0.967000 0.895778 0.967000 0.895445 0.966500 0.895113 0.966500 0.894448 0.965500 0.894116 0.965500 0.893783 0.965000 0.892287 0.965000 0.891290 0.964250 0.888797 0.964250 0.888630 0.964500 0.887467 0.964500 0.887301 0.964750 0.884973 0.964750 0.884807 0.965000 0.883311 0.965000
0 0.795545 0.963250 0.795379 0.964000 0.795711 0.965000 0.795213 0.965250 0.795047 0.966000 0.795213 0.966250 0.795213 0.968750 0.795545 0.969500 0.795379 0.969750 0.795545 0.970000 0.795545 0.971750 0.795878 0.972500 0.795878 0.974750 0.796210 0.975500 0.796376 0.977500 0.796875 0.979000 0.797041 0.981250 0.797207 0.981500 0.797374 0.983750 0.797706 0.985250 0.797706 0.986500 0.798537 0.989750 0.798537 0.990750 0.799036 0.993000 0.799036 0.994500 0.799368 0.995750 0.799535 0.999000 0.799701 0.999750 0.801529 0.999750 0.801197 0.998500 0.801197 0.997250 0.800864 0.996500 0.800864 0.995000 0.800532 0.994000 0.800532 0.991500 0.800199 0.990250 0.800199 0.988750 0.799867 0.987750 0.799867 0.986000 0.799535 0.985250 0.799535 0.983750 0.799202 0.982500 0.799202 0.979750 0.798537 0.977500 0.798537 0.976750 0.798039 0.975000 0.798039 0.973500 0.797207 0.970250 0.797207 0.968250 0.797041 0.967500 0.796709 0.967000 0.796543 0.964250 0.796376 0.963500
0 0.836104 0.939250 0.837101 0.941750 0.838597 0.942500 0.839761 0.943500 0.839594 0.944000 0.839761 0.945000 0.840093 0.945500 0.840758 0.945500 0.841090 0.946000 0.841755 0.946000 0.842254 0.946500 0.842753 0.946500 0.843085 0.947000 0.843916 0.947000 0.844249 0.947500 0.845246 0.947500 0.845412 0.948000 0.846077 0.948000 0.846410 0.948500 0.847241 0.948500 0.847407 0.949000 0.848737 0.949000 0.849069 0.949500 0.849900 0.949500 0.850233 0.950000 0.851230 0.950500 0.851895 0.951500 0.852227 0.951500 0.852394 0.952000 0.853225 0.952000 0.853391 0.952500 0.853890 0.952500 0.854222 0.953000 0.854887 0.953000 0.855219 0.953500 0.856217 0.953500 0.856383 0.953000 0.857713 0.953000 0.858045 0.952500 0.860040 0.952500 0.860372 0.952000 0.861868 0.952000 0.862201 0.951750 0.862035 0.950750 0.860372 0.950750 0.860206 0.950500 0.858710 0.950250 0.857879 0.949500 0.856715 0.949250 0.856217 0.948750 0.855386 0.948750 0.854721 0.948250 0.854388 0.948500 0.853391 0.947750 0.852227 0.947750 0.852061 0.948000 0.850898 0.947000 0.850565 0.947000 0.850233 0.946500 0.849734 0.946500 0.848570 0.945500 0.847739 0.945250 0.847241 0.944750 0.846742 0.944750 0.845578 0.943750 0.845080 0.943750 0.841922 0.941250 0.841090 0.941250 0.840426 0.940250 0.840093 0.940250 0.839262 0.939250 0.838597 0.939250 0.838265 0.938750 0.836270 0.938750
0 0.535239 0.913500 0.535073 0.917250 0.535406 0.917750 0.535406 0.921250 0.535073 0.922000 0.535073 0.922750 0.535738 0.924250 0.535904 0.925500 0.537234 0.928000 0.537400 0.929250 0.538065 0.930750 0.538398 0.933500 0.541057 0.941250 0.542055 0.946500 0.542886 0.949000 0.543717 0.950250 0.543883 0.951000 0.545047 0.952000 0.546376 0.954000 0.548537 0.958750 0.549036 0.960500 0.549535 0.961000 0.550033 0.961000 0.550199 0.960000 0.549867 0.959500 0.549867 0.958250 0.549535 0.957500 0.549535 0.955750 0.548371 0.952250 0.547374 0.950250 0.547706 0.949500 0.547706 0.948250 0.546875 0.948250 0.546376 0.947750 0.545545 0.946000 0.544714 0.942500 0.544215 0.941500 0.544215 0.940500 0.542553 0.937000 0.542221 0.934500 0.541556 0.932500 0.541556 0.931000 0.541223 0.930500 0.541223 0.928500 0.540891 0.928000 0.540891 0.927000 0.539894 0.925000 0.539229 0.922500 0.538564 0.921500 0.537234 0.917500 0.536902 0.915500 0.536070 0.913750
0 0.776097 0.909000 0.775765 0.909750 0.775765 0.910500 0.775598 0.910750 0.775432 0.911500 0.775765 0.912250 0.775765 0.913500 0.776097 0.914250 0.776097 0.915000 0.776430 0.915750 0.776430 0.916750 0.776596 0.917000 0.776596 0.917500 0.776762 0.917750 0.776762 0.918500 0.776928 0.918750 0.776928 0.919000 0.777094 0.919250 0.777094 0.919500 0.777261 0.919750 0.777261 0.920000 0.777427 0.920250 0.777593 0.921000 0.778092 0.921750 0.778092 0.922000 0.778424 0.922750 0.778424 0.923750 0.778590 0.924000 0.778923 0.924000 0.779255 0.924500 0.779255 0.925000 0.779422 0.925250 0.779422 0.925750 0.779588 0.926000 0.779920 0.926000 0.780253 0.925250 0.780253 0.924000 0.780086 0.923750 0.780086 0.923250 0.779920 0.923000 0.779920 0.922000 0.779754 0.921750 0.779754 0.921500 0.779422 0.921000 0.779422 0.920500 0.779255 0.920250 0.779255 0.919500 0.779089 0.919250 0.779089 0.918000 0.778923 0.917750 0.778923 0.916250 0.778757 0.916000 0.778757 0.915750 0.778424 0.915000 0.778424 0.914500 0.778092 0.914000 0.778092 0.913500 0.777759 0.912750 0.777759 0.912000 0.777593 0.912000 0.777261 0.911500 0.777261 0.911000 0.777094 0.910750 0.776928 0.910000 0.776430 0.909250 0.776430 0.909000
0 0.941323 0.908500 0.940658 0.908500 0.940160 0.909250 0.939495 0.909250 0.939328 0.909500 0.939162 0.909500 0.938664 0.910250 0.938497 0.910250 0.937999 0.911000 0.937832 0.911000 0.937666 0.911250 0.937500 0.911250 0.936835 0.912250 0.936669 0.912250 0.936669 0.912500 0.936503 0.912750 0.936503 0.913000 0.936336 0.913250 0.936336 0.913500 0.936170 0.913750 0.936170 0.915250 0.936336 0.915500 0.937001 0.915500 0.937168 0.915750 0.937666 0.915750 0.938165 0.915000 0.938165 0.914750 0.938664 0.914000 0.938664 0.913750 0.940991 0.910250 0.940991 0.910000 0.941323 0.909500
0 0.839594 0.908750 0.839428 0.908750 0.839262 0.908500 0.838930 0.908500 0.838763 0.908750 0.838597 0.909500 0.837267 0.911500 0.837267 0.911750 0.836769 0.912500 0.836769 0.912750 0.836436 0.913250 0.836436 0.913500 0.835439 0.915000 0.835439 0.915250 0.835106 0.916000 0.835106 0.916500 0.834774 0.917000 0.834774 0.917250 0.834608 0.917500 0.834608 0.918000 0.834441 0.918250 0.834441 0.918500 0.834275 0.918750 0.834275 0.919000 0.833943 0.919750 0.833943 0.920500 0.833610 0.921250 0.833610 0.922750 0.833777 0.923000 0.833777 0.923750 0.834441 0.923750 0.834441 0.923500 0.834774 0.923000 0.834940 0.923000 0.835106 0.922750 0.835605 0.922750 0.835771 0.922500 0.835771 0.922250 0.835938 0.922000 0.835938 0.921500 0.836104 0.921250 0.836104 0.920750 0.836270 0.920500 0.836270 0.920000 0.836602 0.919250 0.836602 0.918750 0.836769 0.918500 0.836769 0.918000 0.837101 0.917250 0.837101 0.916750 0.837434 0.916250 0.837434 0.915750 0.837766 0.915250 0.837766 0.914750 0.838597 0.913500 0.838597 0.913250 0.838763 0.913000 0.838763 0.912750 0.839096 0.912000 0.839096 0.911250 0.839428 0.910750 0.839428 0.910250 0.839761 0.909500 0.839761 0.909000
0 0.845246 0.907000 0.844581 0.907000 0.844249 0.907500 0.843916 0.908500 0.843085 0.909750 0.843085 0.910000 0.841589 0.912000 0.841589 0.912250 0.841090 0.913000 0.840758 0.914000 0.840426 0.914250 0.840426 0.914750 0.839761 0.916000 0.839262 0.917500 0.839262 0.918000 0.838763 0.919500 0.838597 0.920750 0.837600 0.923750 0.837101 0.924500 0.837101 0.924750 0.835439 0.928250 0.835106 0.929250 0.835106 0.930250 0.835439 0.930250 0.835605 0.930500 0.836270 0.930250 0.836270 0.929750 0.837267 0.927750 0.837600 0.926500 0.838597 0.924750 0.839262 0.922750 0.839761 0.922000 0.839927 0.920250 0.840259 0.919750 0.840259 0.919250 0.840426 0.919000 0.840259 0.918500 0.840924 0.917250 0.841589 0.915000 0.842254 0.913750 0.842420 0.913000 0.842753 0.912500 0.842919 0.912500 0.842919 0.912250 0.843916 0.910750 0.844082 0.910750 0.844249 0.910250 0.845080 0.909000 0.845080 0.908250 0.845246 0.908000
0 0.512633 0.905000 0.509807 0.904750 0.509475 0.904250 0.506150 0.904250 0.505652 0.904750 0.502660 0.904750 0.502493 0.905250 0.500831 0.905250 0.498338 0.906250 0.492520 0.906750 0.492188 0.907250 0.488697 0.908500 0.484375 0.909250 0.474069 0.912500 0.463431 0.918000 0.463431 0.918750 0.465592 0.917750 0.467254 0.918000 0.467919 0.917250 0.469249 0.917000 0.471243 0.915750 0.476562 0.913750 0.477726 0.914000 0.482713 0.912000 0.490027 0.911000 0.490525 0.910500 0.493185 0.910500 0.493684 0.910000 0.495512 0.910000 0.495844 0.909500 0.499834 0.909000 0.500166 0.908500 0.504820 0.908500 0.505153 0.908000 0.506815 0.908000 0.507148 0.906500 0.512467 0.906000
0 0.961270 0.901500 0.961104 0.901250 0.960605 0.901250 0.958777 0.903250 0.958278 0.903500 0.956117 0.907500 0.955452 0.907750 0.954621 0.909250 0.953790 0.909750 0.953291 0.910500 0.952128 0.911250 0.951795 0.912250 0.948471 0.917250 0.948305 0.918000 0.947640 0.919000 0.947141 0.919250 0.946809 0.920250 0.946144 0.921250 0.945645 0.921500 0.944814 0.922750 0.944814 0.923750 0.945312 0.924000 0.945811 0.923500 0.946310 0.923500 0.946809 0.922500 0.947640 0.922000 0.948471 0.920750 0.948637 0.920000 0.949302 0.919000 0.949468 0.918250 0.950964 0.916000 0.951130 0.916000 0.951130 0.915750 0.951463 0.915500 0.951463 0.915250 0.951795 0.915000 0.951795 0.914750 0.952128 0.914500 0.952294 0.914000 0.952626 0.914000 0.953624 0.912500 0.953790 0.912500 0.953956 0.912000 0.954289 0.912000 0.954621 0.911500 0.954953 0.911500 0.955286 0.911000 0.955618 0.911000 0.955951 0.910500 0.956283 0.910500 0.956782 0.909750 0.957779 0.908750 0.957779 0.908250 0.958777 0.906750 0.958777 0.906250 0.959109 0.905500 0.959774 0.904500 0.959940 0.904500 0.960106 0.904000 0.960605 0.903750 0.960605 0.903500 0.961436 0.902250
0 0.796210 0.895750 0.796044 0.897000 0.796376 0.902500 0.796709 0.903500 0.797041 0.907500 0.797041 0.911000 0.797540 0.912750 0.797706 0.919500 0.797207 0.920000 0.797207 0.921250 0.797706 0.923250 0.797540 0.925000 0.798039 0.925250 0.797872 0.931250 0.798205 0.936250 0.798537 0.937000 0.798537 0.941250 0.798870 0.941750 0.799036 0.948750 0.799535 0.949750 0.799535 0.953250 0.799867 0.953750 0.799701 0.956000 0.800199 0.957750 0.800698 0.957750 0.800698 0.947500 0.801031 0.946750 0.801031 0.941750 0.801529 0.940750 0.801363 0.933750 0.801031 0.933000 0.801197 0.926750 0.800698 0.925500 0.800698 0.923750 0.800366 0.923000 0.800033 0.916000 0.798703 0.910500 0.798870 0.910000 0.798371 0.908500 0.798371 0.906500 0.797374 0.901750 0.797041 0.896500 0.796709 0.895750
0 0.785738 0.895000 0.785572 0.895250 0.785572 0.896750 0.785738 0.897000 0.785904 0.899500 0.786070 0.899750 0.786070 0.901000 0.786237 0.901250 0.786237 0.902250 0.786403 0.902500 0.786569 0.905500 0.786902 0.906500 0.786902 0.910000 0.787234 0.910750 0.787234 0.912500 0.787566 0.913250 0.787566 0.914750 0.787899 0.915500 0.787899 0.916750 0.788065 0.917000 0.788065 0.919250 0.788231 0.919500 0.788231 0.920500 0.788398 0.920750 0.788398 0.922250 0.788564 0.922750 0.789062 0.922750 0.789229 0.922250 0.789229 0.919000 0.789062 0.918750 0.789062 0.917500 0.789395 0.916750 0.789395 0.915500 0.789062 0.915000 0.789062 0.912250 0.789229 0.912000 0.789062 0.911750 0.789062 0.911000 0.788730 0.910500 0.788730 0.904750 0.788896 0.904500 0.788730 0.904250 0.788730 0.903500 0.788398 0.903000 0.788398 0.901750 0.788564 0.901500 0.788398 0.901250 0.788398 0.900500 0.788065 0.900000 0.788065 0.899250 0.788231 0.899000 0.788065 0.898750 0.788065 0.898000 0.787733 0.897500 0.787733 0.897000 0.787400 0.896500 0.787400 0.896000 0.787068 0.895500 0.787068 0.895250 0.786569 0.895250 0.786237 0.895500 0.785904 0.895000
0 0.964761 0.889750 0.964428 0.889250 0.963265 0.889250 0.962101 0.890000 0.959940 0.893500 0.959441 0.893750 0.956948 0.897500 0.956449 0.897500 0.954787 0.899250 0.954122 0.899250 0.953457 0.900250 0.952128 0.901250 0.949801 0.904750 0.949468 0.906000 0.949136 0.906250 0.947640 0.909250 0.946642 0.910250 0.946310 0.910250 0.943816 0.913000 0.941822 0.917000 0.941323 0.919000 0.940492 0.920750 0.940492 0.921750 0.941323 0.921500 0.941489 0.922250 0.942320 0.922000 0.945312 0.916000 0.945811 0.916000 0.946310 0.915000 0.946642 0.915000 0.947307 0.914000 0.947640 0.914000 0.948969 0.912000 0.949302 0.912000 0.950632 0.910000 0.950964 0.910000 0.951130 0.909250 0.951795 0.908250 0.951795 0.907750 0.952294 0.907000 0.952626 0.907000 0.953956 0.904500 0.954289 0.904500 0.955120 0.903000 0.956616 0.901750 0.957779 0.900000 0.958777 0.899250 0.961935 0.894250 0.962101 0.893500 0.961935 0.893250 0.962267 0.892250 0.963098 0.891000 0.963763 0.890500 0.964428 0.890500
0 0.778757 0.886500 0.778590 0.886750 0.778590 0.889000 0.778424 0.889500 0.778757 0.890500 0.778757 0.892000 0.778923 0.892250 0.779255 0.898750 0.779422 0.899000 0.779588 0.901250 0.780253 0.903750 0.780751 0.907750 0.781084 0.908750 0.781250 0.911000 0.782247 0.914000 0.782247 0.914750 0.782580 0.915250 0.782912 0.917250 0.783743 0.918500 0.783910 0.919750 0.784574 0.921500 0.784574 0.922250 0.784907 0.923250 0.784907 0.924750 0.785239 0.925750 0.785904 0.925750 0.786237 0.926750 0.786735 0.926750 0.786902 0.926250 0.786735 0.923500 0.786403 0.923000 0.786569 0.922500 0.786403 0.922250 0.786403 0.920000 0.786569 0.919750 0.786070 0.918500 0.786070 0.916500 0.785738 0.916000 0.785738 0.915000 0.785406 0.914500 0.785406 0.913500 0.785073 0.912750 0.784741 0.910500 0.784408 0.910000 0.784408 0.908500 0.784076 0.908000 0.784076 0.906750 0.784242 0.906500 0.784076 0.905500 0.783743 0.905000 0.783743 0.903500 0.783411 0.903000 0.783411 0.902000 0.782580 0.900250 0.782414 0.899000 0.782081 0.898500 0.780585 0.889500 0.780086 0.888250 0.779422 0.888250 0.779255 0.888000 0.779089 0.886750
0 0.966922 0.883750 0.966755 0.883500 0.965924 0.883750 0.964262 0.885250 0.962267 0.886000 0.959109 0.889000 0.956449 0.893250 0.954621 0.895500 0.953790 0.896000 0.951795 0.898250 0.951463 0.898250 0.940824 0.912750 0.940160 0.915000 0.938331 0.919000 0.938165 0.920250 0.938664 0.920250 0.939661 0.918500 0.940160 0.916750 0.940492 0.916250 0.941157 0.916500 0.942154 0.914750 0.942154 0.914250 0.943983 0.911250 0.945312 0.909500 0.945645 0.909500 0.947806 0.906250 0.947806 0.905750 0.948637 0.904500 0.948969 0.904500 0.949136 0.903750 0.950632 0.901500 0.951130 0.901250 0.951130 0.900750 0.951629 0.900000 0.952626 0.899500 0.955951 0.895500 0.956283 0.895500 0.957447 0.893500 0.957779 0.893500 0.958943 0.891750 0.959441 0.890500 0.960439 0.890000 0.961104 0.889000 0.961436 0.889000 0.963098 0.887250 0.965592 0.886000 0.966922 0.884500
0 0.861203 0.876000 0.860539 0.876000 0.859209 0.878750 0.858378 0.882000 0.855718 0.888000 0.848404 0.902000 0.847241 0.908750 0.845412 0.913250 0.842919 0.917250 0.842254 0.920250 0.839761 0.926000 0.837766 0.934500 0.837766 0.935750 0.838431 0.935750 0.839096 0.934500 0.840924 0.927000 0.842919 0.922000 0.843750 0.918750 0.848238 0.910250 0.851064 0.902000 0.854721 0.897250 0.854721 0.896250 0.854222 0.896000 0.853723 0.896500 0.853557 0.896000 0.854388 0.894500 0.854721 0.892500 0.856051 0.890250 0.857048 0.887250 0.858045 0.885750 0.858378 0.884250 0.859375 0.882750 0.860705 0.878250 0.861370 0.877250
0 0.873670 0.865250 0.872340 0.866250 0.871177 0.870000 0.867021 0.877750 0.863863 0.888500 0.857380 0.904500 0.856217 0.909000 0.852560 0.917000 0.851396 0.920750 0.848404 0.926250 0.845745 0.936750 0.844747 0.938000 0.844747 0.939250 0.845578 0.939000 0.846908 0.937000 0.849235 0.928000 0.853391 0.920000 0.854056 0.916750 0.855718 0.914000 0.856217 0.911750 0.857048 0.910750 0.858045 0.906250 0.858710 0.905500 0.859375 0.902750 0.863364 0.896250 0.863364 0.895250 0.864029 0.894750 0.866356 0.887250 0.867686 0.885250 0.870013 0.878750 0.873338 0.872250 0.873338 0.869750 0.873670 0.869500 0.873670 0.867250 0.874003 0.866750
0 0.517952 0.844000 0.517786 0.844750 0.517453 0.845250 0.517453 0.847000 0.518118 0.849250 0.518118 0.851000 0.518451 0.851750 0.518783 0.853250 0.518783 0.854250 0.519116 0.855000 0.519116 0.857000 0.519448 0.857750 0.519448 0.859000 0.519781 0.859750 0.519781 0.861500 0.520113 0.862250 0.520113 0.863000 0.520612 0.864250 0.520778 0.865750 0.521110 0.866500 0.521110 0.868250 0.521443 0.869250 0.521443 0.870000 0.521775 0.870500 0.521775 0.871500 0.522274 0.872500 0.522274 0.873250 0.522606 0.874000 0.523105 0.877000 0.523604 0.878750 0.524269 0.879500 0.524601 0.878750 0.524767 0.876750 0.524269 0.875000 0.524102 0.870250 0.523770 0.869500 0.523604 0.866250 0.522773 0.864750 0.522939 0.864000 0.522773 0.863750 0.522939 0.863500 0.522440 0.862000 0.522606 0.861750 0.521941 0.859750 0.521941 0.858750 0.521443 0.858000 0.521443 0.857500 0.521110 0.856750 0.521110 0.855250 0.520778 0.854250 0.520778 0.853250 0.520445 0.852250 0.520279 0.850500 0.519614 0.849750 0.519781 0.847250 0.519614 0.847000 0.519282 0.844250 0.519116 0.843750 0.518617 0.843750 0.518451 0.844250
0 0.485871 0.837500 0.485372 0.837500 0.485206 0.837750 0.485040 0.837750 0.484541 0.838500 0.483710 0.839000 0.483045 0.840000 0.483045 0.840250 0.482879 0.840500 0.482879 0.840750 0.482547 0.841250 0.482547 0.841500 0.482380 0.841750 0.482380 0.842000 0.482214 0.842250 0.482214 0.842500 0.482048 0.842750 0.481715 0.844000 0.481383 0.844500 0.481383 0.845000 0.480884 0.845750 0.480884 0.846250 0.480718 0.846500 0.480718 0.847250 0.480552 0.847500 0.480552 0.847750 0.479721 0.849250 0.479721 0.849750 0.479555 0.850000 0.479555 0.850500 0.479388 0.850750 0.479388 0.851000 0.478723 0.852000 0.478557 0.852750 0.478225 0.853250 0.478225 0.853500 0.478059 0.853750 0.478059 0.854250 0.477892 0.854500 0.477892 0.855000 0.478059 0.855250 0.478557 0.855250 0.478723 0.854500 0.479056 0.854000 0.479222 0.854000 0.479222 0.853750 0.479721 0.853000 0.479721 0.852750 0.479887 0.852500 0.480552 0.852500 0.481051 0.851750 0.481051 0.851250 0.481217 0.851000 0.481217 0.850750 0.481715 0.850250 0.481715 0.849250 0.482214 0.848500 0.482380 0.847750 0.483045 0.846750 0.483045 0.845750 0.483378 0.845250 0.483378 0.844250 0.483710 0.843750 0.483710 0.842750 0.483876 0.842500 0.483876 0.842000 0.484043 0.841750 0.484043 0.841500 0.484375 0.841000 0.484707 0.841000 0.484707 0.840750 0.485539 0.839500 0.485705 0.839500 0.485705 0.839250 0.486037 0.838750 0.486037 0.837750
0 0.854887 0.829500 0.855053 0.830500 0.856383 0.833250 0.856383 0.833750 0.858710 0.836750 0.860040 0.839500 0.862201 0.841500 0.863863 0.844000 0.864362 0.846000 0.866190 0.848750 0.867520 0.850250 0.868185 0.850500 0.869681 0.853000 0.872340 0.855000 0.873836 0.857250 0.873836 0.857750 0.875000 0.859750 0.875332 0.861000 0.876828 0.862750 0.878324 0.864000 0.880153 0.864500 0.880153 0.863500 0.879654 0.862750 0.879322 0.862750 0.877493 0.860000 0.877493 0.859500 0.876828 0.859000 0.876828 0.858500 0.875166 0.856000 0.875166 0.855500 0.874668 0.855250 0.873172 0.853000 0.871842 0.852000 0.870180 0.850000 0.869847 0.850000 0.869515 0.849000 0.868850 0.848500 0.868185 0.847500 0.868185 0.847000 0.867188 0.846000 0.866523 0.843500 0.864528 0.840000 0.863364 0.839250 0.861536 0.837000 0.860539 0.836250 0.858876 0.833500 0.856549 0.830750 0.855884 0.829250 0.855219 0.829000
0 0.194814 0.816250 0.194648 0.815500 0.193318 0.815250 0.190824 0.817000 0.189495 0.818750 0.186835 0.819750 0.183677 0.821750 0.181017 0.822250 0.179521 0.823250 0.178690 0.823250 0.176695 0.824750 0.175864 0.824750 0.174535 0.825750 0.173205 0.825750 0.172374 0.825000 0.170878 0.824750 0.170545 0.824250 0.170047 0.824250 0.169714 0.824750 0.169215 0.824750 0.168384 0.825500 0.168384 0.826750 0.170047 0.829750 0.170379 0.831750 0.171709 0.835500 0.172706 0.835500 0.173870 0.833750 0.174036 0.833000 0.174867 0.832000 0.175366 0.830750 0.176031 0.830000 0.176363 0.830000 0.177194 0.828500 0.177527 0.828500 0.179355 0.827000 0.180352 0.827000 0.180851 0.826500 0.182015 0.826500 0.182513 0.826000 0.183344 0.826000 0.185505 0.824000 0.187500 0.823250 0.188331 0.822500 0.189827 0.822250 0.191157 0.821250 0.191489 0.820500 0.191822 0.820500 0.192819 0.819000 0.193152 0.819000 0.194149 0.817500 0.194648 0.817250
0 0.263963 0.803250 0.263963 0.803750 0.263630 0.804250 0.263630 0.806750 0.263464 0.807000 0.263630 0.809250 0.263963 0.809750 0.264295 0.811250 0.264960 0.812250 0.264960 0.812750 0.266290 0.814750 0.266622 0.816250 0.267287 0.817250 0.267287 0.818250 0.267620 0.818750 0.267620 0.819750 0.267952 0.820250 0.267952 0.821000 0.268617 0.822500 0.268783 0.823750 0.269448 0.824500 0.269781 0.825250 0.269781 0.825750 0.271277 0.828250 0.272274 0.831250 0.273770 0.834250 0.273770 0.834750 0.274269 0.835500 0.274934 0.835500 0.275432 0.836250 0.275432 0.836750 0.276097 0.837750 0.276263 0.838500 0.276596 0.838500 0.276928 0.839000 0.277427 0.839000 0.277427 0.838000 0.276430 0.835750 0.276097 0.834000 0.274601 0.830250 0.274435 0.829000 0.274102 0.828500 0.273770 0.827000 0.271775 0.824000 0.271775 0.823500 0.271277 0.823000 0.271110 0.822000 0.270113 0.819500 0.269947 0.818000 0.269116 0.816250 0.268451 0.813000 0.267453 0.811000 0.267453 0.810250 0.267121 0.809750 0.266622 0.807250 0.265791 0.805750 0.265293 0.803750 0.264461 0.803000
0 0.498836 0.802000 0.498338 0.802000 0.497839 0.802750 0.497839 0.803250 0.497673 0.803500 0.497507 0.803500 0.497507 0.804000 0.497340 0.804250 0.497340 0.804500 0.497174 0.804750 0.497174 0.805000 0.496842 0.805500 0.496842 0.806250 0.496676 0.806500 0.496676 0.806750 0.496509 0.807000 0.496509 0.807250 0.496343 0.807500 0.496343 0.807750 0.496177 0.808000 0.496177 0.808250 0.496011 0.808500 0.496011 0.808750 0.495678 0.809250 0.495678 0.809500 0.494847 0.810750 0.494847 0.811000 0.494016 0.812250 0.494016 0.813250 0.494182 0.813500 0.495013 0.813500 0.495013 0.813250 0.495346 0.812750 0.495346 0.812250 0.495844 0.811500 0.496177 0.811500 0.496343 0.811250 0.496343 0.810750 0.496509 0.810500 0.496509 0.810000 0.497008 0.809250 0.497008 0.808750 0.497174 0.808500 0.497174 0.808250 0.497340 0.808000 0.497340 0.807750 0.497673 0.807250 0.497673 0.807000 0.497839 0.806750 0.497839 0.806250 0.498172 0.805750 0.498172 0.805250 0.498504 0.804750 0.498504 0.804500 0.498670 0.804250 0.498670 0.804000 0.499003 0.803500 0.499003 0.802250
0 0.740193 0.801250 0.740359 0.802000 0.746343 0.803000 0.747340 0.804500 0.747673 0.804500 0.748836 0.806750 0.748836 0.807250 0.750665 0.810000 0.750997 0.810000 0.752327 0.812000 0.752660 0.812000 0.753158 0.812750 0.753158 0.813250 0.754820 0.815750 0.755319 0.819000 0.756316 0.821000 0.756815 0.821000 0.756981 0.820000 0.755984 0.817500 0.755652 0.815000 0.752493 0.809750 0.751164 0.808750 0.750000 0.807000 0.750000 0.806500 0.748836 0.804250 0.749003 0.804000 0.749501 0.804500 0.750665 0.804500 0.757314 0.814500 0.757812 0.814500 0.758311 0.815500 0.759309 0.816000 0.760306 0.817500 0.760971 0.817250 0.760805 0.815750 0.760472 0.815750 0.758810 0.813750 0.757812 0.813250 0.757646 0.812500 0.755818 0.809750 0.755319 0.809750 0.752327 0.805000 0.750332 0.802500 0.749834 0.803000 0.749003 0.803000 0.748836 0.801500 0.747839 0.801500 0.747507 0.802750 0.746509 0.801500 0.743850 0.801500 0.742188 0.801000
0 0.484209 0.797250 0.483045 0.797250 0.482879 0.797500 0.482547 0.797500 0.482214 0.798750 0.481882 0.799250 0.481715 0.799250 0.480053 0.802000 0.479721 0.803250 0.479222 0.804000 0.479222 0.805000 0.478890 0.805500 0.479056 0.806000 0.477892 0.808250 0.477726 0.809000 0.476895 0.810000 0.476729 0.810000 0.475898 0.811250 0.475731 0.811250 0.474568 0.813000 0.473072 0.816750 0.473072 0.817500 0.472906 0.817750 0.472906 0.820250 0.472739 0.820500 0.472739 0.821750 0.473238 0.821750 0.473737 0.821000 0.473737 0.820250 0.474069 0.819750 0.474069 0.819500 0.474402 0.819000 0.474568 0.819000 0.474734 0.817750 0.475731 0.816000 0.475898 0.815250 0.476230 0.815000 0.476230 0.814750 0.479056 0.810750 0.479056 0.810500 0.479388 0.810000 0.479388 0.809000 0.480053 0.808000 0.480219 0.808000 0.480386 0.806500 0.480718 0.806000 0.480884 0.806000 0.481051 0.804750 0.481217 0.804250 0.481549 0.804000 0.481549 0.803500 0.481882 0.803000 0.481882 0.802500 0.482380 0.801750 0.482547 0.801750 0.482713 0.801500 0.482713 0.801000 0.484375 0.798750 0.484375 0.797500
0 0.340426 0.783500 0.339927 0.783750 0.339927 0.784750 0.338763 0.787000 0.338265 0.789500 0.338597 0.792250 0.338098 0.792500 0.337932 0.797750 0.337600 0.798500 0.337101 0.804000 0.337101 0.809750 0.336769 0.813000 0.336104 0.815500 0.336104 0.819750 0.335439 0.823250 0.335439 0.826750 0.335106 0.827000 0.334441 0.835750 0.333777 0.838500 0.333943 0.840250 0.333278 0.840750 0.332447 0.845750 0.332114 0.846000 0.332114 0.847750 0.331449 0.850000 0.330452 0.851750 0.329953 0.855750 0.330120 0.857000 0.330951 0.856500 0.330785 0.855250 0.331616 0.851750 0.333444 0.849500 0.334275 0.847250 0.334109 0.845250 0.334940 0.842750 0.334940 0.840500 0.335439 0.839750 0.336602 0.824500 0.337267 0.821750 0.337267 0.818750 0.337600 0.818250 0.337600 0.815750 0.337932 0.815250 0.337932 0.812750 0.338265 0.812250 0.338265 0.808500 0.338597 0.807750 0.338597 0.804000 0.339096 0.802250 0.339594 0.792750 0.341090 0.785500
0 0.917221 0.783500 0.917055 0.783250 0.916057 0.783250 0.915559 0.784000 0.914395 0.784750 0.914062 0.785250 0.913398 0.785750 0.913065 0.785750 0.911902 0.786750 0.911403 0.786750 0.910239 0.787750 0.909907 0.787750 0.908743 0.789000 0.907414 0.790000 0.906416 0.791750 0.906250 0.792500 0.905086 0.794250 0.905086 0.794750 0.904089 0.796000 0.903590 0.796250 0.903424 0.796750 0.899601 0.801000 0.899601 0.801250 0.898770 0.802500 0.898604 0.802500 0.898604 0.803000 0.899102 0.803500 0.903590 0.798000 0.904089 0.798000 0.904422 0.797000 0.905918 0.795750 0.905918 0.795250 0.906915 0.793750 0.906915 0.793250 0.907912 0.791750 0.907912 0.791250 0.908078 0.791000 0.908411 0.791000 0.908743 0.790500 0.909076 0.790500 0.909741 0.789500 0.910073 0.789500 0.910406 0.789000 0.910738 0.789000 0.911735 0.788000 0.912400 0.788000 0.913398 0.787000 0.914062 0.787000 0.914395 0.786500 0.915060 0.786500 0.916390 0.785000 0.916722 0.785000 0.917221 0.784250
0 0.970412 0.767500 0.969914 0.766750 0.969581 0.766750 0.969249 0.766250 0.964262 0.766250 0.963763 0.766750 0.960106 0.766750 0.959940 0.767250 0.958777 0.767250 0.957447 0.768250 0.956948 0.768250 0.956449 0.768750 0.955286 0.768750 0.953956 0.769750 0.953125 0.769750 0.952626 0.770250 0.951795 0.770250 0.950964 0.770750 0.949967 0.770750 0.949801 0.771000 0.949302 0.771000 0.946476 0.772250 0.945479 0.772250 0.945146 0.772750 0.944814 0.772750 0.944648 0.773500 0.944814 0.774000 0.946975 0.774000 0.947307 0.773500 0.951629 0.773500 0.951961 0.773000 0.956948 0.773000 0.957281 0.772500 0.959940 0.772500 0.960273 0.772000 0.962267 0.772000 0.962766 0.771500 0.965592 0.771500 0.966090 0.771000 0.966755 0.771000 0.967254 0.770500 0.968251 0.770500 0.968584 0.770000 0.969249 0.770000 0.969581 0.769500 0.970246 0.769500 0.970412 0.769250
0 0.517121 0.761500 0.516622 0.762500 0.515957 0.763000 0.515957 0.763500 0.515459 0.764500 0.515459 0.765500 0.515293 0.765750 0.515293 0.766250 0.514794 0.767250 0.514794 0.769000 0.514628 0.769250 0.514461 0.770500 0.513797 0.771750 0.513298 0.773500 0.512467 0.775250 0.512301 0.777000 0.511802 0.778250 0.511802 0.781500 0.511636 0.781750 0.511636 0.782250 0.511303 0.783250 0.511303 0.784250 0.511469 0.784500 0.511469 0.785500 0.511137 0.786500 0.511137 0.787250 0.511303 0.787500 0.512134 0.787500 0.512301 0.787250 0.512301 0.786500 0.512467 0.786250 0.512467 0.785750 0.512633 0.785500 0.512633 0.785000 0.512965 0.784000 0.512965 0.783000 0.513298 0.782250 0.513298 0.780500 0.513464 0.780250 0.513797 0.778250 0.514295 0.776750 0.514628 0.776500 0.514628 0.775500 0.514960 0.775250 0.514960 0.775000 0.515293 0.774500 0.515459 0.773000 0.515791 0.772500 0.515957 0.771000 0.516290 0.770500 0.516290 0.769500 0.516456 0.769250 0.516456 0.768250 0.516622 0.768000 0.516622 0.766500 0.516955 0.766000 0.516955 0.765250 0.517287 0.764750 0.517287 0.763750 0.517620 0.763250 0.517620 0.761750
0 0.537400 0.752500 0.536569 0.752500 0.535239 0.754000 0.531416 0.762750 0.525931 0.772250 0.523936 0.777750 0.522274 0.784250 0.518949 0.790250 0.517121 0.796750 0.516124 0.802750 0.516124 0.809250 0.515459 0.813250 0.515459 0.821250 0.514794 0.828750 0.515459 0.841250 0.515957 0.842500 0.516622 0.842250 0.516290 0.839000 0.516622 0.819500 0.518617 0.802250 0.520612 0.796750 0.521110 0.793500 0.524269 0.785250 0.525266 0.779000 0.526928 0.775000 0.529089 0.771750 0.529089 0.771250 0.528258 0.771500 0.528092 0.770750 0.532580 0.764000 0.533910 0.760000 0.535073 0.758500
0 0.761137 0.741000 0.760971 0.741250 0.760971 0.741750 0.761469 0.743000 0.761137 0.743500 0.760805 0.743000 0.760140 0.743000 0.760140 0.744750 0.760638 0.745750 0.760638 0.746500 0.762134 0.748750 0.762633 0.749000 0.763298 0.750000 0.763630 0.751000 0.765459 0.752500 0.765957 0.753500 0.766622 0.754000 0.766955 0.754000 0.767620 0.755000 0.767786 0.755000 0.768285 0.755750 0.768285 0.756250 0.769282 0.757500 0.769614 0.758750 0.771277 0.761250 0.771277 0.761500 0.771443 0.761500 0.771941 0.762500 0.773604 0.764750 0.774102 0.764750 0.774269 0.764500 0.775765 0.764500 0.776263 0.763750 0.776263 0.763000 0.775266 0.761250 0.775100 0.760500 0.773770 0.758500 0.773438 0.758500 0.772440 0.757000 0.771775 0.756500 0.771443 0.756500 0.770778 0.755500 0.770612 0.754750 0.769448 0.753000 0.769116 0.753000 0.768617 0.752500 0.768118 0.751500 0.767453 0.751000 0.767121 0.751000 0.766456 0.750000 0.766124 0.750000 0.765459 0.749000 0.765126 0.749000 0.763298 0.746250 0.761802 0.741750
0 0.533910 0.733500 0.533743 0.733250 0.533078 0.733250 0.532247 0.734500 0.532081 0.734500 0.530086 0.737250 0.528590 0.738250 0.528258 0.738750 0.527926 0.738750 0.527593 0.739250 0.527094 0.739250 0.526928 0.739500 0.526762 0.739500 0.525266 0.742000 0.525100 0.742750 0.524435 0.743500 0.524435 0.744000 0.524102 0.744500 0.524102 0.745000 0.523770 0.745500 0.523271 0.747250 0.522606 0.748500 0.522606 0.749250 0.523105 0.749250 0.523438 0.748750 0.523438 0.748500 0.523936 0.747750 0.524102 0.747750 0.524269 0.747500 0.524269 0.747000 0.524767 0.746250 0.524934 0.745500 0.525266 0.745000 0.525432 0.745000 0.525432 0.744750 0.525931 0.744000 0.526097 0.743250 0.526928 0.742000 0.527094 0.742000 0.527759 0.741250 0.528258 0.741000 0.528923 0.740000 0.529255 0.740000 0.529422 0.739750 0.530253 0.739250 0.530253 0.739000 0.531250 0.737500 0.531416 0.737500 0.531749 0.737000 0.531915 0.737000 0.532414 0.736000 0.532746 0.736000 0.532746 0.735500 0.533078 0.735000 0.533411 0.735000 0.533910 0.734250
0 0.569980 0.723000 0.569149 0.722750 0.567819 0.723500 0.566157 0.723250 0.565492 0.723750 0.564993 0.723750 0.562999 0.725250 0.562334 0.725250 0.561835 0.725750 0.561170 0.725750 0.560672 0.726250 0.559840 0.726250 0.559508 0.726750 0.559176 0.726750 0.557513 0.728250 0.557181 0.728250 0.555352 0.730500 0.554688 0.730750 0.554355 0.731500 0.552693 0.733000 0.552693 0.733750 0.552859 0.734000 0.553690 0.734000 0.554189 0.733000 0.555186 0.732500 0.555519 0.732000 0.556184 0.731750 0.556350 0.732250 0.555352 0.734000 0.554189 0.734750 0.553856 0.735250 0.553358 0.735250 0.553025 0.735750 0.552028 0.736250 0.550698 0.737750 0.550864 0.739500 0.550532 0.740000 0.550532 0.740750 0.551197 0.740750 0.554189 0.737500 0.556350 0.736250 0.557846 0.734000 0.558344 0.733750 0.559176 0.732000 0.559674 0.731750 0.560505 0.730500 0.561503 0.730000 0.561835 0.729500 0.562832 0.729250 0.563165 0.728750 0.565326 0.727250 0.565991 0.726500 0.566323 0.726500 0.566988 0.725750 0.567985 0.725750 0.568484 0.724500 0.568983 0.724500 0.569481 0.724000 0.569814 0.724000 0.569980 0.723750
0 0.746676 0.715750 0.746676 0.717000 0.747008 0.717500 0.747008 0.717750 0.747174 0.717750 0.747340 0.718000 0.747340 0.718250 0.747673 0.718750 0.747673 0.719250 0.748670 0.720750 0.748670 0.721250 0.749003 0.721250 0.750000 0.722750 0.750665 0.722750 0.750831 0.723000 0.750997 0.723000 0.751330 0.723500 0.751330 0.723750 0.751662 0.723750 0.752660 0.725250 0.753158 0.725500 0.753491 0.726000 0.753491 0.726250 0.753324 0.726500 0.753324 0.727250 0.753491 0.727250 0.753657 0.727500 0.753823 0.727500 0.753989 0.727750 0.754488 0.728000 0.754820 0.728500 0.754987 0.728500 0.755153 0.728750 0.756150 0.728750 0.756150 0.728000 0.755818 0.727500 0.755818 0.727000 0.755485 0.727000 0.755319 0.726750 0.755153 0.726750 0.754820 0.726250 0.754820 0.726000 0.754322 0.725250 0.754156 0.724500 0.752327 0.722000 0.751828 0.721750 0.751164 0.720750 0.751164 0.720500 0.750499 0.719500 0.750499 0.719250 0.750332 0.719000 0.750000 0.719000 0.749834 0.718750 0.749834 0.718500 0.749501 0.718000 0.749501 0.717500 0.749335 0.717500 0.749003 0.716750 0.748504 0.716750 0.748504 0.717000 0.748338 0.717250 0.748172 0.717250 0.748005 0.717000 0.747839 0.717000 0.747673 0.716750 0.747673 0.716500 0.747174 0.716000 0.747174 0.715750
0 0.710771 0.702500 0.710771 0.703250 0.711602 0.704500 0.711602 0.705250 0.712267 0.706000 0.712434 0.707000 0.712600 0.707000 0.712932 0.707750 0.714761 0.709000 0.715093 0.709500 0.715758 0.709500 0.716589 0.710750 0.716755 0.710750 0.717420 0.712000 0.717586 0.712000 0.718085 0.712750 0.718750 0.713250 0.719914 0.714750 0.720578 0.715250 0.721576 0.717000 0.721908 0.717000 0.723072 0.719000 0.723072 0.719500 0.724069 0.721500 0.724568 0.721500 0.724734 0.721250 0.724568 0.721000 0.724568 0.720250 0.724235 0.720000 0.724235 0.719500 0.723903 0.719000 0.723570 0.718000 0.723238 0.717750 0.723238 0.717250 0.722739 0.716500 0.722739 0.716000 0.722241 0.715250 0.721742 0.715000 0.719747 0.712250 0.719581 0.712250 0.718916 0.711250 0.718750 0.711250 0.717919 0.710000 0.717919 0.709750 0.717420 0.709500 0.716922 0.708750 0.716257 0.708250 0.715924 0.708250 0.715592 0.707500 0.715592 0.706750 0.715259 0.706250 0.715259 0.706000 0.714761 0.706000 0.714428 0.705750 0.713265 0.704250 0.713098 0.704250 0.712932 0.703750 0.711270 0.702500
0 0.852061 0.698250 0.851895 0.698500 0.851895 0.700000 0.850565 0.702250 0.850565 0.702750 0.850233 0.703250 0.850233 0.704000 0.851064 0.706000 0.851064 0.706500 0.851562 0.707000 0.851562 0.707500 0.853059 0.710750 0.853391 0.712000 0.854056 0.712750 0.854222 0.713750 0.855884 0.716250 0.856383 0.718500 0.856715 0.718750 0.856882 0.720000 0.857547 0.721250 0.857547 0.722000 0.858710 0.723500 0.859874 0.724500 0.860871 0.724500 0.861203 0.725000 0.861868 0.725000 0.862201 0.725500 0.862533 0.725500 0.864195 0.727000 0.864860 0.727000 0.865858 0.728000 0.867686 0.728000 0.868185 0.728500 0.869847 0.728500 0.870013 0.727000 0.869515 0.726750 0.869016 0.726000 0.868850 0.725250 0.868185 0.725250 0.867354 0.724500 0.867354 0.724000 0.866855 0.723250 0.867021 0.723000 0.865691 0.721000 0.865359 0.719500 0.864694 0.718500 0.864694 0.718000 0.864195 0.717500 0.863697 0.715500 0.863198 0.715250 0.862533 0.714250 0.862201 0.714250 0.861868 0.713750 0.861536 0.713750 0.860372 0.712750 0.858378 0.709500 0.858378 0.709000 0.857713 0.707500 0.857713 0.706500 0.857048 0.705000 0.857048 0.704000 0.856715 0.703500 0.856715 0.703000 0.856217 0.702250 0.855386 0.701750 0.854555 0.700250 0.854056 0.700000 0.852892 0.698500
0 0.709109 0.685500 0.709109 0.686750 0.709940 0.688250 0.710605 0.688500 0.712101 0.691000 0.712766 0.691500 0.713597 0.692750 0.715426 0.694000 0.716755 0.695500 0.717254 0.695500 0.717586 0.696000 0.717919 0.696000 0.718085 0.696500 0.719249 0.697000 0.719914 0.698000 0.721576 0.699000 0.722573 0.700000 0.724235 0.702500 0.724235 0.703000 0.725233 0.704000 0.725731 0.705000 0.726064 0.705000 0.726729 0.705750 0.727227 0.705750 0.727726 0.706500 0.727726 0.707000 0.728723 0.707000 0.729555 0.708000 0.729222 0.709250 0.731051 0.712500 0.731715 0.712250 0.732048 0.712500 0.731882 0.713000 0.732048 0.714000 0.733544 0.714500 0.733876 0.715000 0.735040 0.714750 0.734874 0.713750 0.733045 0.712000 0.729721 0.706750 0.729555 0.705750 0.727061 0.703250 0.723570 0.698250 0.721410 0.696250 0.719415 0.693250 0.715758 0.690750 0.713763 0.687750 0.713431 0.687750 0.712434 0.686750 0.711602 0.685250
0 0.687666 0.682000 0.687334 0.682000 0.687168 0.681750 0.686503 0.681750 0.686336 0.682000 0.685007 0.682250 0.684342 0.682750 0.683511 0.682750 0.682347 0.683750 0.681516 0.684000 0.680186 0.685000 0.679854 0.685500 0.679189 0.685750 0.678856 0.686250 0.678524 0.686250 0.678191 0.686750 0.677859 0.686750 0.676529 0.687750 0.675698 0.688000 0.674535 0.689000 0.674202 0.689000 0.673703 0.689750 0.672872 0.690500 0.671210 0.693000 0.670878 0.694250 0.669880 0.695750 0.669880 0.696750 0.671044 0.696750 0.671376 0.696250 0.671376 0.696000 0.672207 0.695000 0.672374 0.694250 0.672706 0.694000 0.673039 0.693000 0.674368 0.691000 0.674535 0.691000 0.675366 0.690000 0.676031 0.689500 0.676529 0.689500 0.677360 0.688750 0.677859 0.688750 0.678191 0.688250 0.678856 0.688000 0.679688 0.687000 0.680186 0.687000 0.680519 0.686500 0.681017 0.686500 0.681682 0.686000 0.682347 0.686000 0.682846 0.685500 0.684009 0.685500 0.684840 0.684750 0.685173 0.684750 0.685505 0.684250 0.686336 0.684000 0.686835 0.683500 0.687334 0.683500 0.687666 0.683250 0.687666 0.682750 0.687832 0.682500
0 0.459441 0.680750 0.459275 0.680500 0.457613 0.680750 0.457447 0.681000 0.457114 0.681000 0.456449 0.681500 0.456117 0.682000 0.455120 0.682750 0.454787 0.682750 0.454621 0.683250 0.454455 0.683250 0.452959 0.685250 0.452793 0.685250 0.452294 0.686000 0.452128 0.686000 0.452128 0.686250 0.451463 0.687500 0.451130 0.688750 0.450632 0.689500 0.450632 0.689750 0.450133 0.690500 0.450133 0.690750 0.449801 0.691000 0.449801 0.691250 0.449468 0.691500 0.449302 0.692000 0.449136 0.692000 0.448637 0.692750 0.447640 0.693500 0.446310 0.695250 0.446144 0.695250 0.446144 0.695500 0.445811 0.696000 0.445146 0.696250 0.445146 0.697250 0.445479 0.697500 0.446310 0.696750 0.446642 0.696750 0.446809 0.697000 0.447640 0.697000 0.449967 0.694500 0.450465 0.694250 0.451297 0.693000 0.451297 0.692750 0.451795 0.692000 0.451961 0.692000 0.452128 0.691500 0.452626 0.691500 0.452626 0.691250 0.452959 0.691000 0.453291 0.689750 0.454122 0.688500 0.454122 0.688250 0.454953 0.687000 0.455452 0.686750 0.456117 0.685500 0.456449 0.685500 0.457114 0.685000 0.457447 0.684500 0.458112 0.684500 0.458444 0.684000 0.459109 0.684000 0.459275 0.683750 0.459275 0.683000 0.459109 0.683000 0.458777 0.682500 0.459109 0.682000 0.459275 0.682000
0 0.187334 0.679500 0.186835 0.679500 0.186835 0.680000 0.186669 0.680250 0.186669 0.680500 0.186503 0.680750 0.186170 0.680750 0.186170 0.681750 0.185838 0.682250 0.185838 0.683250 0.185672 0.683500 0.185672 0.684750 0.185505 0.685000 0.185505 0.687250 0.185173 0.688000 0.185173 0.690000 0.185007 0.690250 0.185007 0.690500 0.184840 0.690750 0.184840 0.691250 0.184674 0.691500 0.184674 0.692250 0.184840 0.692500 0.184840 0.693750 0.184674 0.694000 0.184840 0.694250 0.184840 0.695250 0.185173 0.695750 0.185173 0.696250 0.185505 0.696750 0.185505 0.697250 0.186170 0.698250 0.186669 0.698250 0.186669 0.698000 0.186835 0.697750 0.186835 0.687000 0.187001 0.686750 0.187001 0.684500 0.187168 0.684250 0.187168 0.682500 0.187334 0.682250
0 0.275100 0.671500 0.274934 0.671250 0.272939 0.671250 0.272773 0.671500 0.272440 0.671500 0.272274 0.671750 0.272108 0.671750 0.271775 0.672250 0.271609 0.672250 0.271110 0.672750 0.270778 0.672750 0.270612 0.673000 0.270279 0.673000 0.270113 0.673250 0.269448 0.673250 0.269282 0.673500 0.268949 0.673500 0.268783 0.673750 0.268617 0.673750 0.268285 0.674250 0.267786 0.674500 0.266789 0.676000 0.266622 0.676000 0.266290 0.676500 0.266124 0.676500 0.265625 0.677250 0.265459 0.677250 0.265126 0.677750 0.264960 0.677750 0.264461 0.678500 0.264295 0.678500 0.263963 0.679000 0.263797 0.679000 0.263464 0.679500 0.263298 0.679500 0.262965 0.680000 0.262965 0.681000 0.263298 0.681500 0.264295 0.681500 0.264461 0.681250 0.264628 0.681250 0.264960 0.680750 0.265293 0.680750 0.265459 0.680500 0.265625 0.680500 0.266290 0.679500 0.266789 0.679250 0.268617 0.676500 0.269116 0.676500 0.269282 0.676250 0.269448 0.676250 0.269781 0.675500 0.269947 0.675500 0.270113 0.675250 0.270279 0.675250 0.271110 0.674500 0.271609 0.674500 0.272274 0.673500 0.272939 0.673500 0.273271 0.673000 0.273604 0.673000 0.273770 0.672750 0.274102 0.672750 0.274269 0.672500 0.274934 0.672500 0.275100 0.672250
0 0.241855 0.660000 0.241356 0.660750 0.241356 0.661750 0.241689 0.662250 0.241689 0.664000 0.241523 0.664250 0.241523 0.666750 0.241855 0.667500 0.241855 0.668750 0.242021 0.669000 0.242021 0.670000 0.242188 0.670250 0.242188 0.671500 0.242354 0.671750 0.242354 0.672250 0.242686 0.673000 0.242686 0.673750 0.242852 0.674000 0.242852 0.675500 0.243019 0.675750 0.243019 0.676750 0.243185 0.677000 0.243185 0.678000 0.243517 0.679000 0.243517 0.679750 0.244016 0.680750 0.244016 0.681250 0.244348 0.681750 0.244348 0.682250 0.244515 0.682500 0.244515 0.683000 0.244847 0.684000 0.244847 0.684750 0.245180 0.685500 0.245180 0.687500 0.245512 0.688250 0.246177 0.688250 0.246177 0.687000 0.246011 0.686750 0.246011 0.683000 0.245844 0.682750 0.245844 0.681000 0.246011 0.680750 0.246011 0.672500 0.245844 0.672250 0.245844 0.669000 0.245678 0.668750 0.245678 0.668000 0.245346 0.667250 0.245512 0.667000 0.245346 0.666750 0.245346 0.666000 0.245013 0.665250 0.245013 0.664250 0.244348 0.663750 0.244348 0.663500 0.244016 0.663000 0.244016 0.662000 0.243684 0.661500 0.243517 0.661500 0.242686 0.660250 0.242354 0.660000
0 0.109043 0.648250 0.109043 0.649500 0.109209 0.649750 0.109209 0.651500 0.109541 0.652250 0.109541 0.653000 0.109874 0.653750 0.109874 0.654250 0.110040 0.654500 0.110040 0.655250 0.111037 0.658000 0.111037 0.658500 0.111370 0.659000 0.111370 0.659500 0.111536 0.659500 0.111868 0.660250 0.111868 0.661750 0.112201 0.662250 0.112201 0.663250 0.112699 0.664000 0.112699 0.664250 0.112866 0.664500 0.112866 0.665250 0.113531 0.666250 0.113531 0.667750 0.113863 0.668250 0.113863 0.669750 0.114362 0.670500 0.114860 0.670500 0.115027 0.670250 0.115027 0.665500 0.114694 0.664750 0.114694 0.663500 0.114528 0.663250 0.114528 0.662750 0.114195 0.662250 0.114195 0.661750 0.114029 0.661500 0.114029 0.660500 0.113863 0.660250 0.113697 0.660250 0.112533 0.658500 0.112533 0.658000 0.112035 0.657250 0.112035 0.656500 0.111536 0.655250 0.111536 0.654500 0.111370 0.654250 0.111370 0.653250 0.111037 0.652500 0.111037 0.651750 0.110705 0.651000 0.110705 0.650250 0.110372 0.649500 0.110372 0.648750 0.110040 0.648250
0 0.172041 0.639500 0.171543 0.639500 0.171543 0.640000 0.171376 0.640250 0.171376 0.642250 0.171210 0.642500 0.171210 0.645250 0.171044 0.645500 0.171044 0.647250 0.170878 0.647500 0.170878 0.654500 0.170711 0.654750 0.170711 0.655750 0.170878 0.656000 0.170878 0.658000 0.170711 0.658250 0.170878 0.658500 0.170878 0.659250 0.171044 0.659500 0.171044 0.661750 0.171210 0.662000 0.171210 0.662250 0.171709 0.662250 0.171709 0.662000 0.172207 0.660750 0.172207 0.659500 0.172540 0.658750 0.172540 0.649500 0.172706 0.649250 0.172706 0.644500 0.172540 0.644250 0.172540 0.643250 0.172374 0.643000 0.172374 0.642500 0.172041 0.642000
0 0.185007 0.634000 0.184342 0.634000 0.184009 0.634750 0.184176 0.641250 0.183677 0.647000 0.183843 0.650000 0.183344 0.654500 0.183344 0.667750 0.182347 0.674250 0.182347 0.678250 0.182015 0.679250 0.182846 0.695000 0.182680 0.700500 0.182347 0.702250 0.182513 0.705750 0.183012 0.705750 0.183511 0.699000 0.183843 0.698250 0.183511 0.697250 0.183843 0.695250 0.183511 0.694250 0.183344 0.687000 0.183677 0.686250 0.184009 0.681250 0.184508 0.680000 0.184674 0.674000 0.184009 0.670250 0.184674 0.664250 0.184508 0.658750 0.185007 0.655250 0.184508 0.655000 0.184508 0.653500 0.184840 0.652750 0.185339 0.645500
0 0.645944 0.633750 0.647274 0.635000 0.652261 0.635000 0.659076 0.644000 0.666556 0.649500 0.672872 0.656000 0.676529 0.657500 0.681184 0.661000 0.685672 0.662500 0.693484 0.669000 0.706283 0.673750 0.705452 0.672250 0.700133 0.670250 0.694980 0.666500 0.691988 0.665500 0.686004 0.660750 0.684176 0.660500 0.675199 0.655250 0.663896 0.645750 0.658245 0.639750 0.654588 0.634000 0.659076 0.636500 0.662899 0.641750 0.673039 0.645500 0.676529 0.647750 0.677028 0.647000 0.676197 0.645250 0.668717 0.639000 0.656749 0.632000 0.654089 0.632000 0.653424 0.633750
0 0.905918 0.620250 0.905918 0.622250 0.908577 0.627750 0.911237 0.630000 0.915226 0.635750 0.917886 0.641750 0.923371 0.651000 0.926529 0.658750 0.928690 0.660500 0.931017 0.664000 0.933511 0.671250 0.935505 0.674250 0.937500 0.680000 0.940991 0.686250 0.944814 0.696500 0.947972 0.701500 0.948803 0.705000 0.949634 0.705750 0.948637 0.699000 0.945146 0.692750 0.943983 0.687500 0.941323 0.682000 0.938996 0.674000 0.934840 0.667500 0.932015 0.660000 0.927859 0.654000 0.925698 0.648000 0.914395 0.628500 0.913231 0.628000 0.912400 0.626000 0.907414 0.620000
0 0.908245 0.612000 0.908245 0.613250 0.909076 0.613500 0.909907 0.615250 0.911569 0.616500 0.912068 0.616500 0.912566 0.617000 0.914229 0.617750 0.914561 0.618250 0.914894 0.618250 0.915725 0.619250 0.917055 0.620250 0.918218 0.620500 0.919049 0.621250 0.919880 0.621500 0.920379 0.622250 0.920878 0.622250 0.921875 0.623250 0.922872 0.623750 0.924202 0.625500 0.924535 0.626500 0.925532 0.628250 0.925864 0.629750 0.926862 0.630250 0.928025 0.631750 0.928191 0.632250 0.929189 0.632500 0.929355 0.632250 0.929355 0.631000 0.928690 0.630500 0.928690 0.630000 0.927693 0.628500 0.927693 0.628000 0.927360 0.627500 0.927028 0.626000 0.926862 0.626000 0.925698 0.624000 0.925698 0.623500 0.925366 0.623500 0.925033 0.623000 0.925033 0.622500 0.924368 0.621250 0.924202 0.621250 0.921709 0.617250 0.921210 0.616750 0.920878 0.616750 0.920545 0.616250 0.919880 0.616250 0.919049 0.615000 0.918551 0.614750 0.917719 0.613500 0.917221 0.613250 0.915559 0.611250 0.913065 0.610750 0.912400 0.610250 0.911902 0.610250 0.911569 0.609750 0.910239 0.609750 0.910073 0.610000 0.909574 0.610000
0 0.277926 0.587750 0.277593 0.587750 0.277261 0.588000 0.276928 0.588750 0.276762 0.588750 0.276430 0.589250 0.276097 0.589250 0.275432 0.590250 0.275266 0.590750 0.275100 0.590750 0.274767 0.591250 0.274102 0.591750 0.273438 0.592750 0.272939 0.593000 0.272939 0.593250 0.272606 0.593750 0.272440 0.593750 0.272440 0.594000 0.272108 0.594250 0.271609 0.595000 0.271277 0.596000 0.270944 0.596250 0.270279 0.597250 0.270279 0.597500 0.269947 0.597750 0.268949 0.599250 0.268949 0.599750 0.267952 0.601000 0.267620 0.602250 0.267287 0.602750 0.267287 0.603500 0.266456 0.605000 0.266622 0.605250 0.266456 0.605500 0.266955 0.606000 0.267453 0.605500 0.267453 0.605250 0.267952 0.604500 0.267952 0.604250 0.268783 0.602750 0.269116 0.601750 0.269614 0.601000 0.269614 0.600750 0.269947 0.600500 0.269947 0.600000 0.270279 0.599500 0.270612 0.599500 0.270612 0.599250 0.270944 0.599000 0.271110 0.598500 0.271110 0.598000 0.271277 0.597750 0.271775 0.597500 0.271775 0.597250 0.272108 0.596750 0.272274 0.596750 0.272274 0.596500 0.272606 0.596250 0.272606 0.596000 0.272939 0.595750 0.272939 0.595500 0.273936 0.594000 0.274269 0.594000 0.274601 0.593750 0.274601 0.593500 0.275266 0.592500 0.275598 0.592500 0.275931 0.592250 0.275931 0.592000 0.276263 0.591750 0.278092 0.589000 0.278092 0.588000
0 0.342586 0.585500 0.342753 0.587000 0.346742 0.592500 0.348238 0.593000 0.353059 0.597000 0.357214 0.599000 0.361868 0.604500 0.365193 0.606000 0.369182 0.609000 0.375997 0.617000 0.384641 0.620500 0.389628 0.625500 0.391622 0.626500 0.397108 0.631500 0.403757 0.634000 0.405086 0.633250 0.404422 0.630000 0.392786 0.619000 0.387467 0.615500 0.384142 0.611250 0.377161 0.607500 0.375000 0.605250 0.371509 0.603500 0.367354 0.598750 0.364195 0.596750 0.359375 0.596250 0.348404 0.591750 0.345578 0.589250 0.343750 0.586000
0 0.277593 0.583000 0.277427 0.582750 0.276596 0.582750 0.276596 0.583000 0.276430 0.583250 0.275931 0.583250 0.275266 0.584000 0.274435 0.584500 0.274269 0.584750 0.274102 0.585500 0.272773 0.587500 0.272773 0.587750 0.272274 0.588250 0.272274 0.588500 0.271775 0.589250 0.271609 0.590000 0.269116 0.593750 0.269116 0.594000 0.267952 0.595750 0.267952 0.596000 0.267287 0.597000 0.267287 0.597250 0.266622 0.598250 0.266622 0.598500 0.266456 0.598750 0.266290 0.598750 0.266290 0.599750 0.266789 0.599750 0.268451 0.597000 0.268783 0.597000 0.268783 0.596750 0.269116 0.596250 0.269282 0.596250 0.269282 0.596000 0.269614 0.595500 0.269781 0.595500 0.269781 0.595250 0.270113 0.594750 0.270279 0.594750 0.270279 0.594500 0.270445 0.594250 0.270612 0.594250 0.270612 0.594000 0.271277 0.593000 0.271443 0.593000 0.271443 0.592750 0.271609 0.592500 0.271775 0.592500 0.271775 0.592250 0.272108 0.591750 0.272274 0.591750 0.272440 0.591500 0.272440 0.591250 0.272606 0.591000 0.272606 0.590500 0.272939 0.590000 0.273105 0.590000 0.273105 0.589500 0.273271 0.589250 0.273271 0.589000 0.275598 0.585500 0.275931 0.585500 0.276596 0.584750 0.277094 0.584500 0.277593 0.583750
0 0.501330 0.578000 0.501164 0.578250 0.501164 0.579000 0.500831 0.579500 0.500831 0.580250 0.501164 0.580750 0.501164 0.584500 0.501496 0.585000 0.501496 0.589250 0.501828 0.589750 0.501828 0.592250 0.501995 0.592500 0.501828 0.593750 0.502161 0.594250 0.502161 0.595500 0.502493 0.596250 0.502493 0.599250 0.502826 0.600500 0.502660 0.600750 0.502826 0.601250 0.502660 0.601500 0.502660 0.602000 0.502826 0.602250 0.502660 0.602500 0.502826 0.603000 0.502660 0.603250 0.502660 0.604250 0.502493 0.604500 0.502493 0.607250 0.502826 0.607750 0.502826 0.609250 0.502992 0.609500 0.503491 0.609500 0.503989 0.608500 0.503989 0.607250 0.504156 0.607000 0.504820 0.603500 0.505153 0.602750 0.505485 0.602750 0.505652 0.602500 0.505652 0.601000 0.505984 0.600000 0.505984 0.596750 0.506316 0.595750 0.506316 0.592250 0.505818 0.590750 0.505984 0.589750 0.505485 0.588250 0.505652 0.587000 0.505319 0.586250 0.505153 0.584750 0.504987 0.584500 0.504987 0.584000 0.504654 0.583500 0.504654 0.583000 0.503989 0.582250 0.503989 0.581000 0.503657 0.580500 0.503657 0.580000 0.503158 0.579500 0.503158 0.579000 0.502992 0.578750 0.502327 0.578500 0.501828 0.578000
0 0.004820 0.571250 0.004654 0.571500 0.004654 0.573000 0.004987 0.573750 0.005319 0.574000 0.005652 0.575000 0.005652 0.575750 0.005984 0.576250 0.006316 0.577250 0.006316 0.577750 0.006483 0.577750 0.006981 0.578750 0.006981 0.579250 0.007314 0.579750 0.007314 0.580250 0.007646 0.580750 0.007646 0.581250 0.007979 0.581750 0.007979 0.582250 0.008311 0.582750 0.008311 0.583250 0.008976 0.584250 0.008976 0.584750 0.009142 0.584750 0.009973 0.586250 0.009973 0.586750 0.010306 0.587250 0.010306 0.587750 0.010638 0.588000 0.010638 0.588750 0.010971 0.589250 0.010971 0.589750 0.011303 0.590250 0.011303 0.590750 0.011636 0.591250 0.011636 0.591750 0.012301 0.592750 0.012301 0.593250 0.012633 0.593750 0.012965 0.593750 0.013630 0.594750 0.013630 0.595250 0.013963 0.595250 0.014295 0.595750 0.014295 0.596250 0.014960 0.597000 0.015293 0.597750 0.015293 0.598250 0.015459 0.598250 0.016290 0.599750 0.016789 0.599750 0.016955 0.598500 0.016124 0.597000 0.016124 0.596500 0.015791 0.596000 0.015791 0.595000 0.015459 0.594500 0.015293 0.593750 0.014129 0.592000 0.014129 0.591500 0.012467 0.589000 0.012467 0.588500 0.012134 0.588000 0.012134 0.587500 0.011802 0.587000 0.011802 0.586500 0.011469 0.586000 0.011469 0.585500 0.010472 0.584250 0.010472 0.584000 0.009807 0.583000 0.009807 0.582500 0.009475 0.582500 0.009142 0.582000 0.009142 0.581500 0.008477 0.580500 0.008477 0.580000 0.008145 0.579750 0.008145 0.579250 0.007812 0.578500 0.007812 0.577750 0.007148 0.575750 0.007148 0.575250 0.006649 0.573750 0.006316 0.572000 0.006150 0.571750 0.005485 0.571750 0.005319 0.571250
0 0.288730 0.566000 0.288065 0.566000 0.287400 0.566750 0.285738 0.566750 0.284076 0.568250 0.282746 0.568750 0.281250 0.570750 0.280253 0.571500 0.279754 0.572250 0.279255 0.572250 0.277759 0.574750 0.276762 0.575250 0.276263 0.576000 0.276097 0.576750 0.274767 0.578500 0.273271 0.579750 0.272440 0.581250 0.271609 0.581750 0.270778 0.583250 0.268949 0.584750 0.268949 0.585250 0.268617 0.585500 0.268285 0.587000 0.267952 0.587250 0.267952 0.588250 0.268617 0.588250 0.269282 0.587000 0.270279 0.587000 0.271110 0.585500 0.271443 0.585500 0.272440 0.584000 0.273438 0.583500 0.274269 0.582000 0.274767 0.582000 0.275266 0.581000 0.275765 0.581000 0.275931 0.580500 0.276430 0.580500 0.276928 0.579750 0.277759 0.579500 0.278092 0.578750 0.278923 0.578250 0.279089 0.577750 0.281749 0.574000 0.282247 0.573750 0.282580 0.573000 0.283245 0.572750 0.283577 0.572000 0.284408 0.572000 0.284741 0.571500 0.285073 0.571500 0.285738 0.570500 0.286070 0.570500 0.287068 0.569500 0.287733 0.569500 0.287899 0.569250 0.287899 0.568250 0.288730 0.567000
0 0.692487 0.565750 0.692487 0.567000 0.696642 0.569500 0.701629 0.576250 0.703457 0.581000 0.709608 0.589750 0.710106 0.591500 0.715592 0.599750 0.716589 0.602750 0.719581 0.606750 0.723737 0.617250 0.728723 0.623500 0.731882 0.630750 0.732879 0.631000 0.736702 0.635750 0.740691 0.646250 0.742686 0.649250 0.743517 0.649250 0.739528 0.641500 0.737533 0.635500 0.732048 0.627750 0.729887 0.622000 0.725399 0.615250 0.723903 0.610500 0.717088 0.601000 0.715426 0.597000 0.710771 0.590500 0.710106 0.588000 0.704122 0.580000 0.701961 0.574250 0.696975 0.568500 0.693484 0.565750
0 0.484874 0.560750 0.484874 0.561750 0.485040 0.562000 0.485040 0.562750 0.485206 0.563000 0.485206 0.563750 0.485372 0.564000 0.485372 0.564750 0.485871 0.566000 0.486037 0.567250 0.486702 0.569000 0.486702 0.569750 0.487035 0.570250 0.487035 0.570750 0.487367 0.571250 0.487367 0.572250 0.487699 0.572750 0.487699 0.573750 0.488032 0.574250 0.488032 0.575000 0.488364 0.575750 0.488364 0.577250 0.488697 0.578000 0.488697 0.578750 0.489029 0.579500 0.489029 0.580000 0.489362 0.580750 0.489362 0.581250 0.489528 0.581250 0.490359 0.582250 0.490858 0.582250 0.491024 0.582000 0.491024 0.580000 0.490525 0.579000 0.490525 0.578500 0.490193 0.577750 0.490359 0.577500 0.490359 0.577250 0.490193 0.577000 0.490193 0.576500 0.489860 0.575750 0.489860 0.575000 0.489694 0.574750 0.489528 0.573500 0.489195 0.572750 0.489195 0.572250 0.489029 0.572000 0.489029 0.571500 0.488863 0.571250 0.488863 0.570750 0.488697 0.570500 0.488531 0.569250 0.488032 0.568250 0.487367 0.566000 0.487035 0.565500 0.487035 0.565000 0.486536 0.563750 0.486536 0.563000 0.486203 0.562500 0.486203 0.562250 0.485871 0.561500 0.485871 0.560750
0 0.171044 0.557500 0.170545 0.558000 0.170379 0.559750 0.170213 0.560000 0.169880 0.560000 0.169880 0.578250 0.170213 0.578750 0.170213 0.582750 0.170545 0.583250 0.170379 0.585500 0.170545 0.585750 0.170545 0.586750 0.170711 0.587000 0.170711 0.589750 0.170878 0.590000 0.170878 0.590750 0.171709 0.590750 0.171875 0.590250 0.171875 0.589500 0.171709 0.589250 0.171709 0.586500 0.172041 0.585750 0.172041 0.585000 0.172207 0.584750 0.172041 0.584250 0.172207 0.583750 0.172041 0.583500 0.172041 0.579750 0.172207 0.579500 0.172207 0.577750 0.172041 0.577500 0.172041 0.575000 0.172207 0.574750 0.172041 0.574500 0.172041 0.571500 0.172207 0.571250 0.172041 0.570750 0.172374 0.570250 0.172374 0.569750 0.172540 0.569500 0.172540 0.569000 0.172374 0.568750 0.172540 0.568500 0.172540 0.567750 0.172374 0.567500 0.172374 0.562500 0.172041 0.561750 0.172041 0.560000 0.171709 0.559500 0.171709 0.558500 0.171376 0.557750
0 0.791722 0.554500 0.791057 0.554500 0.790891 0.554750 0.790392 0.554750 0.789894 0.555250 0.789561 0.555250 0.789229 0.555750 0.788730 0.556000 0.788231 0.556750 0.787899 0.556750 0.787068 0.558250 0.786735 0.558250 0.786403 0.558750 0.785738 0.559250 0.785406 0.559250 0.785073 0.559750 0.784574 0.560000 0.784076 0.560750 0.783910 0.560750 0.782081 0.563500 0.781915 0.564250 0.781416 0.565000 0.781250 0.565000 0.776596 0.572000 0.776596 0.572750 0.776762 0.573000 0.776928 0.572750 0.777261 0.572750 0.780253 0.568250 0.780419 0.567750 0.780585 0.567750 0.781582 0.566250 0.781749 0.566250 0.782247 0.565500 0.782414 0.565500 0.782912 0.564000 0.783245 0.563750 0.783411 0.563250 0.783743 0.562750 0.783910 0.562750 0.784408 0.561750 0.785239 0.561250 0.785406 0.560750 0.786070 0.560500 0.786403 0.560000 0.787068 0.559500 0.787400 0.559500 0.788065 0.558500 0.788231 0.558000 0.788730 0.558000 0.789062 0.557500 0.789395 0.557500 0.789894 0.556750 0.790891 0.556500 0.791057 0.556000 0.791556 0.556000 0.791722 0.555500
0 0.092420 0.546500 0.092254 0.546750 0.092254 0.547750 0.092586 0.548000 0.093750 0.550000 0.093750 0.550500 0.094415 0.552000 0.094581 0.552000 0.095080 0.553250 0.095911 0.554250 0.096077 0.555000 0.096576 0.555500 0.096742 0.556250 0.098072 0.558000 0.098238 0.558000 0.098903 0.559250 0.099235 0.559500 0.099734 0.559500 0.100731 0.561000 0.101562 0.561750 0.101562 0.562250 0.102227 0.563250 0.102227 0.563750 0.102560 0.564250 0.102560 0.564750 0.103557 0.566250 0.103557 0.566750 0.103890 0.567250 0.104056 0.568000 0.104887 0.569250 0.104887 0.569750 0.105219 0.570250 0.105219 0.570750 0.105386 0.571000 0.106217 0.571000 0.106217 0.569500 0.106383 0.569250 0.106217 0.569000 0.106217 0.568500 0.106549 0.567750 0.106549 0.566500 0.105884 0.565000 0.105884 0.564500 0.105552 0.564000 0.105718 0.563500 0.105386 0.563000 0.105386 0.562500 0.104555 0.561250 0.104056 0.561250 0.103225 0.560000 0.102726 0.559750 0.101396 0.557750 0.101064 0.557750 0.100898 0.557250 0.100233 0.556250 0.099734 0.556000 0.099402 0.555250 0.099235 0.555250 0.099069 0.554750 0.098737 0.554500 0.098737 0.554250 0.098238 0.554250 0.097074 0.552500 0.097074 0.552000 0.096742 0.551500 0.096742 0.551000 0.096243 0.550250 0.096243 0.550000 0.096077 0.550000 0.094914 0.548000 0.094249 0.547500 0.093750 0.546750
0 0.603557 0.545000 0.602726 0.546000 0.602726 0.549250 0.602394 0.549750 0.602394 0.551750 0.602061 0.552250 0.602061 0.553000 0.601895 0.553250 0.601895 0.563500 0.602227 0.564250 0.602227 0.566000 0.602726 0.567250 0.602726 0.569000 0.602892 0.569250 0.603059 0.572250 0.603225 0.572500 0.603225 0.573750 0.603391 0.574000 0.603391 0.575750 0.603723 0.576750 0.604222 0.576750 0.604222 0.576250 0.605053 0.575000 0.605386 0.576250 0.605884 0.576250 0.606217 0.575500 0.606383 0.573500 0.606051 0.573000 0.606051 0.571500 0.605718 0.571000 0.605718 0.567500 0.605386 0.566750 0.605386 0.566250 0.605053 0.565250 0.605053 0.558000 0.604887 0.557750 0.604887 0.554750 0.604721 0.554500 0.604721 0.552500 0.604887 0.552250 0.604887 0.551250 0.604721 0.551000 0.604721 0.548250 0.604222 0.547000 0.604056 0.545500
0 0.319315 0.535250 0.319149 0.535000 0.318650 0.535000 0.318484 0.535250 0.317487 0.535250 0.317320 0.535500 0.317154 0.535500 0.317154 0.535750 0.316988 0.536000 0.316822 0.536000 0.316656 0.536250 0.316489 0.536250 0.316489 0.537000 0.316656 0.537250 0.316988 0.537250 0.317154 0.537000 0.317320 0.537000 0.317487 0.536750 0.317653 0.536750 0.317819 0.537000 0.318152 0.537000 0.318318 0.536750 0.318484 0.536750 0.318650 0.536500 0.318816 0.536500 0.319149 0.536000 0.319315 0.536000
0 0.580120 0.534250 0.578790 0.534250 0.576795 0.536000 0.572307 0.541250 0.571642 0.541500 0.569315 0.544000 0.565492 0.547000 0.563165 0.550250 0.562999 0.551500 0.561503 0.554750 0.558178 0.560000 0.556682 0.564000 0.556682 0.565000 0.555851 0.566250 0.555685 0.568750 0.554355 0.575500 0.554521 0.576750 0.555186 0.576750 0.555685 0.574250 0.555519 0.574000 0.556350 0.571250 0.556350 0.570000 0.557181 0.569000 0.557181 0.568250 0.557680 0.567750 0.557513 0.567250 0.557846 0.566250 0.558677 0.565250 0.558511 0.565000 0.558843 0.564500 0.558843 0.563750 0.562168 0.558750 0.562500 0.556750 0.563497 0.555500 0.565658 0.550500 0.566323 0.550000 0.567985 0.547500 0.568484 0.547500 0.568983 0.546500 0.569315 0.546500 0.569980 0.545500 0.570479 0.545500 0.572473 0.542500 0.572972 0.542500 0.573471 0.541500 0.573969 0.541500 0.574634 0.540000 0.577460 0.538250 0.577626 0.537750 0.579122 0.536750 0.579455 0.536000 0.580120 0.535750
0 0.603391 0.527250 0.603391 0.527500 0.603225 0.527750 0.603225 0.528500 0.603391 0.528750 0.603391 0.530500 0.603557 0.530750 0.603557 0.538750 0.603391 0.539000 0.603391 0.540000 0.603225 0.540250 0.603225 0.540750 0.603391 0.541000 0.603391 0.541250 0.603890 0.541250 0.603890 0.541000 0.604056 0.540750 0.604056 0.540500 0.604222 0.540250 0.604222 0.539250 0.604388 0.539000 0.604388 0.537500 0.604555 0.537250 0.604555 0.537000 0.604721 0.536750 0.604721 0.536000 0.604555 0.535750 0.604555 0.534500 0.604721 0.534250 0.604721 0.530500 0.604555 0.530250 0.604555 0.529500 0.604388 0.529250 0.604388 0.529000 0.604222 0.528750 0.604222 0.527500 0.604056 0.527250
0 0.370180 0.518500 0.363032 0.519750 0.361702 0.520750 0.359375 0.521500 0.358211 0.522500 0.357713 0.522500 0.356383 0.523500 0.355053 0.524000 0.352726 0.525750 0.352227 0.526750 0.348903 0.529000 0.347573 0.529250 0.347074 0.529750 0.346410 0.529750 0.345578 0.530250 0.344581 0.530250 0.343584 0.531000 0.341755 0.531500 0.340426 0.532750 0.340426 0.534750 0.342586 0.535000 0.343085 0.534500 0.344082 0.534500 0.344581 0.534000 0.345412 0.534000 0.345911 0.533500 0.346908 0.533500 0.350565 0.531250 0.350898 0.531500 0.353059 0.530500 0.354887 0.530500 0.355219 0.530000 0.357547 0.529500 0.358211 0.528500 0.358876 0.528000 0.359541 0.528000 0.360040 0.527000 0.362035 0.525500 0.363032 0.525250 0.363697 0.524500 0.364694 0.524500 0.367021 0.522500 0.367520 0.522500 0.369016 0.521250 0.370013 0.521000 0.370180 0.520750 0.370013 0.519750
0 0.362201 0.511500 0.361868 0.511250 0.360871 0.511750 0.357879 0.514750 0.357547 0.514750 0.355884 0.516250 0.354887 0.516750 0.354222 0.516750 0.353557 0.517250 0.352892 0.517250 0.352227 0.517750 0.351230 0.517750 0.348570 0.519250 0.347906 0.519250 0.347241 0.519750 0.346077 0.520000 0.344747 0.521250 0.344415 0.521250 0.343916 0.521750 0.343418 0.521750 0.342254 0.522750 0.341922 0.522750 0.341589 0.523250 0.341090 0.523250 0.338763 0.525500 0.338763 0.527250 0.338930 0.527500 0.339594 0.527500 0.340426 0.526500 0.340758 0.526500 0.342420 0.525000 0.342919 0.525000 0.343251 0.524500 0.343750 0.524500 0.344249 0.524000 0.345246 0.524000 0.346908 0.523000 0.347739 0.523000 0.349734 0.521750 0.350399 0.521750 0.351729 0.521000 0.352394 0.521000 0.353723 0.520000 0.354555 0.520250 0.354887 0.520000 0.355386 0.518750 0.356715 0.518500 0.357214 0.518000 0.357713 0.518000 0.358211 0.517500 0.358876 0.517500 0.359209 0.517000 0.359707 0.517000 0.360705 0.515500 0.362201 0.514250 0.362201 0.513500 0.361536 0.513000 0.362201 0.512500
0 0.606383 0.505250 0.606217 0.505500 0.606051 0.505500 0.605718 0.506000 0.605718 0.506750 0.605552 0.507000 0.605552 0.508000 0.605386 0.508250 0.605386 0.509500 0.605219 0.509750 0.605219 0.510750 0.605053 0.511000 0.605053 0.512000 0.604887 0.512250 0.604887 0.513250 0.604721 0.513500 0.604721 0.515250 0.605053 0.515750 0.605053 0.516250 0.605386 0.516250 0.605552 0.516500 0.606217 0.516500 0.606217 0.516250 0.606383 0.516000 0.607547 0.516000 0.607713 0.516250 0.608544 0.516250 0.608710 0.516000 0.608876 0.516000 0.608876 0.515750 0.609209 0.515250 0.609209 0.514750 0.609375 0.514500 0.609375 0.511750 0.609541 0.511500 0.609541 0.510750 0.609707 0.510500 0.609707 0.510000 0.609541 0.509750 0.609541 0.509500 0.609707 0.509250 0.609707 0.506750 0.609541 0.506500 0.609541 0.506250 0.608876 0.506250 0.608544 0.505750 0.608544 0.505500 0.607879 0.505500 0.607713 0.505750 0.607214 0.505750 0.607048 0.505500 0.606715 0.505500 0.606549 0.505250
0 0.424368 0.438500 0.423039 0.437750 0.421709 0.437750 0.421044 0.438250 0.417553 0.438250 0.417221 0.438750 0.415891 0.438750 0.415392 0.439250 0.413231 0.439750 0.411902 0.440750 0.410406 0.440750 0.407081 0.442750 0.406749 0.443250 0.405419 0.443250 0.404422 0.444500 0.398604 0.448750 0.395612 0.452500 0.393783 0.454250 0.393285 0.455250 0.392287 0.455750 0.391456 0.457000 0.391456 0.457750 0.392121 0.458000 0.392786 0.457000 0.394116 0.457000 0.395113 0.456000 0.396110 0.456000 0.396443 0.455500 0.397773 0.455500 0.398105 0.455000 0.399102 0.455000 0.399435 0.454500 0.400100 0.454500 0.401097 0.453000 0.401762 0.453000 0.402427 0.452000 0.403424 0.451500 0.405086 0.449500 0.406749 0.449000 0.407746 0.448000 0.408411 0.448000 0.409408 0.447000 0.411070 0.446500 0.412068 0.445500 0.412733 0.445500 0.413065 0.445000 0.414062 0.445000 0.414561 0.444500 0.415725 0.444500 0.416057 0.444000 0.417387 0.444000 0.417719 0.443500 0.418551 0.443500 0.419714 0.442500 0.420545 0.442500 0.420711 0.442000 0.422374 0.441500 0.424202 0.440250
0 0.976729 0.419250 0.976729 0.420500 0.976895 0.420750 0.976895 0.422000 0.977560 0.423000 0.977892 0.423000 0.978225 0.423500 0.978557 0.423500 0.978723 0.423750 0.978723 0.424000 0.979056 0.424000 0.980219 0.425750 0.980219 0.426000 0.980552 0.426750 0.980552 0.427500 0.981051 0.428250 0.981051 0.428500 0.981217 0.428500 0.981383 0.428750 0.981383 0.429000 0.981882 0.429750 0.982048 0.430500 0.982214 0.430500 0.982879 0.431500 0.983045 0.431500 0.983378 0.432000 0.983710 0.432000 0.983876 0.432250 0.983876 0.432500 0.984043 0.432750 0.984375 0.434000 0.985040 0.435000 0.985871 0.435000 0.985871 0.434000 0.985372 0.433500 0.985372 0.433000 0.985206 0.432750 0.985206 0.432500 0.985040 0.432250 0.985040 0.432000 0.984874 0.431750 0.984541 0.430500 0.983876 0.429250 0.983876 0.428750 0.983544 0.428250 0.983544 0.428000 0.983378 0.427750 0.983378 0.427250 0.983211 0.427000 0.983211 0.426500 0.983045 0.426250 0.982879 0.425500 0.978391 0.418750 0.978225 0.418750 0.978059 0.419000 0.977227 0.419000 0.977061 0.419250
0 0.973404 0.410000 0.973404 0.410250 0.973238 0.410500 0.973238 0.410750 0.973404 0.411000 0.973404 0.411500 0.973737 0.412000 0.973737 0.412250 0.973903 0.412500 0.973903 0.413000 0.973737 0.413250 0.973737 0.413750 0.973903 0.414000 0.973903 0.414500 0.974568 0.414500 0.974734 0.414250 0.974734 0.411250 0.974568 0.411250 0.974069 0.410500 0.974069 0.410000
0 0.829289 0.395000 0.828956 0.396000 0.829122 0.396750 0.829455 0.397250 0.829455 0.397750 0.829953 0.398500 0.830286 0.399500 0.830286 0.400750 0.830618 0.401500 0.830618 0.402500 0.830951 0.403250 0.830951 0.405000 0.831283 0.405500 0.831283 0.406500 0.831616 0.407250 0.831616 0.408000 0.832447 0.410000 0.832613 0.411250 0.832945 0.411750 0.832945 0.413000 0.833278 0.413750 0.833278 0.415500 0.833610 0.416250 0.833610 0.417000 0.834441 0.419000 0.835605 0.420750 0.835938 0.422250 0.836104 0.422250 0.836769 0.423500 0.837267 0.425000 0.837101 0.425500 0.837267 0.426750 0.837766 0.427250 0.838431 0.427250 0.838431 0.426250 0.838098 0.425500 0.837434 0.422500 0.836602 0.421500 0.836436 0.420000 0.834940 0.418000 0.834774 0.417250 0.834940 0.417000 0.835605 0.417000 0.835771 0.416250 0.835605 0.415750 0.834940 0.415750 0.834608 0.416000 0.834109 0.415000 0.833943 0.413000 0.833610 0.412250 0.833777 0.412000 0.833777 0.411250 0.833610 0.410500 0.832945 0.409250 0.833278 0.408750 0.833278 0.407750 0.832281 0.405750 0.832281 0.405250 0.831782 0.404000 0.831782 0.402750 0.831449 0.402000 0.831449 0.401000 0.831117 0.400250 0.831117 0.399000 0.830120 0.397000 0.830120 0.396500 0.829621 0.395000
0 0.273438 0.375000 0.273271 0.376250 0.273438 0.377500 0.276097 0.377750 0.276430 0.378500 0.278258 0.380000 0.279255 0.380000 0.280253 0.381000 0.280918 0.381000 0.281250 0.381500 0.281915 0.381500 0.282247 0.382000 0.283245 0.382000 0.283577 0.382500 0.284408 0.382500 0.284574 0.383000 0.285239 0.383000 0.285406 0.383500 0.285904 0.383500 0.287068 0.384500 0.287234 0.385000 0.288231 0.385500 0.289229 0.387000 0.290060 0.387500 0.290559 0.388250 0.292886 0.390000 0.295213 0.391000 0.298039 0.393500 0.298703 0.393750 0.299535 0.394750 0.300366 0.395000 0.301197 0.396000 0.302360 0.396000 0.302360 0.395000 0.301695 0.394000 0.300199 0.392750 0.299368 0.391500 0.295545 0.388750 0.294714 0.387500 0.292886 0.385750 0.291390 0.383250 0.290392 0.382750 0.289727 0.381750 0.289062 0.381750 0.288730 0.381250 0.287566 0.381250 0.286569 0.380250 0.285904 0.380250 0.285572 0.379750 0.284907 0.379750 0.284574 0.379250 0.283910 0.379250 0.283577 0.378750 0.282912 0.378750 0.282580 0.378250 0.281915 0.378250 0.281582 0.377750 0.280918 0.377750 0.280585 0.377250 0.280086 0.377250 0.279588 0.376750 0.275432 0.376500 0.275266 0.375500 0.273936 0.374750
0 0.578790 0.359000 0.578624 0.359250 0.578624 0.360750 0.578790 0.361000 0.578790 0.361750 0.579122 0.362250 0.579122 0.363250 0.579455 0.363750 0.579455 0.364250 0.579787 0.364750 0.579787 0.365250 0.580452 0.366250 0.580452 0.366750 0.580951 0.367500 0.581117 0.368250 0.581782 0.369250 0.581782 0.369750 0.583278 0.372000 0.583278 0.372250 0.583444 0.372500 0.583444 0.372750 0.583777 0.373250 0.583777 0.373500 0.583943 0.373750 0.583943 0.374000 0.584109 0.374250 0.584275 0.375000 0.584608 0.375500 0.584608 0.376250 0.584774 0.376500 0.585273 0.376500 0.585439 0.376250 0.585439 0.374500 0.585106 0.374000 0.585106 0.373500 0.584940 0.373250 0.584940 0.372500 0.584608 0.372000 0.584608 0.371500 0.584441 0.371250 0.584275 0.370500 0.584109 0.370500 0.583777 0.370000 0.583777 0.369500 0.583610 0.369250 0.583610 0.369000 0.583278 0.368500 0.583278 0.368000 0.583112 0.368000 0.582945 0.367750 0.582945 0.367500 0.582613 0.367000 0.582613 0.366500 0.582281 0.366000 0.582281 0.365500 0.581782 0.364750 0.581782 0.364500 0.581616 0.364250 0.581616 0.364000 0.581449 0.363750 0.581283 0.363000 0.580618 0.362000 0.580618 0.361750 0.580286 0.361250 0.580286 0.361000 0.580120 0.361000 0.579953 0.360750 0.579953 0.360500 0.579621 0.360000 0.579621 0.359250 0.579455 0.359250 0.579289 0.359000
0 0.058677 0.326000 0.058677 0.327750 0.059508 0.328250 0.060672 0.329500 0.061336 0.329500 0.061835 0.330000 0.063331 0.330000 0.063664 0.330500 0.064661 0.330500 0.065160 0.331000 0.066323 0.331000 0.066656 0.331500 0.067653 0.331500 0.069149 0.332500 0.069980 0.332500 0.070479 0.333000 0.071310 0.333000 0.071809 0.333500 0.073305 0.333500 0.073969 0.334000 0.075632 0.334000 0.076463 0.334500 0.077626 0.334500 0.078457 0.335000 0.079621 0.335000 0.081283 0.336000 0.082945 0.336000 0.083777 0.336500 0.084275 0.336250 0.084275 0.335500 0.083943 0.335000 0.082779 0.334750 0.082613 0.334250 0.080120 0.333500 0.079122 0.332750 0.078624 0.332750 0.078457 0.333000 0.077460 0.332250 0.075465 0.332250 0.074801 0.331750 0.074136 0.331750 0.073138 0.330750 0.071809 0.330750 0.071144 0.330250 0.070479 0.330250 0.069980 0.329750 0.069149 0.329750 0.068650 0.329250 0.067985 0.329250 0.066656 0.328250 0.065991 0.328250 0.065492 0.327750 0.065160 0.327750 0.064827 0.327250 0.064162 0.327250 0.063165 0.326250 0.062666 0.326250 0.062001 0.325250 0.061503 0.325250 0.061004 0.325750 0.059840 0.324750 0.059342 0.324750
0 0.234707 0.323000 0.234541 0.324000 0.234874 0.324500 0.234874 0.325500 0.235539 0.327000 0.235539 0.328750 0.236203 0.330500 0.236370 0.332250 0.236868 0.333000 0.237035 0.334250 0.237699 0.336000 0.237699 0.336750 0.238032 0.337500 0.238032 0.339250 0.239362 0.342750 0.239694 0.344750 0.241190 0.347500 0.241356 0.348250 0.242021 0.348750 0.242354 0.350000 0.243185 0.351250 0.243185 0.351750 0.244681 0.354000 0.244847 0.355250 0.245844 0.356750 0.247008 0.360500 0.247340 0.360750 0.247507 0.361750 0.248338 0.363000 0.248670 0.363000 0.249003 0.362500 0.249003 0.361750 0.248338 0.360250 0.248005 0.359000 0.248005 0.358000 0.247340 0.357000 0.247008 0.355000 0.246676 0.354500 0.246343 0.351750 0.245678 0.350250 0.245678 0.349250 0.244515 0.347250 0.242354 0.344750 0.242354 0.344250 0.241523 0.342750 0.241356 0.341750 0.240691 0.340250 0.240359 0.337750 0.238364 0.332000 0.237201 0.326250 0.237201 0.325250 0.236868 0.324500 0.236868 0.323500 0.236536 0.323000 0.235871 0.322750
0 0.083943 0.320250 0.084109 0.320500 0.084109 0.321250 0.084275 0.321500 0.085106 0.321500 0.085439 0.322000 0.085605 0.322000 0.086104 0.322500 0.086436 0.322500 0.086602 0.322750 0.086769 0.322750 0.087600 0.323500 0.087932 0.323500 0.088265 0.324000 0.088597 0.324000 0.088763 0.324250 0.088930 0.324250 0.089096 0.324500 0.089262 0.324500 0.089428 0.324750 0.089927 0.325000 0.090426 0.325750 0.090592 0.325750 0.091589 0.327250 0.091755 0.327250 0.093251 0.329500 0.093418 0.330250 0.093584 0.330250 0.093750 0.330500 0.094581 0.330500 0.094581 0.330000 0.094747 0.329750 0.094747 0.329500 0.094415 0.328750 0.094415 0.327000 0.094249 0.326750 0.094249 0.326500 0.093750 0.326500 0.093251 0.325750 0.093251 0.325500 0.091090 0.322250 0.090758 0.322250 0.090426 0.321750 0.089927 0.321750 0.089761 0.321500 0.089262 0.321250 0.088098 0.319750 0.087600 0.319750 0.087434 0.320000 0.087434 0.320500 0.087267 0.320750 0.086935 0.320750 0.086436 0.320250 0.085938 0.320250 0.085605 0.319750 0.084940 0.319750 0.084774 0.320000 0.084109 0.320000
0 0.037400 0.314750 0.037566 0.315000 0.038730 0.315000 0.039062 0.314500 0.040060 0.314500 0.041057 0.313500 0.043883 0.313500 0.044215 0.313000 0.048537 0.313000 0.048703 0.312500 0.049036 0.312500 0.049535 0.313000 0.050532 0.313000 0.050864 0.313500 0.052028 0.313500 0.052527 0.313000 0.053191 0.313000 0.054189 0.314000 0.054688 0.314000 0.055020 0.313500 0.058344 0.313500 0.058843 0.313000 0.060672 0.313000 0.061170 0.313500 0.062168 0.313500 0.062500 0.314000 0.063331 0.314000 0.063664 0.313500 0.064162 0.313500 0.064162 0.312500 0.063497 0.311250 0.063165 0.311250 0.062666 0.310750 0.059840 0.310750 0.059342 0.310250 0.056184 0.310250 0.055685 0.309750 0.053191 0.309750 0.052194 0.309250 0.048703 0.309250 0.048205 0.309750 0.046875 0.309750 0.045711 0.310750 0.044880 0.310750 0.043717 0.311250 0.041888 0.311250 0.041556 0.311750 0.039395 0.311750 0.039062 0.311250 0.037899 0.311250 0.037566 0.311500 0.037566 0.312500 0.038231 0.312750 0.038398 0.313250 0.037733 0.313500 0.037400 0.314250
0 0.559674 0.306500 0.559342 0.307000 0.559342 0.308750 0.560007 0.310250 0.560007 0.311250 0.560672 0.312000 0.561004 0.313250 0.560672 0.315000 0.562001 0.317750 0.562001 0.318500 0.563830 0.322000 0.564328 0.322000 0.566323 0.325250 0.566489 0.328000 0.567653 0.330500 0.568152 0.333500 0.569315 0.336500 0.569481 0.338250 0.570479 0.342250 0.571144 0.343750 0.571642 0.343750 0.571809 0.342750 0.572640 0.345500 0.573637 0.346500 0.574302 0.348500 0.575465 0.349250 0.576795 0.355750 0.578125 0.357000 0.578291 0.355000 0.577793 0.354000 0.577128 0.350000 0.576130 0.346500 0.573637 0.340500 0.573305 0.338500 0.572640 0.338000 0.572806 0.337750 0.572307 0.336000 0.571642 0.335000 0.571310 0.333750 0.570977 0.333750 0.570312 0.332500 0.568983 0.328500 0.568318 0.324500 0.567819 0.324250 0.567653 0.323000 0.565824 0.319250 0.564993 0.315500 0.563664 0.314250 0.562832 0.310750 0.561835 0.310000 0.560838 0.307250
0 0.275432 0.278500 0.275266 0.278750 0.275266 0.280000 0.275598 0.281250 0.275266 0.281750 0.275266 0.282750 0.275598 0.283500 0.275598 0.284250 0.276097 0.285000 0.276762 0.288250 0.278092 0.291750 0.278092 0.292750 0.278757 0.294750 0.278757 0.297750 0.278923 0.298500 0.279422 0.299000 0.280086 0.298750 0.280419 0.299500 0.280419 0.300750 0.281084 0.302750 0.281084 0.304250 0.281749 0.307250 0.281915 0.309000 0.282414 0.310250 0.282580 0.311500 0.283245 0.312000 0.283577 0.311500 0.283577 0.309000 0.282247 0.304500 0.282247 0.303250 0.281749 0.301000 0.281749 0.299500 0.281250 0.298750 0.281250 0.297500 0.280918 0.296750 0.280918 0.295500 0.280585 0.294750 0.280585 0.293250 0.280419 0.292750 0.279920 0.292500 0.279920 0.289000 0.279588 0.288250 0.279588 0.286000 0.279089 0.285000 0.279089 0.284250 0.278923 0.283500 0.278590 0.283000 0.278590 0.282500 0.277759 0.281250 0.276430 0.281000 0.276097 0.280500 0.276097 0.279500 0.275931 0.279000
0 0.819814 0.273000 0.819980 0.273250 0.819980 0.273500 0.820146 0.273750 0.820312 0.273750 0.820479 0.274000 0.820645 0.274000 0.821144 0.274750 0.821310 0.274750 0.821476 0.275000 0.821642 0.275000 0.821809 0.275250 0.821975 0.275250 0.822141 0.275500 0.822307 0.275500 0.822473 0.275750 0.822640 0.275750 0.822806 0.276000 0.822972 0.276000 0.823138 0.276250 0.823138 0.276500 0.823305 0.276750 0.823969 0.276750 0.824136 0.277000 0.825964 0.277000 0.825964 0.276500 0.826130 0.276250 0.825964 0.276000 0.825964 0.275750 0.824136 0.275750 0.823969 0.275500 0.823803 0.275500 0.823637 0.275250 0.823471 0.275250 0.823305 0.275000 0.823138 0.275000 0.822972 0.274750 0.822806 0.274750 0.822640 0.274500 0.822473 0.274500 0.822307 0.274250 0.822141 0.274250 0.821975 0.274000 0.821809 0.274000 0.821642 0.273750 0.821476 0.273750 0.820977 0.273000 0.820811 0.273000 0.820645 0.272750 0.819980 0.272750
0 0.632480 0.262500 0.632646 0.269250 0.633644 0.276000 0.634309 0.284250 0.633976 0.298750 0.634641 0.300750 0.635140 0.304750 0.635805 0.307000 0.635805 0.308750 0.636137 0.309250 0.636469 0.315750 0.636802 0.316250 0.637134 0.321000 0.637467 0.321750 0.637467 0.325750 0.639461 0.331750 0.639295 0.332750 0.639794 0.334250 0.639794 0.335750 0.640459 0.336750 0.640459 0.339250 0.641124 0.340250 0.641124 0.341750 0.641622 0.342000 0.642121 0.341750 0.642287 0.337500 0.642952 0.334000 0.642786 0.320500 0.643285 0.319250 0.642952 0.312750 0.643451 0.310250 0.642786 0.300000 0.640791 0.287750 0.638464 0.278000 0.636469 0.272250 0.635805 0.267750 0.634807 0.264750 0.633477 0.262750 0.632979 0.263000
0 0.816157 0.260000 0.816157 0.261250 0.816489 0.261750 0.816489 0.262000 0.816822 0.262000 0.817154 0.262500 0.817320 0.262500 0.817985 0.263500 0.818152 0.263500 0.818484 0.264000 0.818650 0.264000 0.818983 0.264500 0.819149 0.264500 0.819481 0.265000 0.819648 0.265000 0.820146 0.265750 0.820312 0.265750 0.820645 0.266250 0.820811 0.266250 0.821476 0.267250 0.821642 0.267250 0.821809 0.267500 0.821809 0.267750 0.822141 0.267750 0.822806 0.268750 0.822972 0.268750 0.823138 0.269000 0.823138 0.269250 0.824136 0.270750 0.824302 0.270750 0.824468 0.271000 0.824468 0.271250 0.824967 0.271500 0.825465 0.272250 0.825798 0.272250 0.825964 0.272500 0.827294 0.272500 0.827294 0.271750 0.827460 0.271500 0.827626 0.271500 0.827626 0.271250 0.827793 0.271000 0.827793 0.269500 0.827626 0.269250 0.827626 0.269000 0.827460 0.269000 0.826961 0.268500 0.826961 0.268000 0.826297 0.267000 0.825964 0.267000 0.825465 0.266250 0.825133 0.266250 0.824634 0.265500 0.824468 0.265500 0.824302 0.265250 0.823471 0.264750 0.822972 0.264000 0.822806 0.264000 0.822640 0.263750 0.822473 0.263750 0.822307 0.263500 0.822141 0.263500 0.821975 0.263250 0.821809 0.263250 0.820312 0.262000 0.819814 0.262000 0.819648 0.261750 0.819481 0.261750 0.819149 0.261250 0.818816 0.261250 0.818484 0.260750 0.817819 0.260750 0.817487 0.260250 0.817154 0.260250 0.816988 0.260000 0.816489 0.260000 0.816323 0.259750
0 0.535572 0.250000 0.535572 0.250750 0.535073 0.251250 0.535073 0.252250 0.535572 0.252750 0.535572 0.253000 0.536070 0.253750 0.536237 0.254500 0.537234 0.256250 0.537234 0.257000 0.537566 0.257750 0.537566 0.258250 0.538065 0.259750 0.538065 0.260250 0.538564 0.261750 0.538564 0.262250 0.539561 0.265250 0.540392 0.266750 0.540392 0.267750 0.540725 0.268250 0.540725 0.269250 0.541057 0.269750 0.541057 0.271250 0.541390 0.272000 0.541390 0.272750 0.541722 0.273250 0.541722 0.273750 0.542387 0.274250 0.542387 0.274750 0.542719 0.275250 0.542719 0.275750 0.543218 0.277000 0.543551 0.277250 0.544049 0.277250 0.544049 0.276250 0.543551 0.275000 0.543551 0.274000 0.543384 0.273750 0.543717 0.273250 0.543883 0.273250 0.543883 0.272250 0.543052 0.270000 0.543052 0.269500 0.542719 0.268750 0.542719 0.268250 0.542387 0.268000 0.542387 0.267250 0.541057 0.263500 0.541057 0.263000 0.540725 0.262250 0.540725 0.261750 0.540060 0.260750 0.540060 0.260000 0.539727 0.259750 0.539727 0.259000 0.538896 0.256750 0.538896 0.255750 0.538730 0.255500 0.538730 0.255000 0.538398 0.254000 0.537899 0.253250 0.537733 0.252500 0.537234 0.251750 0.537068 0.251000 0.536403 0.250000
0 0.774601 0.244750 0.774601 0.245750 0.774934 0.246250 0.774934 0.246750 0.775100 0.247000 0.775100 0.247750 0.775266 0.247750 0.775432 0.248000 0.775765 0.248000 0.776430 0.249000 0.777094 0.249000 0.777261 0.249250 0.777427 0.249250 0.777759 0.249750 0.777926 0.249750 0.778092 0.250000 0.778258 0.250000 0.779255 0.251500 0.779588 0.251500 0.779920 0.252000 0.780086 0.252000 0.780419 0.252500 0.783577 0.252500 0.784076 0.252000 0.784076 0.251000 0.783910 0.251000 0.783743 0.250750 0.782580 0.250750 0.782081 0.250250 0.781749 0.250250 0.781582 0.250000 0.781250 0.250000 0.781084 0.249750 0.780918 0.249750 0.780585 0.249250 0.780419 0.249250 0.780086 0.248750 0.779920 0.248750 0.779754 0.248500 0.779588 0.248500 0.779089 0.247750 0.778923 0.247750 0.778757 0.247500 0.778590 0.247500 0.778258 0.247000 0.778092 0.247000 0.777759 0.246500 0.777593 0.246500 0.777427 0.246250 0.777261 0.246250 0.776928 0.245750 0.776762 0.245750 0.776430 0.245250 0.776263 0.245250 0.776097 0.245000 0.775765 0.245000 0.775432 0.245500 0.775100 0.245000 0.775100 0.244750
0 0.127826 0.242250 0.127327 0.242250 0.127327 0.242750 0.127161 0.243000 0.127161 0.244250 0.127327 0.244500 0.127327 0.245500 0.127161 0.245750 0.127327 0.246250 0.127161 0.246500 0.127161 0.248750 0.127327 0.249000 0.126995 0.250000 0.126828 0.252250 0.126662 0.252500 0.126662 0.253250 0.126330 0.254500 0.126330 0.255500 0.126164 0.255750 0.126164 0.256750 0.126330 0.257000 0.125997 0.258000 0.125997 0.259250 0.125665 0.260000 0.125665 0.260750 0.125499 0.261000 0.125665 0.262250 0.125166 0.263750 0.125000 0.270750 0.124668 0.272000 0.124668 0.273750 0.125166 0.273750 0.125332 0.273500 0.125332 0.272750 0.125665 0.271750 0.125665 0.270500 0.125831 0.270250 0.125831 0.267750 0.126330 0.267250 0.126330 0.266750 0.126496 0.266500 0.126496 0.265000 0.126164 0.265000 0.125831 0.264500 0.125831 0.264000 0.126164 0.263500 0.126164 0.263000 0.126330 0.262750 0.126330 0.260750 0.126496 0.260500 0.126496 0.260000 0.126662 0.259750 0.126662 0.258750 0.126995 0.257750 0.126995 0.255250 0.127327 0.254250 0.127493 0.251750 0.127660 0.251500 0.127493 0.251000 0.127826 0.250500 0.127826 0.250000 0.127992 0.249750 0.127992 0.243000 0.127826 0.242750
0 0.533245 0.235750 0.533078 0.236000 0.533078 0.237500 0.533577 0.238250 0.533577 0.238500 0.534242 0.239500 0.534242 0.240250 0.534574 0.240750 0.534574 0.241000 0.534907 0.241500 0.534907 0.241750 0.535073 0.242000 0.535073 0.242250 0.535406 0.242750 0.535406 0.243000 0.535738 0.243500 0.535738 0.243750 0.535904 0.244000 0.535904 0.244250 0.536237 0.244750 0.536237 0.245000 0.536403 0.245250 0.536403 0.245500 0.536569 0.245750 0.536569 0.246000 0.536902 0.246500 0.536902 0.246750 0.537400 0.247500 0.537400 0.247750 0.537566 0.248000 0.537566 0.248250 0.537733 0.248250 0.537899 0.248500 0.538398 0.248500 0.538564 0.248250 0.538564 0.246500 0.538231 0.246000 0.538231 0.245000 0.537733 0.244250 0.537733 0.244000 0.537566 0.243750 0.537566 0.243500 0.537400 0.243250 0.537400 0.243000 0.537234 0.243000 0.537068 0.242750 0.537068 0.242250 0.536735 0.241750 0.536735 0.241500 0.536237 0.240750 0.536237 0.240500 0.536070 0.240250 0.535904 0.240250 0.535738 0.240000 0.535738 0.239750 0.535572 0.239500 0.535572 0.239250 0.535406 0.239000 0.535406 0.238750 0.535239 0.238500 0.535239 0.238250 0.534741 0.237500 0.534574 0.237500 0.534076 0.236750 0.534076 0.236500 0.533910 0.236250 0.533910 0.236000 0.533743 0.235750
0 0.831616 0.235250 0.831283 0.235750 0.831283 0.236250 0.831782 0.237000 0.831616 0.237250 0.831283 0.237250 0.831117 0.237500 0.831117 0.238250 0.831948 0.239500 0.831948 0.240000 0.833112 0.241750 0.833112 0.242000 0.833943 0.243250 0.833943 0.243500 0.834275 0.244000 0.834441 0.244000 0.834608 0.244250 0.834608 0.244500 0.834940 0.245000 0.835106 0.245000 0.835439 0.245500 0.835938 0.245500 0.836104 0.245250 0.836104 0.245000 0.836270 0.244750 0.836436 0.244750 0.837434 0.246250 0.837932 0.246250 0.837932 0.245250 0.837766 0.245250 0.837600 0.245000 0.837600 0.244750 0.836602 0.243250 0.836602 0.243000 0.834940 0.240500 0.834940 0.240250 0.834774 0.240250 0.834608 0.240000 0.834608 0.239750 0.834109 0.239000 0.833943 0.239000 0.833444 0.238250 0.833444 0.238000 0.832945 0.237250 0.832945 0.237000 0.832779 0.237000 0.832613 0.236750 0.832613 0.236500 0.832281 0.236000 0.832281 0.235750 0.831948 0.235250
0 0.962766 0.224500 0.962766 0.225250 0.962101 0.225500 0.962267 0.227000 0.961602 0.227500 0.961602 0.228750 0.961935 0.229250 0.961935 0.229750 0.962766 0.231000 0.962600 0.231250 0.963265 0.232250 0.963265 0.233250 0.963597 0.233750 0.963597 0.234750 0.964262 0.236250 0.964262 0.237250 0.964927 0.238250 0.964927 0.239250 0.966257 0.244000 0.966922 0.248250 0.967254 0.249000 0.967254 0.249750 0.967753 0.251000 0.968085 0.251250 0.968085 0.252250 0.968418 0.253000 0.968251 0.253250 0.968584 0.253750 0.968584 0.254250 0.969249 0.255250 0.969249 0.255750 0.970578 0.257750 0.970911 0.259250 0.971410 0.259500 0.972407 0.261000 0.973570 0.261250 0.973570 0.258500 0.973404 0.258250 0.973404 0.256500 0.973238 0.256250 0.973238 0.252500 0.972906 0.252000 0.972906 0.251250 0.972573 0.250500 0.972573 0.249000 0.972241 0.248500 0.971742 0.246250 0.971742 0.243250 0.971410 0.242500 0.971410 0.241750 0.970578 0.239750 0.970412 0.238500 0.969415 0.236500 0.969415 0.235750 0.968916 0.235000 0.968750 0.233500 0.967753 0.231500 0.967420 0.230250 0.967420 0.229000 0.966755 0.228000 0.966755 0.227500 0.965259 0.225250 0.964927 0.225250 0.964594 0.224750
0 0.744182 0.212000 0.743684 0.212500 0.743684 0.213000 0.743351 0.213500 0.743019 0.214500 0.743019 0.215250 0.742686 0.216000 0.742686 0.216500 0.742354 0.217000 0.742354 0.218250 0.742188 0.218500 0.742188 0.219500 0.742021 0.219750 0.742021 0.220750 0.741855 0.221000 0.741855 0.222750 0.741689 0.223000 0.741689 0.225750 0.742021 0.226500 0.742021 0.229250 0.742354 0.229750 0.742520 0.230250 0.742520 0.230750 0.742686 0.231000 0.742520 0.231750 0.742686 0.232000 0.742686 0.233000 0.742852 0.233250 0.742852 0.234250 0.743019 0.234500 0.743019 0.235000 0.743351 0.236000 0.743684 0.236500 0.743684 0.237000 0.744348 0.238000 0.744847 0.238000 0.745013 0.237750 0.745013 0.233250 0.744515 0.232250 0.744515 0.229750 0.744847 0.229250 0.744847 0.226250 0.745013 0.226000 0.744681 0.225000 0.744681 0.219500 0.744515 0.219250 0.744515 0.218750 0.744681 0.218500 0.744681 0.217000 0.744847 0.216750 0.744847 0.215000 0.744515 0.214500 0.744515 0.212250
0 0.537234 0.191250 0.537234 0.191500 0.537733 0.192250 0.537733 0.192500 0.538065 0.193000 0.538231 0.193000 0.538896 0.194000 0.539062 0.194000 0.539561 0.194750 0.539727 0.194750 0.539894 0.195000 0.539894 0.195250 0.540060 0.195250 0.540392 0.195750 0.540559 0.195750 0.541223 0.196750 0.541390 0.196750 0.542553 0.198500 0.542553 0.199000 0.542886 0.199000 0.543883 0.200500 0.544215 0.200500 0.544880 0.201500 0.545047 0.201500 0.545213 0.201750 0.545213 0.202000 0.545545 0.202500 0.545878 0.202500 0.546875 0.204000 0.547374 0.204000 0.547540 0.203750 0.547540 0.203000 0.547207 0.202500 0.547207 0.202000 0.547041 0.201750 0.546875 0.201750 0.546709 0.201500 0.546709 0.201250 0.546543 0.201250 0.546044 0.200500 0.545545 0.200500 0.545379 0.200250 0.545213 0.200250 0.545047 0.200000 0.545047 0.199750 0.544548 0.199000 0.544049 0.198750 0.542719 0.196750 0.542553 0.196750 0.541888 0.195750 0.541722 0.195750 0.541057 0.194750 0.540891 0.194750 0.540226 0.193750 0.540060 0.193750 0.539561 0.193000 0.539395 0.193000 0.538730 0.192000 0.538564 0.192000 0.538065 0.191250 0.537899 0.191250 0.537733 0.191000 0.537400 0.191000
0 0.793384 0.188000 0.793384 0.188750 0.793551 0.189000 0.793883 0.190250 0.794215 0.190750 0.794215 0.191750 0.794548 0.192250 0.794714 0.192250 0.795213 0.192750 0.795213 0.193250 0.795711 0.194000 0.795711 0.194500 0.796376 0.195500 0.796543 0.196750 0.796709 0.196750 0.797207 0.197500 0.797207 0.197750 0.797872 0.198750 0.797872 0.199250 0.798205 0.199750 0.798703 0.200000 0.799701 0.201500 0.800033 0.201500 0.800199 0.201750 0.800366 0.201750 0.800532 0.202000 0.800532 0.202250 0.800698 0.202250 0.800864 0.202500 0.801695 0.202500 0.801695 0.202000 0.802028 0.201500 0.802194 0.201750 0.802360 0.201750 0.802859 0.202500 0.803524 0.202500 0.803690 0.202250 0.803690 0.201500 0.803524 0.201250 0.803524 0.201000 0.803690 0.200750 0.803690 0.200000 0.802693 0.198500 0.802693 0.198250 0.802360 0.197750 0.802360 0.197500 0.802028 0.197000 0.801862 0.197000 0.801363 0.196500 0.801363 0.196000 0.801031 0.195500 0.800864 0.195500 0.800366 0.194750 0.800366 0.194500 0.800199 0.194250 0.800033 0.194250 0.799368 0.193250 0.799202 0.193250 0.798205 0.192000 0.798039 0.192000 0.797374 0.191000 0.797207 0.191000 0.796543 0.190000 0.796376 0.190000 0.795878 0.189250 0.795711 0.189250 0.795047 0.188250 0.794714 0.188250 0.794215 0.187750 0.793551 0.187750
0 0.109874 0.160250 0.109874 0.163750 0.111037 0.165500 0.111370 0.165500 0.111702 0.166500 0.115027 0.169500 0.117354 0.173000 0.118019 0.175000 0.119016 0.176000 0.119515 0.176000 0.120844 0.177750 0.120180 0.182250 0.120180 0.187250 0.119681 0.189750 0.119847 0.191000 0.119348 0.192250 0.119515 0.193250 0.119182 0.194500 0.119182 0.197000 0.118019 0.203000 0.118019 0.204250 0.118517 0.204250 0.119016 0.203500 0.119681 0.199000 0.120013 0.198500 0.120346 0.192250 0.120678 0.191500 0.120678 0.189250 0.121011 0.188750 0.121011 0.184500 0.121343 0.184000 0.121676 0.179250 0.122008 0.178250 0.122008 0.175000 0.123172 0.168750 0.123836 0.162000 0.123338 0.161000 0.122673 0.161000 0.122507 0.161500 0.122507 0.165000 0.121842 0.167250 0.121509 0.172000 0.121011 0.174500 0.117188 0.167250 0.114860 0.165500 0.111037 0.160500
0 0.126995 0.146500 0.126330 0.146500 0.126164 0.146750 0.126164 0.152500 0.125831 0.153500 0.125831 0.160000 0.125499 0.160750 0.125499 0.166000 0.125831 0.166500 0.125831 0.168250 0.125499 0.169250 0.125499 0.173500 0.124834 0.175250 0.124834 0.176000 0.125499 0.176000 0.125499 0.175750 0.125831 0.175500 0.125831 0.174750 0.126164 0.174500 0.126164 0.174000 0.126330 0.173750 0.126330 0.169250 0.126662 0.168500 0.126662 0.166000 0.126330 0.165500 0.126330 0.162000 0.126662 0.161000 0.127161 0.161000 0.127327 0.160750 0.127327 0.160000 0.127493 0.159750 0.127493 0.156750 0.127660 0.156500 0.127660 0.151000 0.127327 0.150000 0.127327 0.147000
0 0.971243 0.116500 0.970911 0.117000 0.970911 0.118750 0.970578 0.119500 0.970578 0.126750 0.970911 0.127750 0.970911 0.128500 0.971243 0.129250 0.971243 0.131000 0.971576 0.131750 0.971576 0.133000 0.971908 0.133750 0.971908 0.134250 0.972241 0.135250 0.972241 0.136500 0.972573 0.137250 0.972573 0.137750 0.972906 0.138250 0.973404 0.139750 0.973404 0.140500 0.974235 0.143000 0.974235 0.144000 0.975066 0.145500 0.975399 0.145500 0.975731 0.145000 0.975731 0.143250 0.975898 0.143000 0.975898 0.142250 0.976064 0.141750 0.975731 0.140750 0.975731 0.139750 0.975399 0.139250 0.975399 0.136750 0.975066 0.136250 0.975066 0.133750 0.974734 0.133000 0.974734 0.131500 0.974568 0.131250 0.974568 0.130750 0.974402 0.130500 0.974402 0.129500 0.974069 0.128500 0.974069 0.127000 0.973737 0.126250 0.973737 0.123500 0.973570 0.123250 0.973570 0.121750 0.973404 0.121500 0.973404 0.120500 0.973238 0.120000 0.973072 0.120000 0.972739 0.119500 0.972739 0.118250 0.972407 0.118250 0.972074 0.117750 0.971908 0.116500
0 0.977061 0.113500 0.977061 0.115750 0.978059 0.117250 0.978059 0.117750 0.978391 0.118250 0.978391 0.118750 0.980552 0.122000 0.980552 0.122250 0.981051 0.122750 0.982713 0.126750 0.983544 0.128000 0.983544 0.128250 0.984043 0.128750 0.984209 0.129750 0.984541 0.130250 0.984541 0.130750 0.984874 0.131500 0.984874 0.132250 0.985206 0.132750 0.985206 0.133500 0.985539 0.134250 0.985539 0.135000 0.985871 0.135750 0.985871 0.136750 0.986203 0.137500 0.986203 0.138250 0.987035 0.140000 0.987201 0.141000 0.987866 0.141500 0.988364 0.140750 0.988364 0.140000 0.988032 0.139500 0.988032 0.138500 0.987699 0.138000 0.987699 0.137000 0.987367 0.136500 0.987367 0.136000 0.986702 0.134500 0.986702 0.132750 0.986370 0.132000 0.986370 0.130500 0.986037 0.130000 0.986037 0.129500 0.985705 0.129000 0.985705 0.128500 0.985040 0.127500 0.985040 0.127000 0.984707 0.126500 0.984707 0.126000 0.984043 0.125000 0.983710 0.124000 0.983710 0.123500 0.983378 0.123000 0.983378 0.122500 0.982547 0.121250 0.982380 0.120500 0.981549 0.119250 0.981383 0.119250 0.981217 0.118750 0.977892 0.113750 0.977560 0.113500
0 0.527926 0.067750 0.527926 0.068750 0.528590 0.070250 0.528590 0.071250 0.528923 0.071750 0.528923 0.072250 0.532081 0.077000 0.536237 0.081750 0.537234 0.081750 0.538231 0.082750 0.539561 0.084750 0.539894 0.085750 0.540559 0.086250 0.542553 0.089250 0.543551 0.090250 0.547374 0.091750 0.548537 0.092750 0.549036 0.092750 0.550199 0.093750 0.550698 0.093750 0.552859 0.096250 0.553524 0.096000 0.553358 0.095000 0.552194 0.093000 0.552194 0.092500 0.551363 0.092250 0.551031 0.091250 0.550532 0.091250 0.550366 0.090750 0.550033 0.090750 0.549701 0.090250 0.548703 0.090250 0.548371 0.089750 0.546210 0.089750 0.545711 0.089250 0.544714 0.089000 0.543218 0.087750 0.542387 0.086500 0.541888 0.086250 0.541390 0.085500 0.541390 0.085000 0.540891 0.084750 0.538730 0.081500 0.538730 0.081000 0.538398 0.080500 0.537234 0.080000 0.533743 0.075750 0.532580 0.075000 0.529754 0.069000 0.529422 0.069000 0.528757 0.067500
0 0.507314 0.030750 0.507148 0.031000 0.507148 0.033000 0.507314 0.033250 0.507314 0.033750 0.507646 0.034500 0.507646 0.035750 0.507979 0.036250 0.507979 0.036750 0.508311 0.037250 0.508311 0.037750 0.508810 0.039000 0.508810 0.039500 0.508976 0.039750 0.508976 0.040250 0.510306 0.042250 0.510472 0.042250 0.510638 0.042500 0.510638 0.042750 0.511137 0.043500 0.511303 0.044250 0.511802 0.045000 0.511968 0.045750 0.513298 0.048000 0.513630 0.049250 0.514461 0.049250 0.514461 0.048750 0.514628 0.048500 0.514461 0.048250 0.514794 0.047750 0.514794 0.047000 0.514461 0.046500 0.514461 0.046000 0.514295 0.046000 0.514129 0.045750 0.514129 0.045500 0.513797 0.045000 0.513797 0.044750 0.513464 0.044000 0.513464 0.043500 0.513298 0.043500 0.512965 0.043000 0.512965 0.042750 0.512799 0.042500 0.512799 0.042000 0.511802 0.040500 0.511469 0.040500 0.510472 0.039000 0.510472 0.038500 0.509807 0.037500 0.509807 0.037000 0.509475 0.036500 0.509475 0.036000 0.509142 0.035500 0.509142 0.035000 0.508810 0.034500 0.508810 0.034000 0.508477 0.033500 0.508477 0.033000 0.507979 0.031750 0.507979 0.031250 0.507812 0.031000 0.507812 0.030750
0 0.610539 0.000000 0.610539 0.000500 0.610206 0.001000 0.610206 0.002250 0.610372 0.002500 0.610372 0.003750 0.610539 0.004000 0.610539 0.005250 0.610705 0.005500 0.610372 0.006000 0.610206 0.005750 0.609874 0.006250 0.609874 0.006500 0.610206 0.007000 0.610705 0.007000 0.610871 0.007250 0.610871 0.012250 0.611203 0.012750 0.611203 0.015250 0.611702 0.016250 0.611702 0.019000 0.612035 0.020000 0.612035 0.021500 0.612201 0.021750 0.612201 0.022750 0.612367 0.023000 0.612367 0.025000 0.612533 0.025250 0.612533 0.026250 0.613032 0.026750 0.613032 0.027750 0.613364 0.028250 0.613863 0.028250 0.614195 0.027500 0.614195 0.026500 0.614029 0.026250 0.614029 0.024750 0.614195 0.024500 0.614195 0.019000 0.613863 0.018250 0.614029 0.018000 0.614029 0.016750 0.613697 0.015750 0.613697 0.012500 0.613364 0.011750 0.613364 0.010500 0.612866 0.009500 0.612866 0.008250 0.612699 0.008000 0.612699 0.006000 0.612533 0.005750 0.612533 0.004500 0.612367 0.004250 0.612367 0.003500 0.612035 0.002500 0.612035 0.001500 0.611536 0.000500 0.611536 0.000000