0 0.221742 0.939750 0.221576 0.939500 0.221077 0.939500 0.220745 0.940250 0.220412 0.940250 0.220412 0.940500 0.220246 0.940750 0.220246 0.941500 0.220080 0.941750 0.219747 0.941750 0.219581 0.941500 0.219082 0.941500 0.218584 0.942250 0.218085 0.942500 0.218085 0.942750 0.217919 0.943000 0.217753 0.943000 0.217586 0.943250 0.217254 0.943250 0.216755 0.944250 0.215924 0.944250 0.215426 0.945250 0.214927 0.945500 0.214428 0.946250 0.213098 0.946250 0.212932 0.947000 0.212434 0.947500 0.212434 0.948000 0.212267 0.948250 0.211935 0.948250 0.210605 0.950250 0.210439 0.950250 0.210439 0.951250 0.210605 0.951250 0.210771 0.951500 0.211602 0.951500 0.211769 0.951750 0.211769 0.952250 0.212101 0.952750 0.211769 0.953250 0.211769 0.954250 0.212434 0.954250 0.212600 0.953500 0.212766 0.953250 0.212932 0.953250 0.212932 0.953000 0.213763 0.951500 0.213763 0.951250 0.214927 0.949500 0.215592 0.949500 0.215758 0.949250 0.215758 0.948750 0.215924 0.948500 0.216257 0.948500 0.216922 0.947500 0.217586 0.947500 0.217753 0.947250 0.217753 0.946750 0.217919 0.946500 0.218251 0.946500 0.218418 0.946250 0.218584 0.946250 0.218584 0.946000 0.218916 0.945500 0.219581 0.945500 0.219747 0.945250 0.219747 0.944750 0.219914 0.944500 0.220246 0.944500 0.220412 0.944250 0.220412 0.943250 0.220911 0.942500 0.221077 0.942500 0.221077 0.941750 0.221243 0.941500 0.221742 0.941500
0 0.221742 0.928500 0.221077 0.928500 0.220911 0.928250 0.219914 0.928250 0.219581 0.928500 0.218750 0.929750 0.218750 0.930000 0.218418 0.930250 0.218251 0.930750 0.218085 0.930750 0.217919 0.931250 0.216589 0.932250 0.216423 0.932500 0.216423 0.933000 0.216257 0.933500 0.213098 0.938250 0.213098 0.938500 0.212766 0.938750 0.212766 0.939000 0.212267 0.939750 0.212267 0.940000 0.211935 0.940250 0.211769 0.940750 0.211436 0.941000 0.210439 0.942500 0.210439 0.943000 0.210106 0.944000 0.209774 0.944250 0.209774 0.945250 0.209940 0.945500 0.210439 0.945250 0.210605 0.944750 0.210938 0.944500 0.211104 0.944000 0.211104 0.943250 0.211935 0.942000 0.212101 0.942000 0.212434 0.942500 0.212932 0.942500 0.213265 0.941500 0.213597 0.941500 0.213930 0.941250 0.213763 0.941000 0.214428 0.940250 0.214428 0.939750 0.214594 0.939500 0.215093 0.939500 0.215093 0.938750 0.215259 0.938500 0.215259 0.938000 0.215592 0.937500 0.215758 0.937500 0.215758 0.937000 0.216090 0.936500 0.216423 0.936500 0.216423 0.935750 0.216589 0.935500 0.217088 0.935500 0.217088 0.934750 0.217254 0.934500 0.217753 0.934500 0.217919 0.934000 0.218251 0.933500 0.218418 0.933500 0.218916 0.932500 0.219747 0.932500 0.219747 0.931750 0.219914 0.931500 0.220412 0.931500 0.220911 0.930500 0.221576 0.930500 0.221742 0.930250
0 0.110040 0.862500 0.109874 0.862750 0.109874 0.864250 0.110372 0.865000 0.110040 0.865500 0.110040 0.866500 0.110372 0.867000 0.110539 0.868000 0.111203 0.868750 0.111370 0.869500 0.111868 0.870250 0.111868 0.871250 0.112699 0.873500 0.113364 0.873500 0.113697 0.874000 0.114029 0.875500 0.114195 0.875500 0.115193 0.877250 0.115359 0.878500 0.116356 0.880000 0.116523 0.880000 0.117852 0.882250 0.117852 0.882750 0.118517 0.884250 0.118517 0.885000 0.119016 0.886000 0.119016 0.887500 0.119182 0.887750 0.119182 0.888250 0.119681 0.888750 0.119681 0.890000 0.119847 0.890500 0.121177 0.890500 0.121343 0.890000 0.121343 0.888500 0.120678 0.888000 0.120844 0.887750 0.120678 0.887250 0.120678 0.886250 0.120180 0.885750 0.120013 0.882250 0.119681 0.882250 0.119515 0.882000 0.119515 0.880750 0.118684 0.879500 0.118684 0.878500 0.118517 0.878250 0.118185 0.878250 0.118019 0.878000 0.118019 0.877500 0.117354 0.876500 0.117188 0.874500 0.116855 0.874250 0.116689 0.873500 0.116356 0.873000 0.115359 0.870000 0.115359 0.869500 0.114195 0.868000 0.113863 0.865500 0.113364 0.865000 0.113198 0.864250 0.112699 0.863500 0.112699 0.862750 0.112367 0.862250 0.111536 0.862250 0.111203 0.863250 0.110871 0.863250 0.110539 0.862500
0 0.789561 0.750750 0.789561 0.751500 0.790559 0.751500 0.790725 0.751750 0.791556 0.751750 0.791722 0.752000 0.792553 0.752000 0.792719 0.752250 0.793551 0.752250 0.793717 0.752500 0.794548 0.752500 0.794714 0.752750 0.795545 0.752750 0.795711 0.753000 0.796543 0.753000 0.796709 0.753250 0.797540 0.753250 0.797706 0.753500 0.798537 0.753500 0.798703 0.753750 0.799535 0.753750 0.799701 0.754000 0.799867 0.753750 0.800033 0.753750 0.800033 0.753000 0.799867 0.752750 0.799701 0.752750 0.799535 0.752500 0.799368 0.752500 0.799202 0.752250 0.799036 0.752250 0.798870 0.752000 0.798703 0.752000 0.798205 0.751500 0.797374 0.751500 0.797207 0.751250 0.794548 0.751250 0.794382 0.751000 0.793883 0.751000 0.793717 0.750750 0.793218 0.750750 0.793052 0.750500 0.792387 0.750500 0.792055 0.750000 0.792055 0.749500 0.791556 0.749500 0.791390 0.749250 0.790725 0.749250 0.790559 0.749500 0.790392 0.749500 0.790392 0.750250 0.790226 0.750500 0.789727 0.750500
0 0.450465 0.748500 0.450299 0.750250 0.450964 0.750750 0.450964 0.753000 0.451629 0.754000 0.451629 0.756000 0.452294 0.757250 0.452294 0.759000 0.453624 0.763000 0.453790 0.765250 0.454455 0.765750 0.456449 0.771250 0.457114 0.771750 0.459608 0.777000 0.461104 0.782250 0.464262 0.787000 0.465093 0.790250 0.466257 0.792000 0.466423 0.794250 0.468916 0.798000 0.468916 0.799250 0.470911 0.805250 0.471077 0.807500 0.473737 0.814500 0.475565 0.817250 0.476396 0.820250 0.477726 0.822250 0.478723 0.822750 0.479555 0.828000 0.480884 0.830000 0.480884 0.831000 0.482214 0.832000 0.482547 0.833500 0.483544 0.833250 0.483544 0.832250 0.483045 0.831750 0.483045 0.829000 0.482380 0.827750 0.481715 0.824000 0.481051 0.823000 0.481051 0.821750 0.479056 0.818750 0.477061 0.811750 0.475731 0.809500 0.475565 0.807500 0.474734 0.807000 0.472407 0.799500 0.471742 0.798750 0.471576 0.796500 0.469082 0.792500 0.466922 0.786500 0.466257 0.786000 0.462267 0.773500 0.458278 0.768000 0.457613 0.765500 0.455785 0.762750 0.453125 0.755500 0.453125 0.753500 0.451795 0.751250 0.451795 0.749500
0 0.796875 0.721500 0.796875 0.722250 0.797041 0.722500 0.797872 0.722500 0.798039 0.722750 0.798039 0.724000 0.798371 0.724500 0.799368 0.724500 0.799701 0.723500 0.802360 0.723500 0.802859 0.724250 0.803690 0.724500 0.804854 0.725500 0.806848 0.725500 0.807680 0.726500 0.809508 0.726500 0.810339 0.727500 0.812832 0.727500 0.813664 0.728500 0.818816 0.728500 0.819481 0.727250 0.819481 0.726500 0.818983 0.726250 0.818650 0.725250 0.817985 0.725250 0.817320 0.724250 0.816323 0.724250 0.814827 0.723500 0.814162 0.722750 0.814162 0.722250 0.812666 0.722250 0.812168 0.721250 0.811004 0.721250 0.809840 0.720500 0.809342 0.720500 0.806017 0.718750 0.804521 0.718250 0.804023 0.717250 0.803690 0.717000 0.803358 0.715500 0.803191 0.715250 0.802527 0.715250 0.802360 0.714750 0.801695 0.714250 0.801197 0.713250 0.800366 0.713250 0.800033 0.713750 0.799535 0.715750 0.798870 0.716500 0.798703 0.717250 0.798703 0.720500 0.798205 0.721250 0.797041 0.721250
0 0.806682 0.700000 0.806682 0.700750 0.806848 0.701250 0.807181 0.701500 0.807846 0.701500 0.808012 0.701750 0.808012 0.702750 0.808178 0.703250 0.808843 0.704250 0.809176 0.704500 0.809674 0.704500 0.810339 0.705500 0.811669 0.705500 0.812500 0.706500 0.813664 0.706500 0.814162 0.707250 0.814495 0.707500 0.814993 0.707500 0.815824 0.708500 0.817154 0.708500 0.817487 0.709250 0.817819 0.709500 0.818983 0.709500 0.819149 0.710000 0.819648 0.710500 0.820146 0.710000 0.819980 0.709750 0.820146 0.709500 0.822473 0.709500 0.822806 0.710250 0.823138 0.710500 0.825299 0.710500 0.825465 0.710250 0.825465 0.709500 0.825299 0.709250 0.824468 0.709250 0.823969 0.708750 0.823969 0.708250 0.824136 0.708000 0.823803 0.707250 0.823138 0.707250 0.822307 0.706250 0.820977 0.706250 0.820479 0.705250 0.819814 0.705250 0.819149 0.704250 0.818816 0.704250 0.818152 0.703750 0.817653 0.703750 0.816988 0.703250 0.815824 0.703000 0.815326 0.702500 0.813996 0.702000 0.813165 0.701250 0.812001 0.701250 0.811004 0.700250 0.810505 0.700250 0.809840 0.699250 0.807015 0.699250
0 0.740359 0.675750 0.740359 0.676250 0.741024 0.677250 0.741356 0.677500 0.742021 0.677500 0.742354 0.678000 0.742354 0.678250 0.742686 0.678500 0.744016 0.678500 0.744515 0.679500 0.745678 0.679500 0.746343 0.680500 0.747008 0.680500 0.747673 0.681500 0.748338 0.681500 0.749169 0.682500 0.750000 0.682500 0.750499 0.683500 0.751330 0.683500 0.751828 0.684500 0.752826 0.684500 0.752992 0.684250 0.752992 0.683500 0.752493 0.682750 0.752660 0.682500 0.756815 0.682500 0.757148 0.681500 0.757646 0.681500 0.757646 0.680500 0.756981 0.679500 0.756981 0.678500 0.756815 0.678250 0.755153 0.678250 0.754987 0.678000 0.754156 0.678000 0.753989 0.677750 0.753491 0.677750 0.752826 0.677250 0.752161 0.677250 0.751995 0.677000 0.750831 0.676750 0.750166 0.676250 0.749501 0.676250 0.748670 0.675250 0.747340 0.675250 0.746676 0.674250 0.745844 0.674250 0.745346 0.673250 0.741855 0.673250 0.741689 0.673500 0.741689 0.674750 0.741356 0.675250 0.740691 0.675250
0 0.828956 0.662250 0.828624 0.662750 0.828624 0.663750 0.828457 0.664000 0.828457 0.664750 0.828624 0.665000 0.828624 0.665250 0.829122 0.666000 0.829122 0.666250 0.829289 0.666500 0.829289 0.667000 0.829787 0.667750 0.829787 0.668000 0.829953 0.668250 0.829953 0.669000 0.830120 0.669250 0.830120 0.669500 0.830618 0.670250 0.830618 0.671000 0.830785 0.671250 0.830785 0.671500 0.831283 0.672250 0.831283 0.673000 0.831948 0.673750 0.831948 0.675000 0.832613 0.675750 0.832779 0.676500 0.833278 0.677250 0.833278 0.678000 0.833610 0.678500 0.834441 0.678500 0.834608 0.678750 0.834608 0.679250 0.834774 0.679500 0.835106 0.679500 0.835273 0.679750 0.835273 0.680000 0.835938 0.680750 0.835938 0.681250 0.836104 0.681500 0.836602 0.681500 0.836769 0.681250 0.836769 0.679500 0.835938 0.678250 0.835771 0.678250 0.835273 0.677250 0.835106 0.677250 0.834940 0.677000 0.834940 0.676750 0.834774 0.676500 0.834774 0.675750 0.834275 0.675000 0.834275 0.674750 0.833444 0.673500 0.833444 0.673000 0.833278 0.672750 0.833278 0.672500 0.833112 0.672500 0.832779 0.672000 0.832779 0.671500 0.832281 0.670500 0.832281 0.670000 0.832114 0.669750 0.831948 0.669000 0.831616 0.668500 0.831616 0.668000 0.831449 0.667750 0.831449 0.666750 0.830286 0.664750 0.830286 0.664500 0.830120 0.664250 0.830120 0.663750 0.829621 0.663250 0.829621 0.662750 0.829455 0.662750 0.829122 0.662250
0 0.535904 0.646250 0.540725 0.662000 0.550532 0.679750 0.551363 0.689000 0.567320 0.721250 0.567653 0.729250 0.564827 0.721750 0.559508 0.714500 0.550033 0.690250 0.539395 0.672500 0.539395 0.678750 0.542221 0.687250 0.549368 0.699250 0.551862 0.708750 0.558012 0.722250 0.563331 0.741250 0.566323 0.745500 0.565326 0.747000 0.567487 0.752500 0.572141 0.776250 0.573305 0.789250 0.575964 0.795250 0.576629 0.802250 0.578457 0.802500 0.578956 0.800250 0.580785 0.799250 0.580785 0.790750 0.579455 0.787000 0.579455 0.776500 0.576795 0.760000 0.576795 0.752500 0.572141 0.722000 0.564661 0.699500 0.556848 0.686500 0.552028 0.673250 0.540891 0.656000 0.538231 0.647250
0 0.706948 0.601750 0.706449 0.601750 0.705120 0.603500 0.705120 0.604250 0.704787 0.604750 0.703790 0.604500 0.701795 0.619500 0.701795 0.623250 0.702294 0.624000 0.701795 0.629250 0.702294 0.630000 0.702294 0.630750 0.701629 0.632750 0.701629 0.639250 0.702128 0.641250 0.702294 0.646250 0.702626 0.646750 0.702959 0.648750 0.702959 0.653250 0.703624 0.654500 0.703790 0.658250 0.704455 0.658000 0.704455 0.655750 0.704953 0.655500 0.705120 0.654750 0.705120 0.650750 0.705785 0.650250 0.705785 0.644500 0.705120 0.641750 0.705120 0.635500 0.704455 0.634500 0.704455 0.630750 0.704122 0.629000 0.704455 0.627750 0.704455 0.624000 0.704953 0.623250 0.705120 0.618000 0.705618 0.617500 0.705785 0.616250 0.705785 0.612000 0.706283 0.611500 0.706449 0.610000 0.706948 0.609500 0.707114 0.608000 0.707613 0.607500 0.707613 0.606500 0.708278 0.605500 0.708278 0.604500 0.707945 0.604250 0.707114 0.604500 0.706616 0.605250 0.706449 0.605000 0.706449 0.603750 0.707114 0.603250
0 0.766290 0.581750 0.766124 0.582500 0.766290 0.583250 0.766789 0.584000 0.766789 0.585000 0.767453 0.586000 0.767620 0.588250 0.768285 0.589250 0.768783 0.591000 0.769448 0.592000 0.769614 0.593250 0.770778 0.594750 0.770944 0.595500 0.771277 0.595750 0.771609 0.597250 0.772274 0.598000 0.773936 0.601000 0.774601 0.601500 0.775100 0.602500 0.776430 0.602500 0.776596 0.603000 0.777261 0.603500 0.778424 0.603500 0.779255 0.604750 0.780585 0.605500 0.781084 0.605500 0.781582 0.606250 0.782081 0.606500 0.783078 0.606500 0.783577 0.607250 0.784408 0.607500 0.784907 0.608250 0.785239 0.608250 0.785572 0.608750 0.785572 0.609250 0.786070 0.609500 0.786735 0.609250 0.786902 0.608000 0.786735 0.607500 0.785904 0.607250 0.785572 0.606750 0.785406 0.605750 0.785572 0.605250 0.785406 0.604500 0.784907 0.603750 0.784741 0.602500 0.783910 0.602250 0.782746 0.600500 0.781915 0.600250 0.780086 0.597500 0.779255 0.597250 0.776430 0.593000 0.776263 0.591750 0.773936 0.588250 0.773271 0.588250 0.772939 0.587750 0.772939 0.586750 0.772606 0.586250 0.771443 0.586000 0.769947 0.583250 0.768783 0.583000 0.768118 0.582000 0.768118 0.581500 0.767786 0.581250 0.766789 0.581250
0 0.477726 0.317500 0.477394 0.318250 0.477560 0.322250 0.478225 0.323250 0.478225 0.329250 0.478723 0.329750 0.478391 0.330250 0.478391 0.331500 0.478890 0.332250 0.478890 0.339250 0.479555 0.340250 0.479555 0.344250 0.480219 0.345250 0.480219 0.350000 0.480884 0.350750 0.480884 0.353250 0.481383 0.353750 0.481549 0.355500 0.482048 0.356250 0.482879 0.368750 0.482879 0.377250 0.483544 0.377750 0.483544 0.386250 0.484209 0.387250 0.484209 0.391250 0.484874 0.391500 0.485206 0.388250 0.485539 0.388500 0.485539 0.390250 0.486370 0.390250 0.486370 0.386500 0.485871 0.385000 0.485040 0.377750 0.485040 0.374250 0.485705 0.373000 0.485705 0.369750 0.485040 0.367750 0.485040 0.359750 0.484375 0.358500 0.484375 0.349750 0.483710 0.348500 0.483710 0.343750 0.483045 0.342750 0.483045 0.336750 0.481715 0.333500 0.481715 0.331750 0.481217 0.331000 0.481051 0.328750 0.480386 0.326750 0.480386 0.321750 0.478391 0.319000 0.478391 0.317750
0 0.489029 0.316750 0.488863 0.318250 0.488198 0.319000 0.488198 0.320250 0.487699 0.320750 0.488198 0.322000 0.488364 0.325250 0.488863 0.326000 0.488863 0.332500 0.489528 0.334000 0.489694 0.337250 0.490193 0.338000 0.490858 0.345500 0.491689 0.347500 0.491523 0.348750 0.492021 0.351000 0.492188 0.353750 0.492852 0.355000 0.493019 0.356250 0.493850 0.356750 0.494182 0.357750 0.494182 0.359250 0.494847 0.360250 0.494847 0.364500 0.495013 0.365250 0.495512 0.365750 0.495512 0.369750 0.495678 0.370250 0.496343 0.370250 0.496842 0.371000 0.497008 0.373500 0.497673 0.374250 0.498172 0.374250 0.498338 0.372750 0.499003 0.371750 0.499003 0.364750 0.497673 0.360000 0.497673 0.357250 0.497008 0.355750 0.497008 0.345500 0.496842 0.344500 0.496343 0.343750 0.496343 0.338500 0.495512 0.336250 0.495512 0.335500 0.495013 0.334750 0.495013 0.331000 0.494348 0.330750 0.494182 0.331750 0.493850 0.332000 0.493019 0.330000 0.492852 0.328500 0.492188 0.327250 0.492188 0.325500 0.491689 0.324750 0.491523 0.322500 0.491024 0.321750 0.490858 0.317250 0.490359 0.316750
0 0.481051 0.287750 0.480884 0.294500 0.481051 0.296250 0.481549 0.297250 0.481549 0.315750 0.483544 0.335000 0.484375 0.335750 0.484874 0.350000 0.485539 0.351250 0.485539 0.356000 0.486203 0.357250 0.486203 0.362000 0.486868 0.362750 0.487035 0.367250 0.487699 0.368250 0.488198 0.368250 0.488364 0.361000 0.488863 0.361250 0.489029 0.362250 0.489528 0.362250 0.489694 0.360750 0.488364 0.356750 0.488364 0.354500 0.487699 0.352750 0.487699 0.349250 0.487035 0.347500 0.487035 0.338250 0.486370 0.336500 0.486370 0.332250 0.485705 0.331000 0.485705 0.325250 0.485040 0.323750 0.485040 0.315250 0.484375 0.314000 0.484375 0.310250 0.483710 0.309000 0.483045 0.304250 0.483045 0.300000 0.482380 0.299000 0.482380 0.289250 0.481549 0.287750
0 0.476396 0.221750 0.476230 0.222500 0.475565 0.223000 0.475565 0.225250 0.475066 0.225500 0.474900 0.226250 0.474900 0.232500 0.475565 0.234000 0.475565 0.238500 0.476230 0.240500 0.476230 0.246250 0.476895 0.249500 0.476895 0.266000 0.477726 0.266000 0.477726 0.258000 0.477892 0.257750 0.478225 0.258250 0.478225 0.260500 0.478890 0.264500 0.478890 0.267500 0.479388 0.270000 0.479555 0.276750 0.480053 0.279000 0.480386 0.283250 0.480884 0.283250 0.480718 0.279500 0.481051 0.279000 0.481051 0.277500 0.481715 0.277000 0.481715 0.273250 0.481051 0.271000 0.481051 0.266000 0.480386 0.264750 0.480386 0.261000 0.479721 0.259750 0.479721 0.255750 0.479388 0.253750 0.479721 0.253000 0.479721 0.246000 0.479056 0.242500 0.479056 0.232000 0.478391 0.229000 0.478391 0.227000 0.477726 0.225750 0.477726 0.223000 0.477061 0.221750
0 0.469249 0.215500 0.468916 0.216000 0.468916 0.218500 0.468251 0.220000 0.468418 0.221500 0.468750 0.221750 0.468916 0.223000 0.468750 0.223250 0.468916 0.224000 0.468750 0.224750 0.468916 0.225750 0.468916 0.231250 0.469747 0.236500 0.469747 0.237750 0.469581 0.238000 0.469581 0.245500 0.470080 0.247250 0.470080 0.248500 0.470246 0.248750 0.470246 0.256250 0.470911 0.257000 0.470745 0.257250 0.470911 0.257500 0.470745 0.257750 0.470911 0.258000 0.470911 0.260250 0.471576 0.260500 0.471742 0.260250 0.471742 0.252750 0.472407 0.252250 0.472407 0.249750 0.471908 0.248750 0.471742 0.247750 0.471908 0.246750 0.471742 0.245750 0.471742 0.240750 0.471243 0.237750 0.471243 0.235250 0.471077 0.235000 0.470911 0.222750 0.470578 0.222000 0.470578 0.220500 0.470412 0.220250 0.470412 0.215750 0.470246 0.215500
0 0.481051 0.202500 0.480386 0.203500 0.480053 0.205750 0.479388 0.205500 0.478890 0.204750 0.478225 0.205000 0.478225 0.207000 0.477892 0.207500 0.477892 0.208250 0.478225 0.208750 0.478225 0.210500 0.478723 0.212000 0.478723 0.213250 0.479555 0.215500 0.479555 0.220250 0.480219 0.222750 0.480386 0.226250 0.480884 0.226750 0.480884 0.228250 0.481383 0.229750 0.481549 0.234500 0.482879 0.243500 0.483045 0.248250 0.483544 0.249000 0.483710 0.250500 0.484209 0.251750 0.484209 0.255250 0.484874 0.255750 0.485040 0.258250 0.485871 0.258500 0.486203 0.258250 0.486203 0.257500 0.485705 0.256750 0.485705 0.253500 0.485539 0.252500 0.485040 0.251750 0.485040 0.241250 0.484375 0.239750 0.484375 0.233250 0.483710 0.231000 0.483710 0.224250 0.483045 0.222750 0.483045 0.217000 0.482380 0.213500 0.482380 0.206250 0.481715 0.204750 0.481549 0.202500
0 0.472573 0.122500 0.472241 0.123000 0.472241 0.124000 0.474734 0.131750 0.475898 0.137250 0.476230 0.142000 0.476895 0.143250 0.476895 0.147750 0.477394 0.149500 0.477560 0.153750 0.478391 0.155500 0.478225 0.156500 0.478890 0.158000 0.479388 0.161000 0.479721 0.165500 0.480219 0.166750 0.480219 0.173500 0.480386 0.174250 0.480884 0.174250 0.481549 0.173500 0.481549 0.169250 0.482214 0.168250 0.482380 0.165250 0.481715 0.163750 0.482380 0.163000 0.482380 0.160000 0.481715 0.158000 0.481715 0.155750 0.481051 0.153750 0.481051 0.151000 0.480386 0.149000 0.480386 0.147500 0.479721 0.145250 0.479721 0.141750 0.479056 0.139750 0.479056 0.136750 0.478391 0.135000 0.478391 0.132500 0.477061 0.128000 0.477061 0.125750 0.476230 0.126000 0.476064 0.128250 0.475731 0.127750 0.475565 0.123500 0.474900 0.122750 0.474402 0.122750 0.473404 0.124250 0.473072 0.123000