0 0.459608 0.951500 0.459608 0.954250 0.460106 0.955000 0.460273 0.958500 0.460938 0.960750 0.460938 0.965250 0.461602 0.966000 0.461602 0.970500 0.462101 0.973000 0.462267 0.976250 0.463098 0.977500 0.464096 0.981500 0.464262 0.986000 0.464927 0.987000 0.464927 0.989750 0.465592 0.991000 0.465758 0.993250 0.466090 0.993500 0.466257 0.994250 0.466257 0.996000 0.466755 0.996750 0.466922 0.998250 0.467586 0.999250 0.467586 0.999750 0.469082 0.999750 0.468916 0.998500 0.468418 0.998000 0.468251 0.997250 0.468418 0.996500 0.468251 0.995500 0.467753 0.994750 0.467088 0.991500 0.466589 0.990750 0.466589 0.986750 0.465924 0.985000 0.466090 0.984750 0.465758 0.980750 0.465592 0.981000 0.465093 0.980000 0.465259 0.977250 0.464927 0.977500 0.464428 0.976750 0.464594 0.974000 0.463763 0.972750 0.463930 0.970000 0.463763 0.969250 0.463098 0.968500 0.463098 0.965250 0.462932 0.964500 0.462434 0.964000 0.462434 0.960000 0.461769 0.958500 0.461769 0.957000 0.461104 0.955750 0.460938 0.953500 0.460439 0.952750 0.460439 0.951750
0 0.188996 0.923500 0.188830 0.923250 0.187001 0.923250 0.186336 0.924250 0.185173 0.924500 0.184674 0.925250 0.183843 0.925500 0.182846 0.926250 0.180352 0.926250 0.179854 0.926500 0.179355 0.927250 0.175864 0.927250 0.175199 0.927750 0.172041 0.928000 0.170711 0.926750 0.170047 0.926750 0.169880 0.927250 0.170047 0.928000 0.169880 0.928250 0.168384 0.928250 0.167886 0.928500 0.167886 0.929250 0.168218 0.929500 0.169714 0.929250 0.170047 0.929750 0.170545 0.933250 0.171044 0.933750 0.171044 0.936750 0.171210 0.937250 0.171709 0.937500 0.171709 0.939000 0.172872 0.940500 0.173205 0.940000 0.173205 0.937750 0.173703 0.937500 0.173703 0.937000 0.174036 0.936500 0.174368 0.936500 0.174368 0.935750 0.174701 0.935250 0.175033 0.935250 0.176197 0.933500 0.177028 0.933250 0.177527 0.932500 0.179189 0.932250 0.180186 0.930500 0.180851 0.930500 0.181184 0.929500 0.183344 0.929500 0.183677 0.929250 0.183843 0.928750 0.183677 0.927750 0.184176 0.927500 0.184674 0.926500 0.186336 0.926250 0.186503 0.925500 0.187168 0.925500 0.187334 0.925250 0.187832 0.925500 0.188331 0.925250 0.188996 0.924250
0 0.670545 0.878750 0.670379 0.879250 0.670545 0.881250 0.671044 0.881500 0.671210 0.881750 0.671210 0.882250 0.671875 0.883250 0.672540 0.883750 0.672540 0.884250 0.673371 0.884500 0.674036 0.885500 0.674368 0.885500 0.674535 0.885750 0.674535 0.886250 0.674867 0.886750 0.675366 0.887000 0.676197 0.888000 0.678856 0.890250 0.679189 0.891250 0.680020 0.891500 0.680519 0.892250 0.681184 0.892500 0.682181 0.893500 0.682513 0.893500 0.682846 0.894000 0.683344 0.894250 0.683677 0.894750 0.684176 0.895000 0.686503 0.897250 0.687001 0.898000 0.687168 0.899250 0.687500 0.899500 0.688331 0.899250 0.688331 0.898250 0.687832 0.897750 0.687666 0.896500 0.687334 0.896500 0.687001 0.896000 0.687001 0.895500 0.686170 0.895250 0.685007 0.893500 0.684176 0.893250 0.683677 0.892500 0.682347 0.892250 0.681516 0.891250 0.681184 0.891250 0.680020 0.890250 0.679189 0.888750 0.678690 0.888500 0.678358 0.888000 0.678358 0.887500 0.678025 0.887500 0.677693 0.887000 0.677693 0.886500 0.676529 0.886250 0.676363 0.886000 0.676363 0.885500 0.675532 0.885250 0.675033 0.884500 0.674701 0.884500 0.673537 0.883500 0.673039 0.882500 0.672374 0.882250 0.671875 0.881500 0.671709 0.880500 0.671210 0.880000 0.671044 0.878750
0 0.510971 0.862500 0.508477 0.862250 0.507480 0.863250 0.502992 0.864500 0.500499 0.866250 0.499003 0.866250 0.496509 0.868250 0.495013 0.868500 0.493850 0.870250 0.493019 0.870500 0.491523 0.872250 0.490193 0.872250 0.488364 0.873500 0.482048 0.882500 0.480219 0.884250 0.479222 0.884500 0.477227 0.887250 0.475066 0.888750 0.473737 0.892000 0.472074 0.894000 0.466423 0.907250 0.466423 0.908250 0.466922 0.908500 0.466922 0.910000 0.467420 0.910500 0.468750 0.908500 0.469581 0.908500 0.469914 0.907500 0.471077 0.907250 0.472241 0.905500 0.472407 0.903750 0.474900 0.900250 0.475066 0.898000 0.475565 0.897500 0.476396 0.894000 0.479222 0.889750 0.482048 0.886500 0.482879 0.886250 0.484043 0.884500 0.484874 0.884250 0.486702 0.881500 0.488032 0.880500 0.489528 0.880250 0.491356 0.877500 0.492188 0.877250 0.493517 0.875250 0.493351 0.874250 0.492354 0.874000 0.492686 0.873500 0.493351 0.873500 0.493684 0.872500 0.495346 0.872500 0.495678 0.871500 0.496676 0.871500 0.497673 0.869500 0.498504 0.869500 0.499335 0.868500 0.500499 0.868500 0.501330 0.867500 0.504322 0.867500 0.505319 0.866500 0.508145 0.866500 0.508477 0.865500 0.509475 0.865500 0.510971 0.863250
0 0.625997 0.835500 0.625997 0.836250 0.626164 0.836500 0.626995 0.836500 0.627493 0.837500 0.627992 0.837500 0.628823 0.838500 0.629488 0.838500 0.629987 0.839250 0.630652 0.839500 0.631316 0.840500 0.631981 0.840750 0.636137 0.844500 0.636968 0.845500 0.637467 0.846500 0.638298 0.846500 0.638630 0.847000 0.639794 0.847750 0.642287 0.850000 0.643285 0.851500 0.643617 0.851500 0.643783 0.852250 0.644282 0.852500 0.644614 0.853500 0.645279 0.853500 0.645778 0.854250 0.645944 0.855500 0.646277 0.855500 0.646775 0.856500 0.647274 0.856250 0.647274 0.854250 0.647108 0.854250 0.646443 0.853000 0.646443 0.852500 0.645944 0.851750 0.645778 0.850500 0.645279 0.850250 0.645113 0.849500 0.644448 0.848500 0.643285 0.848250 0.643118 0.847500 0.641622 0.847250 0.641124 0.846500 0.640625 0.846250 0.639794 0.846250 0.638963 0.845250 0.638298 0.845000 0.637799 0.844250 0.637467 0.844250 0.636968 0.843250 0.636303 0.843000 0.635638 0.842250 0.635140 0.841250 0.634807 0.841250 0.634475 0.840500 0.632979 0.840000 0.632812 0.839500 0.632148 0.839250 0.631649 0.838250 0.630818 0.838250 0.630485 0.837250 0.629156 0.837250 0.628491 0.836250 0.628158 0.836250 0.627826 0.835250 0.626164 0.835250
0 0.579455 0.793500 0.580286 0.795000 0.579455 0.795250 0.579455 0.796500 0.580120 0.797500 0.580951 0.797500 0.582613 0.800500 0.583444 0.800500 0.584774 0.803500 0.586769 0.804500 0.588098 0.806500 0.589096 0.806000 0.592088 0.809500 0.598072 0.811500 0.602227 0.815500 0.604056 0.815500 0.607547 0.818500 0.609707 0.818500 0.610040 0.819500 0.611702 0.819500 0.612035 0.820500 0.615691 0.821500 0.616024 0.822500 0.618019 0.822500 0.622340 0.825500 0.623504 0.825000 0.623172 0.823500 0.622008 0.823250 0.621509 0.822250 0.620013 0.822250 0.618185 0.820250 0.617354 0.820500 0.614029 0.818250 0.610206 0.817250 0.605386 0.814250 0.603723 0.814250 0.599235 0.810500 0.597739 0.810250 0.595412 0.808250 0.594082 0.808250 0.592586 0.806500 0.590924 0.806250 0.582779 0.796750 0.583943 0.796750 0.589594 0.800500 0.590758 0.800500 0.593750 0.803750 0.594747 0.806250 0.597241 0.807500 0.599069 0.809500 0.600565 0.809250 0.600565 0.807500 0.598737 0.806250 0.598072 0.803750 0.598404 0.803250 0.599900 0.804250 0.599900 0.802500 0.596410 0.800500 0.594581 0.798500 0.593085 0.798250 0.588597 0.794500 0.586769 0.794250 0.586602 0.793500 0.583943 0.792250 0.580951 0.792250 0.580785 0.793250 0.581616 0.794250
0 0.034076 0.764500 0.033577 0.764500 0.033411 0.764750 0.033411 0.765500 0.032746 0.766500 0.032746 0.767250 0.032580 0.767500 0.032081 0.767500 0.031915 0.768000 0.030253 0.770250 0.030086 0.771000 0.029588 0.771500 0.029255 0.773000 0.026596 0.776750 0.026263 0.777750 0.025598 0.778500 0.025432 0.779500 0.024269 0.781250 0.024102 0.782000 0.023604 0.782500 0.023438 0.783000 0.023438 0.784500 0.022939 0.785500 0.022773 0.787000 0.022274 0.787750 0.022108 0.790000 0.021609 0.790750 0.021609 0.792250 0.021443 0.792500 0.021941 0.794500 0.022773 0.794500 0.022939 0.794250 0.022939 0.793000 0.023271 0.792500 0.023604 0.793000 0.023604 0.794250 0.024102 0.794250 0.024767 0.793250 0.024934 0.792000 0.025432 0.791500 0.025598 0.790000 0.026762 0.788250 0.026928 0.787000 0.027427 0.786250 0.027593 0.784750 0.028092 0.784250 0.028258 0.783250 0.029422 0.781250 0.029754 0.779750 0.029920 0.779500 0.030751 0.779500 0.030918 0.778000 0.031416 0.777500 0.031416 0.776750 0.031582 0.776500 0.032081 0.776500 0.032247 0.775750 0.032912 0.775250 0.032912 0.773750 0.033411 0.773250 0.033411 0.770750 0.033577 0.770000 0.034076 0.769500 0.034408 0.767750 0.034907 0.767500 0.034907 0.765750 0.034408 0.765500
0 0.187001 0.763750 0.186336 0.764250 0.186336 0.767750 0.185838 0.768500 0.185672 0.776750 0.185339 0.776750 0.185173 0.770500 0.184840 0.769500 0.184508 0.769750 0.185007 0.786500 0.185672 0.788000 0.185672 0.796000 0.185007 0.797750 0.185173 0.807250 0.184342 0.809500 0.184342 0.815250 0.183843 0.815750 0.183843 0.817250 0.181848 0.822500 0.181017 0.827000 0.181184 0.831250 0.181682 0.831250 0.181848 0.826000 0.182347 0.825500 0.182513 0.823000 0.183012 0.822500 0.183843 0.819000 0.184342 0.818750 0.184342 0.822500 0.183677 0.824750 0.183843 0.831250 0.184508 0.831750 0.184508 0.833250 0.185173 0.835250 0.185838 0.834750 0.185672 0.831000 0.186336 0.829250 0.186503 0.815000 0.187001 0.814250 0.186669 0.811750 0.187168 0.811000 0.187168 0.809000 0.186503 0.808250 0.187168 0.799000 0.187666 0.776500 0.187001 0.776250
0 0.123504 0.752500 0.123172 0.753250 0.123172 0.754000 0.123670 0.755000 0.123670 0.756000 0.124003 0.756750 0.124003 0.757500 0.124169 0.757750 0.124335 0.759250 0.124501 0.759500 0.124501 0.760750 0.125332 0.762500 0.125332 0.763000 0.125665 0.764000 0.125665 0.765000 0.125997 0.766000 0.125997 0.767000 0.126330 0.768000 0.126330 0.768750 0.126662 0.769750 0.126995 0.772500 0.127327 0.773500 0.127327 0.774500 0.127660 0.775500 0.127660 0.776500 0.127992 0.777250 0.128158 0.779750 0.128324 0.780000 0.128491 0.781250 0.128989 0.781500 0.129322 0.781250 0.129322 0.780250 0.129156 0.780000 0.129156 0.779250 0.128823 0.778500 0.128823 0.778000 0.128491 0.777000 0.128491 0.776000 0.128158 0.775000 0.127826 0.772250 0.127493 0.771250 0.127493 0.770000 0.127161 0.769250 0.127161 0.768250 0.126995 0.768000 0.126828 0.766500 0.126662 0.766250 0.126662 0.765500 0.126330 0.764500 0.126330 0.763500 0.126662 0.762500 0.126662 0.761000 0.126496 0.760500 0.126330 0.760500 0.125997 0.760000 0.125997 0.759000 0.125831 0.758500 0.125665 0.758500 0.125332 0.758000 0.125332 0.757000 0.124668 0.755750 0.124668 0.755000 0.124169 0.754000 0.124003 0.752750
0 0.326795 0.734750 0.326795 0.736250 0.327294 0.736500 0.328125 0.738250 0.328956 0.738500 0.329621 0.739500 0.331449 0.739500 0.332114 0.740500 0.332945 0.740500 0.333444 0.741500 0.334275 0.741500 0.336270 0.743500 0.337101 0.743500 0.337600 0.744500 0.338597 0.744500 0.341257 0.747500 0.341257 0.749250 0.343085 0.751750 0.343251 0.753000 0.344914 0.755500 0.345578 0.755500 0.345911 0.756250 0.347906 0.757500 0.348238 0.758500 0.352394 0.758500 0.352892 0.759500 0.355053 0.759500 0.355386 0.760500 0.358378 0.760500 0.358544 0.761500 0.361536 0.761500 0.362035 0.762500 0.362533 0.762500 0.362699 0.763250 0.364528 0.764500 0.365525 0.764500 0.366190 0.765500 0.367520 0.765500 0.368185 0.766500 0.370346 0.766500 0.370512 0.765500 0.369847 0.764750 0.371177 0.764500 0.371177 0.763250 0.368185 0.763500 0.367686 0.762250 0.365525 0.762250 0.363531 0.760500 0.357879 0.751500 0.357048 0.751250 0.355386 0.749250 0.355219 0.748500 0.354388 0.748250 0.353225 0.746500 0.351729 0.746250 0.350898 0.745250 0.350233 0.745250 0.349734 0.744250 0.348238 0.744250 0.347739 0.743250 0.345745 0.743250 0.345080 0.742250 0.342420 0.742250 0.341922 0.741500 0.338431 0.740250 0.336270 0.738250 0.335106 0.738250 0.334275 0.737250 0.333112 0.737250 0.332281 0.736250 0.331117 0.736250 0.330618 0.735500 0.328956 0.735500 0.328624 0.734500
0 0.872174 0.697250 0.872174 0.697750 0.872008 0.698000 0.871676 0.698000 0.871509 0.697750 0.871509 0.700000 0.871676 0.700000 0.871842 0.700250 0.871842 0.700500 0.871509 0.701000 0.871011 0.701000 0.871177 0.701000 0.871343 0.701250 0.871676 0.701250 0.872174 0.700500 0.872673 0.700500 0.872839 0.700750 0.872839 0.700000 0.873005 0.699750 0.873005 0.699000 0.872839 0.698750 0.872839 0.698250
0 0.906084 0.524250 0.905751 0.524500 0.905751 0.525750 0.905918 0.526250 0.905751 0.526500 0.905253 0.526500 0.905086 0.526750 0.905086 0.536250 0.905253 0.536500 0.905253 0.537000 0.905585 0.538000 0.905585 0.538750 0.905751 0.539000 0.905751 0.544000 0.906416 0.545250 0.906416 0.548000 0.907081 0.549500 0.907081 0.550250 0.907746 0.550750 0.907746 0.553250 0.907912 0.553500 0.908245 0.553500 0.908577 0.553000 0.908577 0.545500 0.907912 0.545000 0.907912 0.538500 0.907746 0.538250 0.907746 0.537000 0.907580 0.536750 0.907580 0.536250 0.907247 0.535250 0.907247 0.533750 0.907081 0.533500 0.907081 0.530250 0.906749 0.529250 0.906749 0.526000 0.906582 0.525750 0.906582 0.524500 0.906416 0.524250
0 0.909408 0.513750 0.909242 0.514000 0.909242 0.515250 0.909076 0.515500 0.908577 0.515500 0.908411 0.516000 0.908411 0.521000 0.909076 0.522250 0.909076 0.526250 0.909242 0.526500 0.909242 0.527250 0.909574 0.527750 0.909574 0.528750 0.909907 0.529500 0.909907 0.530500 0.910239 0.531250 0.910239 0.532250 0.911070 0.534750 0.911070 0.537000 0.911569 0.537500 0.911902 0.537000 0.911902 0.530000 0.911735 0.529750 0.911735 0.528750 0.911237 0.527250 0.911237 0.523750 0.911403 0.523500 0.911735 0.524250 0.911735 0.524750 0.912068 0.525500 0.912234 0.526750 0.912899 0.528750 0.913065 0.530000 0.913231 0.530250 0.913730 0.530250 0.913730 0.529000 0.913398 0.528250 0.913398 0.527750 0.913065 0.527000 0.913065 0.526500 0.912400 0.524500 0.912400 0.524000 0.912234 0.523750 0.912068 0.522500 0.911735 0.521750 0.911735 0.521000 0.911403 0.520250 0.911403 0.519750 0.911070 0.519250 0.911070 0.518500 0.910406 0.516500 0.910406 0.516000 0.910073 0.515000 0.910073 0.514250 0.909741 0.513750
0 0.514461 0.509500 0.514295 0.510750 0.513298 0.510750 0.513132 0.511750 0.513298 0.513500 0.514295 0.515000 0.514960 0.517250 0.515459 0.518000 0.515625 0.519250 0.517121 0.522000 0.518285 0.526000 0.518783 0.529000 0.519448 0.530000 0.519614 0.531250 0.520113 0.531750 0.520279 0.533250 0.521609 0.535500 0.521609 0.536250 0.521941 0.536250 0.523936 0.539750 0.524269 0.541250 0.524269 0.543250 0.524934 0.544250 0.524934 0.546250 0.525432 0.547250 0.525432 0.549250 0.525765 0.549750 0.526097 0.552000 0.526596 0.552250 0.526762 0.553000 0.527759 0.554500 0.528590 0.554500 0.528757 0.553500 0.528258 0.553000 0.528258 0.544000 0.527759 0.542750 0.527427 0.539250 0.526430 0.536500 0.526097 0.534500 0.525266 0.533000 0.524934 0.532000 0.524934 0.531000 0.524269 0.530000 0.524102 0.528500 0.523271 0.527000 0.522108 0.523500 0.520279 0.520750 0.520113 0.519500 0.519282 0.519250 0.518783 0.518500 0.515126 0.510250
0 0.078790 0.497500 0.078790 0.498500 0.079122 0.498500 0.079455 0.499250 0.080452 0.499500 0.080618 0.499750 0.080452 0.500000 0.080452 0.500500 0.080951 0.501000 0.081616 0.501000 0.082114 0.501500 0.083610 0.501500 0.084109 0.502000 0.084608 0.502000 0.085106 0.502500 0.087101 0.502750 0.087600 0.503500 0.089594 0.503500 0.090259 0.504500 0.091090 0.504500 0.091589 0.505500 0.092420 0.505500 0.092753 0.506500 0.093916 0.506500 0.094249 0.506000 0.096908 0.506000 0.097074 0.506250 0.097074 0.506750 0.098238 0.506500 0.098737 0.507250 0.099235 0.507250 0.099402 0.507500 0.099734 0.507500 0.099900 0.507250 0.099900 0.506500 0.099235 0.505500 0.099235 0.504500 0.098072 0.504250 0.097407 0.503500 0.096908 0.503500 0.096742 0.503250 0.095745 0.503250 0.095412 0.502750 0.095080 0.502750 0.094249 0.502000 0.093418 0.501750 0.093085 0.501250 0.091922 0.501000 0.091589 0.500500 0.091090 0.500500 0.090259 0.499750 0.088930 0.499500 0.088763 0.499250 0.088098 0.499250 0.087932 0.499000 0.087101 0.499000 0.086935 0.498750 0.085439 0.498750 0.085106 0.498250 0.083444 0.498250 0.083112 0.497750 0.081616 0.497750 0.081283 0.497250 0.078956 0.497250
0 0.902094 0.495500 0.901928 0.495750 0.901263 0.495750 0.901263 0.496000 0.901097 0.496250 0.901097 0.497250 0.900931 0.497500 0.900931 0.498250 0.901097 0.498500 0.900931 0.498750 0.900931 0.499000 0.901097 0.499250 0.901263 0.500000 0.901596 0.500500 0.901596 0.502500 0.901762 0.502750 0.901762 0.503000 0.901596 0.503250 0.901596 0.505000 0.901762 0.505250 0.901762 0.506000 0.901596 0.506250 0.901596 0.506750 0.901762 0.507000 0.901762 0.510250 0.902261 0.511000 0.902261 0.511250 0.902427 0.511500 0.902427 0.514250 0.902593 0.514500 0.902759 0.514500 0.903092 0.515000 0.903092 0.515250 0.903258 0.515500 0.903590 0.515500 0.903923 0.515000 0.903923 0.514500 0.903757 0.514250 0.903757 0.513250 0.903590 0.513000 0.903590 0.512500 0.903424 0.512250 0.903424 0.511500 0.903258 0.511250 0.903258 0.510500 0.903092 0.510250 0.903092 0.506250 0.902926 0.506000 0.902926 0.505250 0.903092 0.505000 0.903092 0.503500 0.902926 0.503250 0.902926 0.502000 0.902759 0.501750 0.902926 0.501500 0.902926 0.500750 0.902759 0.500500 0.902759 0.498500 0.902593 0.498250 0.902593 0.496500 0.902427 0.496250 0.902427 0.495750 0.902261 0.495750
0 0.098072 0.491000 0.098072 0.491750 0.098238 0.492000 0.098737 0.492000 0.098903 0.492250 0.098737 0.492500 0.098737 0.493000 0.099069 0.493500 0.101895 0.493500 0.102227 0.494000 0.102892 0.494000 0.103225 0.494500 0.104056 0.494500 0.104555 0.495250 0.105053 0.495500 0.105386 0.496000 0.107380 0.497500 0.107879 0.497500 0.109043 0.498500 0.109541 0.498500 0.110372 0.499500 0.110871 0.499500 0.111037 0.500000 0.112201 0.500500 0.112699 0.501250 0.113364 0.501250 0.113531 0.501500 0.114195 0.501500 0.114528 0.501250 0.114528 0.499500 0.114029 0.499250 0.113863 0.499000 0.113863 0.498500 0.113198 0.497500 0.112533 0.497000 0.112533 0.496500 0.112201 0.496250 0.111370 0.496250 0.111203 0.496000 0.111203 0.495500 0.110871 0.495250 0.109707 0.495250 0.109375 0.494500 0.109043 0.494250 0.108378 0.494250 0.105718 0.492250 0.105219 0.491500 0.104887 0.491500 0.104555 0.491000 0.104222 0.491000 0.104056 0.490750 0.103391 0.490750 0.103225 0.490500 0.102227 0.490500 0.102061 0.490750 0.098238 0.490750
0 0.078790 0.487250 0.078624 0.486750 0.078291 0.486750 0.078125 0.486250 0.072972 0.486250 0.072307 0.486750 0.070312 0.486750 0.070146 0.487000 0.069481 0.487000 0.069315 0.487250 0.066489 0.487250 0.065991 0.487750 0.063664 0.487750 0.063497 0.488000 0.062666 0.488000 0.062334 0.487750 0.061669 0.488250 0.060505 0.488500 0.059674 0.489500 0.059009 0.489750 0.058511 0.491000 0.058012 0.491750 0.058012 0.492750 0.058178 0.493250 0.058677 0.493250 0.059342 0.492500 0.061336 0.492500 0.061669 0.491500 0.062168 0.492000 0.062666 0.492000 0.062999 0.491500 0.064661 0.491500 0.065326 0.490500 0.066822 0.490500 0.066988 0.490000 0.067985 0.490000 0.068318 0.489500 0.073305 0.489500 0.074468 0.488500 0.076629 0.488500 0.076961 0.488000 0.077460 0.488500 0.078125 0.488500 0.078291 0.488000 0.078624 0.488000 0.078790 0.487750
0 0.727892 0.457500 0.727892 0.458250 0.728059 0.458500 0.728557 0.458500 0.729222 0.459500 0.729555 0.459500 0.729721 0.459750 0.729721 0.460250 0.729887 0.460250 0.730053 0.460500 0.730718 0.460500 0.731051 0.461000 0.731051 0.461250 0.731217 0.461250 0.731383 0.461500 0.732048 0.461500 0.732214 0.461750 0.732380 0.461750 0.732713 0.462250 0.732879 0.462250 0.733710 0.463250 0.733876 0.463250 0.734043 0.463500 0.734375 0.463500 0.735206 0.464500 0.735372 0.464500 0.735539 0.464750 0.736037 0.465000 0.736370 0.465500 0.736536 0.465500 0.736868 0.466000 0.737035 0.466000 0.737367 0.466500 0.737533 0.466500 0.738364 0.467500 0.739528 0.467500 0.739528 0.466250 0.739029 0.466250 0.738863 0.466000 0.738863 0.465500 0.738697 0.465500 0.738198 0.464750 0.738198 0.464500 0.737866 0.464500 0.737699 0.464250 0.737367 0.464250 0.736868 0.463500 0.736536 0.463500 0.736203 0.463000 0.736203 0.462750 0.736037 0.462500 0.735871 0.462500 0.735705 0.462250 0.735372 0.462250 0.734375 0.460750 0.733378 0.460250 0.732214 0.458500 0.731715 0.458500 0.731549 0.458250 0.731217 0.458250 0.731051 0.458500 0.730884 0.458250 0.730718 0.458250 0.730219 0.457500 0.729555 0.457500 0.729388 0.457250 0.728059 0.457250
0 0.690991 0.446250 0.690991 0.447250 0.691157 0.447500 0.691489 0.447500 0.691822 0.448000 0.691822 0.448250 0.691988 0.448500 0.692487 0.448500 0.692819 0.449000 0.692985 0.449000 0.693484 0.449500 0.694648 0.449500 0.694980 0.450000 0.694980 0.450250 0.695146 0.450500 0.696144 0.450500 0.696310 0.450750 0.696310 0.451000 0.696642 0.451500 0.697972 0.451500 0.698138 0.451750 0.698138 0.452000 0.698471 0.452500 0.700299 0.452500 0.700465 0.452250 0.700465 0.451750 0.700632 0.451500 0.700964 0.451500 0.701130 0.451250 0.701130 0.450500 0.700964 0.450250 0.700632 0.450250 0.700465 0.450000 0.700465 0.449500 0.700299 0.449250 0.699136 0.449250 0.698969 0.449000 0.698969 0.448500 0.698803 0.448500 0.698637 0.448250 0.697473 0.448250 0.696975 0.447500 0.696809 0.447500 0.696642 0.447250 0.695479 0.447250 0.694980 0.446500 0.694814 0.446500 0.694648 0.446250 0.694149 0.446250 0.693983 0.446000 0.693816 0.446000 0.693484 0.445500 0.693318 0.445500 0.692985 0.446250 0.692819 0.446250 0.692320 0.445500 0.691323 0.445500
0 0.485372 0.436250 0.485040 0.436500 0.485040 0.437500 0.485372 0.437750 0.485539 0.439250 0.486702 0.439750 0.487035 0.441250 0.487533 0.441750 0.487699 0.443250 0.489362 0.445750 0.489528 0.447000 0.490193 0.448750 0.490193 0.449750 0.490027 0.450000 0.489195 0.449000 0.488032 0.448500 0.488198 0.450000 0.487699 0.450250 0.487699 0.451500 0.488863 0.453750 0.489029 0.454750 0.489362 0.455000 0.489528 0.456250 0.489860 0.456750 0.489860 0.457250 0.490691 0.460000 0.491024 0.460500 0.491024 0.461000 0.491523 0.461500 0.491689 0.462500 0.492354 0.463250 0.492520 0.464250 0.493019 0.464750 0.493185 0.466000 0.493517 0.466250 0.493850 0.467500 0.494681 0.469000 0.495180 0.468750 0.495346 0.468250 0.495180 0.467750 0.495512 0.467500 0.495512 0.466500 0.495013 0.465750 0.495013 0.464000 0.494847 0.463500 0.493684 0.461750 0.493684 0.459000 0.493019 0.458000 0.493019 0.456000 0.492354 0.454750 0.492354 0.450750 0.491689 0.449500 0.491689 0.447500 0.491024 0.446750 0.491024 0.445750 0.490359 0.444750 0.490359 0.443750 0.489195 0.442750 0.489029 0.440750 0.487699 0.438500 0.487699 0.435500 0.487035 0.435250 0.486702 0.436250
0 0.705120 0.391750 0.705286 0.392000 0.705120 0.392250 0.705286 0.392750 0.705785 0.393000 0.706117 0.393500 0.706117 0.393750 0.706616 0.394250 0.706449 0.394500 0.706449 0.395250 0.706948 0.396000 0.707779 0.396750 0.708112 0.397500 0.708777 0.398000 0.709608 0.399250 0.711270 0.400750 0.711935 0.401750 0.712600 0.402250 0.712766 0.402750 0.713265 0.403000 0.714428 0.404750 0.714428 0.405250 0.714594 0.405250 0.714927 0.405750 0.715093 0.406500 0.715259 0.406500 0.715426 0.407000 0.715592 0.407000 0.716922 0.409000 0.717088 0.409500 0.716922 0.409750 0.717254 0.410500 0.718584 0.410500 0.718916 0.410250 0.718916 0.409500 0.718251 0.408500 0.717919 0.408500 0.717586 0.408000 0.717586 0.407500 0.717254 0.407500 0.716922 0.407000 0.716922 0.406500 0.716589 0.406500 0.716257 0.406000 0.716257 0.405500 0.715924 0.405500 0.715758 0.405250 0.715758 0.404750 0.714428 0.402750 0.714262 0.401750 0.713431 0.400750 0.712932 0.399500 0.712932 0.398750 0.713265 0.398250 0.713265 0.397500 0.712932 0.397000 0.712267 0.396750 0.712101 0.396500 0.711769 0.396500 0.711104 0.395750 0.710605 0.395500 0.710273 0.395000 0.710273 0.394500 0.709940 0.394500 0.709608 0.394000 0.709608 0.393500 0.709109 0.393250 0.708610 0.392250 0.706449 0.392250 0.706117 0.391750
0 0.891290 0.378500 0.891124 0.382000 0.891622 0.384250 0.890459 0.385750 0.890459 0.387000 0.889794 0.388000 0.890459 0.391750 0.890293 0.393500 0.890957 0.397500 0.891124 0.403000 0.891789 0.404250 0.891789 0.410000 0.893118 0.411750 0.893118 0.419000 0.893451 0.419500 0.894282 0.418500 0.894614 0.420250 0.895944 0.420000 0.896609 0.416750 0.897274 0.415500 0.897274 0.410000 0.897939 0.409000 0.898271 0.406750 0.899102 0.408250 0.899102 0.409250 0.901097 0.412250 0.902427 0.418250 0.903092 0.418500 0.903590 0.417500 0.904255 0.418750 0.904422 0.421000 0.905751 0.424250 0.905751 0.426250 0.906416 0.426750 0.906416 0.430000 0.907081 0.430750 0.907081 0.432000 0.908910 0.435500 0.909242 0.435000 0.909076 0.428750 0.908577 0.427000 0.907912 0.417000 0.907247 0.415000 0.906749 0.410500 0.905918 0.408500 0.905918 0.404750 0.905253 0.403500 0.905253 0.401750 0.904588 0.400500 0.903923 0.395750 0.901928 0.391500 0.901928 0.390750 0.900598 0.389500 0.900432 0.396250 0.900100 0.396500 0.899767 0.394250 0.898770 0.393000 0.897773 0.389500 0.896609 0.387500 0.896609 0.385750 0.894947 0.383250 0.894448 0.383250 0.893949 0.381750 0.891789 0.378500
0 0.573637 0.371250 0.573637 0.372750 0.577128 0.378750 0.579953 0.387000 0.591922 0.404250 0.594747 0.410250 0.595911 0.411250 0.597407 0.417000 0.597074 0.417500 0.590592 0.408000 0.587267 0.401500 0.582613 0.396250 0.580452 0.391250 0.577460 0.388750 0.577294 0.390750 0.578125 0.393250 0.579122 0.393500 0.580452 0.396750 0.584441 0.401750 0.584774 0.403500 0.587267 0.405500 0.590426 0.411250 0.594581 0.415500 0.598570 0.428000 0.600066 0.429750 0.600731 0.433500 0.603225 0.439000 0.605884 0.443250 0.608876 0.445500 0.612533 0.451250 0.613198 0.449250 0.612699 0.448000 0.613364 0.447500 0.612699 0.443750 0.613364 0.442750 0.612035 0.437500 0.610705 0.435500 0.608544 0.428750 0.600066 0.416000 0.596576 0.406250 0.595911 0.402500 0.594747 0.401500 0.592088 0.394500 0.586270 0.390250 0.584441 0.386250 0.583278 0.386250 0.581449 0.383750 0.575632 0.370750 0.574801 0.370750 0.575299 0.373500
0 0.144947 0.360500 0.144448 0.361000 0.144448 0.361500 0.144116 0.362000 0.144116 0.363500 0.143783 0.364250 0.143783 0.366500 0.143451 0.367500 0.143451 0.369750 0.142786 0.372250 0.142786 0.373500 0.142453 0.374000 0.142453 0.375250 0.141456 0.377000 0.141456 0.378000 0.141124 0.378750 0.140957 0.381250 0.138797 0.389750 0.138630 0.392000 0.138298 0.392750 0.137799 0.397000 0.137467 0.397750 0.137467 0.398500 0.137134 0.399000 0.137134 0.401250 0.137301 0.401500 0.137633 0.401500 0.137965 0.400750 0.137965 0.399750 0.138630 0.397750 0.138630 0.396250 0.138963 0.395500 0.139461 0.391750 0.140126 0.389500 0.140293 0.387750 0.141789 0.381250 0.142786 0.378000 0.142620 0.376500 0.143118 0.376000 0.143118 0.375000 0.143451 0.374500 0.143451 0.373000 0.144116 0.371250 0.144116 0.370000 0.144282 0.369750 0.144116 0.368250 0.144614 0.366750 0.144448 0.365000 0.144781 0.364250 0.144781 0.363000 0.145279 0.361500 0.145279 0.360750
0 0.148438 0.348250 0.147939 0.348250 0.147939 0.348750 0.147606 0.349500 0.147606 0.352000 0.147440 0.352250 0.147440 0.352750 0.147274 0.353000 0.146941 0.353000 0.146941 0.353750 0.146775 0.354000 0.146775 0.356000 0.146609 0.356250 0.146609 0.359250 0.146443 0.359500 0.146443 0.361750 0.146277 0.362000 0.146277 0.364750 0.146110 0.365000 0.146110 0.366750 0.145944 0.367000 0.145944 0.368750 0.145778 0.369000 0.145778 0.370250 0.145612 0.370500 0.145612 0.371500 0.145445 0.371750 0.145445 0.372250 0.145612 0.372500 0.145445 0.372750 0.145445 0.373500 0.145113 0.374500 0.145279 0.374750 0.145113 0.375000 0.145113 0.376750 0.145279 0.377250 0.145778 0.377250 0.145944 0.376750 0.146110 0.374500 0.146277 0.374250 0.146443 0.372750 0.146609 0.372500 0.146443 0.372000 0.146609 0.371750 0.146609 0.369750 0.146775 0.369500 0.146775 0.367500 0.146941 0.367250 0.146941 0.365000 0.147274 0.364500 0.147274 0.363250 0.147108 0.363000 0.147440 0.362250 0.147440 0.360750 0.147606 0.360500 0.147606 0.358250 0.147939 0.357250 0.147939 0.355250 0.148105 0.355000 0.148105 0.354250 0.148271 0.354000 0.148271 0.350250 0.148604 0.349500 0.148438 0.349250 0.148604 0.349000 0.148438 0.348750
0 0.543883 0.214750 0.543384 0.215500 0.543384 0.220000 0.542886 0.220000 0.542719 0.218500 0.542387 0.218500 0.542055 0.219500 0.542055 0.224250 0.542719 0.226000 0.542886 0.232500 0.543551 0.234500 0.543551 0.242250 0.544215 0.244250 0.544215 0.251250 0.544880 0.252500 0.544880 0.256250 0.545379 0.257000 0.545379 0.260000 0.546044 0.260500 0.546376 0.258750 0.546210 0.251500 0.545545 0.249750 0.545878 0.249000 0.546543 0.250500 0.546709 0.259250 0.547207 0.260750 0.547374 0.264250 0.548039 0.266750 0.548039 0.269000 0.548537 0.269500 0.548870 0.269000 0.549368 0.259750 0.548703 0.259500 0.548039 0.258500 0.547041 0.243500 0.546709 0.241500 0.546210 0.241250 0.546210 0.236000 0.545545 0.232500 0.545545 0.228000 0.544880 0.225000 0.544880 0.220000 0.544215 0.217750 0.544215 0.216250 0.544714 0.214750
0 0.551529 0.207750 0.551363 0.210500 0.550864 0.210750 0.550698 0.211250 0.550698 0.216750 0.551363 0.219500 0.551363 0.226000 0.551529 0.226250 0.551363 0.228500 0.552028 0.231500 0.552194 0.235500 0.552527 0.236500 0.552859 0.239500 0.553524 0.242000 0.553524 0.252250 0.554189 0.253250 0.554688 0.253250 0.554688 0.251500 0.555020 0.251000 0.555519 0.253250 0.556017 0.253250 0.556017 0.252000 0.555685 0.250500 0.556017 0.250250 0.556017 0.249750 0.556350 0.249250 0.556682 0.249250 0.556682 0.248500 0.556184 0.247750 0.556017 0.246250 0.556184 0.245500 0.556017 0.244500 0.555519 0.243750 0.555519 0.239250 0.555020 0.237250 0.554688 0.234000 0.554854 0.233250 0.554688 0.232500 0.554023 0.232000 0.554023 0.229000 0.553358 0.225750 0.553358 0.223500 0.553025 0.223000 0.552693 0.221500 0.552693 0.216750 0.552859 0.216000 0.552194 0.214750 0.552194 0.208250 0.552028 0.207750
0 0.543883 0.150750 0.543384 0.152250 0.543384 0.155750 0.544049 0.159000 0.542886 0.162500 0.542886 0.168250 0.543551 0.169500 0.543384 0.187750 0.544049 0.190500 0.544049 0.199000 0.544714 0.200750 0.544880 0.204500 0.545213 0.204750 0.544714 0.208500 0.545379 0.211000 0.545379 0.220750 0.546210 0.222500 0.546044 0.225750 0.546709 0.227000 0.546709 0.229750 0.547374 0.230750 0.548703 0.243000 0.549202 0.243750 0.549535 0.246500 0.550199 0.246500 0.550698 0.248000 0.551363 0.248250 0.550366 0.245000 0.550698 0.243250 0.549535 0.238250 0.548039 0.218250 0.548205 0.211500 0.547540 0.207500 0.547540 0.203250 0.546875 0.201750 0.546875 0.198000 0.546044 0.197500 0.546044 0.189750 0.546543 0.187500 0.546044 0.184000 0.546210 0.173250 0.545379 0.170000 0.545545 0.160250 0.544880 0.159000 0.545379 0.158250 0.545047 0.157000 0.545379 0.155750 0.544215 0.152500 0.544548 0.150750
0 0.544880 0.090500 0.544714 0.090750 0.544714 0.091500 0.544215 0.091750 0.544215 0.092500 0.544049 0.092750 0.544049 0.093500 0.544215 0.093750 0.544049 0.094000 0.544049 0.095250 0.544215 0.095500 0.544049 0.095750 0.544049 0.098500 0.544215 0.098750 0.544215 0.101250 0.544049 0.101500 0.544215 0.102000 0.544049 0.102250 0.544215 0.102500 0.544215 0.103250 0.544880 0.104500 0.544714 0.104750 0.544880 0.105250 0.544714 0.106000 0.544714 0.109250 0.544880 0.109500 0.544880 0.110500 0.545213 0.111000 0.545545 0.112500 0.545545 0.119500 0.545878 0.120000 0.546210 0.121250 0.546210 0.127250 0.546543 0.127250 0.546875 0.127750 0.546875 0.128250 0.547374 0.129500 0.547540 0.131250 0.548039 0.131250 0.548205 0.130500 0.548703 0.130250 0.548870 0.129500 0.548703 0.115000 0.548371 0.113250 0.548371 0.111500 0.548205 0.111250 0.548205 0.109500 0.548039 0.109250 0.548039 0.107500 0.547706 0.106250 0.547706 0.105000 0.547374 0.103500 0.546875 0.102750 0.546875 0.099250 0.546709 0.098500 0.546210 0.097750 0.546210 0.096250 0.545545 0.094750 0.545545 0.091000 0.545379 0.090500