0 0.349402 0.952500 0.347739 0.952250 0.347074 0.953250 0.344914 0.953250 0.341589 0.958250 0.340758 0.958750 0.340093 0.958500 0.338763 0.960250 0.338431 0.962000 0.336769 0.964500 0.336769 0.965250 0.336104 0.966250 0.334109 0.967500 0.332447 0.969500 0.330785 0.970500 0.329621 0.972250 0.327626 0.973500 0.325798 0.976500 0.324302 0.977500 0.311503 0.996500 0.311503 0.997250 0.312001 0.997750 0.310838 0.999750 0.313996 0.999500 0.314328 0.998500 0.316157 0.997250 0.317154 0.995500 0.319315 0.994500 0.319481 0.993000 0.323305 0.987500 0.323471 0.986000 0.330452 0.974500 0.331449 0.974250 0.335771 0.968500 0.336270 0.969000 0.337267 0.968500 0.341257 0.962250 0.341755 0.960500 0.342420 0.960500 0.342586 0.959750 0.344415 0.957500 0.345745 0.956500 0.346576 0.956500 0.346742 0.955750 0.347906 0.954500 0.348737 0.954500
0 0.612699 0.937500 0.612035 0.938500 0.612035 0.940250 0.611868 0.940500 0.611868 0.943750 0.612533 0.945000 0.612533 0.947500 0.612699 0.947750 0.612699 0.948500 0.613198 0.950000 0.613198 0.951000 0.613863 0.952250 0.613863 0.955250 0.614195 0.956000 0.614195 0.956750 0.614362 0.957000 0.614362 0.958000 0.614528 0.958250 0.614860 0.961750 0.615193 0.963000 0.615193 0.964500 0.615359 0.964750 0.615359 0.965250 0.615858 0.966000 0.615858 0.968000 0.616190 0.968500 0.616689 0.968000 0.616689 0.967500 0.617021 0.966750 0.617188 0.967000 0.617188 0.968000 0.617354 0.968250 0.617852 0.968250 0.618019 0.967750 0.618019 0.959500 0.618185 0.959250 0.618517 0.959250 0.618517 0.958750 0.618684 0.958500 0.618517 0.958000 0.618517 0.956750 0.618684 0.956500 0.618517 0.956000 0.618684 0.955500 0.618517 0.955000 0.618517 0.951500 0.618684 0.951250 0.618517 0.951000 0.618517 0.950500 0.617852 0.950000 0.618019 0.949750 0.617852 0.948500 0.617520 0.948500 0.617188 0.948000 0.617188 0.947500 0.616855 0.947500 0.616523 0.947000 0.616523 0.946500 0.616024 0.946000 0.615858 0.944750 0.615359 0.944250 0.615193 0.942500 0.614694 0.941750 0.614528 0.940500 0.613863 0.939250 0.613863 0.938500 0.613198 0.937500
0 0.213597 0.922500 0.213098 0.922500 0.212766 0.923250 0.211935 0.923250 0.211436 0.924750 0.210439 0.926250 0.209940 0.926250 0.208943 0.928250 0.207114 0.930500 0.206948 0.931500 0.204455 0.935500 0.201629 0.943000 0.200964 0.943500 0.200133 0.945250 0.199302 0.945250 0.198803 0.946250 0.197972 0.946250 0.197473 0.947250 0.196642 0.947250 0.191822 0.953250 0.191656 0.955000 0.190492 0.956500 0.190326 0.957500 0.188996 0.959500 0.188830 0.961000 0.188497 0.961250 0.188165 0.963000 0.187168 0.964500 0.186835 0.966000 0.184508 0.969500 0.184009 0.971250 0.183178 0.972250 0.183344 0.973500 0.185007 0.973500 0.186336 0.971500 0.187001 0.971500 0.187168 0.970750 0.188497 0.969250 0.188664 0.968000 0.190658 0.965250 0.191323 0.963000 0.191988 0.962000 0.191988 0.961000 0.194980 0.956500 0.195645 0.956500 0.196809 0.954500 0.197806 0.954250 0.197806 0.953750 0.198305 0.953500 0.200465 0.950250 0.200465 0.949750 0.200964 0.949500 0.204455 0.944250 0.204455 0.943750 0.205120 0.943250 0.205286 0.941000 0.206449 0.939250 0.206616 0.937750 0.209940 0.929750 0.210938 0.929500 0.211104 0.928750 0.211769 0.928250 0.211769 0.927250 0.212434 0.925750 0.213763 0.924500
0 0.752992 0.899500 0.751164 0.899250 0.749003 0.901250 0.746509 0.901250 0.745678 0.902250 0.743185 0.902250 0.742354 0.903250 0.741356 0.903500 0.740525 0.904250 0.739860 0.904250 0.739195 0.905250 0.738364 0.905500 0.738032 0.906250 0.736370 0.907500 0.735539 0.908750 0.735539 0.909500 0.732879 0.913750 0.732380 0.916000 0.731383 0.917500 0.731051 0.917500 0.730386 0.918500 0.730386 0.919000 0.729721 0.919500 0.728391 0.921500 0.728059 0.922500 0.726562 0.923500 0.726230 0.924250 0.725565 0.924500 0.725066 0.926000 0.724568 0.926500 0.724568 0.927250 0.725898 0.927500 0.726396 0.928250 0.728890 0.929500 0.729222 0.930250 0.730219 0.930500 0.730386 0.931250 0.730884 0.931500 0.733710 0.931500 0.733710 0.930750 0.734209 0.930500 0.734541 0.929500 0.735040 0.929500 0.735040 0.928000 0.735539 0.927500 0.735705 0.926750 0.736203 0.926500 0.736370 0.925750 0.737035 0.925250 0.737035 0.924750 0.737533 0.924250 0.737699 0.923500 0.738198 0.923250 0.738364 0.922500 0.739029 0.922250 0.739528 0.921500 0.739694 0.920500 0.740359 0.920250 0.741356 0.918500 0.741689 0.918500 0.741855 0.917500 0.742852 0.917500 0.743019 0.916750 0.743684 0.916250 0.743850 0.914750 0.744515 0.914250 0.744515 0.913750 0.746177 0.911500 0.746343 0.910250 0.748338 0.907250 0.748504 0.906000 0.750665 0.902500 0.751496 0.902500 0.751662 0.901750 0.752992 0.900250
0 0.323969 0.895000 0.323969 0.896500 0.326795 0.897500 0.331449 0.901500 0.332945 0.901500 0.346410 0.910500 0.351562 0.912500 0.356051 0.916500 0.362201 0.919500 0.363697 0.921500 0.370346 0.924000 0.374169 0.927500 0.387301 0.935500 0.390126 0.938500 0.391290 0.937500 0.398604 0.946250 0.405419 0.948500 0.415226 0.957500 0.416722 0.957500 0.419880 0.964250 0.421543 0.964500 0.422540 0.967250 0.423870 0.968250 0.423870 0.966500 0.421044 0.960250 0.420047 0.960250 0.415725 0.953500 0.412234 0.950250 0.411070 0.947250 0.401263 0.938500 0.399269 0.933750 0.393949 0.927250 0.380153 0.918250 0.372839 0.915250 0.363531 0.908250 0.353059 0.904250 0.350399 0.904250 0.347739 0.902250 0.334608 0.897250 0.329787 0.896750 0.324967 0.894250
0 0.491024 0.890750 0.490525 0.891750 0.490691 0.893500 0.490359 0.894000 0.490359 0.895250 0.490525 0.895500 0.490525 0.896250 0.490858 0.897250 0.490858 0.898500 0.491190 0.899500 0.491190 0.901250 0.491523 0.902250 0.491689 0.904500 0.491855 0.904750 0.491855 0.905500 0.492021 0.905750 0.492021 0.907000 0.492520 0.908500 0.492354 0.908750 0.492520 0.909000 0.492520 0.910250 0.492686 0.910500 0.492852 0.911750 0.493185 0.912250 0.493185 0.913250 0.493351 0.913500 0.493850 0.913500 0.494016 0.913750 0.494182 0.915000 0.494348 0.915000 0.494681 0.915500 0.495180 0.915500 0.495346 0.915250 0.495346 0.913750 0.495013 0.913500 0.495013 0.911500 0.494515 0.911000 0.494515 0.910250 0.494182 0.909500 0.494182 0.909000 0.494016 0.908750 0.494016 0.908250 0.493684 0.907250 0.493684 0.906250 0.493517 0.906000 0.493517 0.905250 0.494016 0.904500 0.494016 0.903750 0.493850 0.903500 0.493850 0.903000 0.493517 0.902500 0.493517 0.901500 0.493185 0.901000 0.493185 0.900500 0.493019 0.900250 0.493019 0.899500 0.492686 0.898500 0.492686 0.897500 0.492520 0.897250 0.492520 0.896500 0.492021 0.895000 0.492021 0.893000 0.491855 0.892750 0.491855 0.892000 0.491689 0.891750 0.491689 0.891250 0.491523 0.890750
0 0.192320 0.859500 0.190326 0.857250 0.183344 0.854750 0.172872 0.855250 0.169880 0.857250 0.167387 0.856250 0.164062 0.858250 0.163730 0.857250 0.161403 0.857250 0.156416 0.861750 0.147606 0.864750 0.143617 0.867250 0.143285 0.868250 0.138797 0.869250 0.138464 0.870250 0.133810 0.872250 0.132812 0.874000 0.125499 0.879250 0.122174 0.880250 0.119348 0.884500 0.117354 0.890000 0.113697 0.895250 0.112866 0.895250 0.109541 0.899250 0.108045 0.902750 0.109375 0.903250 0.108710 0.904250 0.109043 0.905500 0.111702 0.902000 0.113198 0.902500 0.114528 0.900500 0.116523 0.899500 0.118351 0.896500 0.119348 0.896250 0.119681 0.894500 0.122673 0.892250 0.122673 0.891000 0.126995 0.884500 0.134309 0.878500 0.137633 0.877500 0.138963 0.875500 0.142952 0.872500 0.150100 0.871500 0.154920 0.868500 0.159408 0.867500 0.162899 0.864500 0.164727 0.864500 0.165559 0.863500 0.172540 0.862500 0.173371 0.861500 0.179023 0.861500 0.179854 0.860500 0.191822 0.860500
0 0.466755 0.825750 0.465758 0.826750 0.465758 0.827750 0.467586 0.831500 0.468085 0.833750 0.470246 0.837250 0.472241 0.839750 0.472906 0.841500 0.472906 0.842750 0.473404 0.843500 0.473238 0.843750 0.475066 0.850000 0.475731 0.851000 0.476562 0.854000 0.476562 0.855750 0.477394 0.861750 0.478059 0.864250 0.478890 0.865500 0.479056 0.866750 0.479388 0.867000 0.479887 0.868750 0.480219 0.873750 0.481051 0.875750 0.481549 0.875750 0.481549 0.872000 0.480884 0.870000 0.480884 0.869250 0.481217 0.868750 0.480884 0.866750 0.481051 0.866500 0.479555 0.860250 0.479056 0.859250 0.478557 0.856000 0.478225 0.855500 0.478723 0.853750 0.478391 0.852000 0.476895 0.848000 0.476562 0.846000 0.475565 0.843500 0.475066 0.840500 0.473072 0.835750 0.471742 0.834000 0.469914 0.829500 0.467919 0.826500
0 0.475731 0.820750 0.475399 0.822250 0.476562 0.826000 0.477394 0.830750 0.478059 0.832500 0.478059 0.833750 0.478723 0.835250 0.478723 0.835750 0.479388 0.836750 0.479721 0.838250 0.480219 0.838500 0.480386 0.839500 0.481383 0.842000 0.481715 0.844500 0.481715 0.846750 0.482048 0.847500 0.482048 0.849500 0.483378 0.853250 0.483876 0.856000 0.484209 0.856750 0.484707 0.861250 0.485206 0.862500 0.485206 0.864500 0.485705 0.865000 0.486203 0.864750 0.486370 0.862500 0.486702 0.861750 0.486536 0.859000 0.486203 0.857750 0.486203 0.854500 0.486037 0.853500 0.485705 0.853000 0.485705 0.852000 0.484874 0.851250 0.484541 0.849500 0.483876 0.848250 0.483710 0.846500 0.483378 0.846000 0.483378 0.845000 0.483045 0.843750 0.483045 0.842500 0.481383 0.836500 0.481217 0.835250 0.481549 0.835000 0.481051 0.833250 0.481051 0.831500 0.479887 0.828750 0.479388 0.826500 0.478557 0.825500 0.476562 0.821000
0 0.960273 0.812500 0.958943 0.819750 0.956948 0.819750 0.954953 0.841500 0.952294 0.851000 0.950299 0.870500 0.947806 0.881000 0.946975 0.896500 0.943650 0.906500 0.937666 0.940000 0.934342 0.972750 0.933012 0.978750 0.930519 0.981750 0.927028 0.990750 0.923205 0.997250 0.923870 0.999250 0.929189 0.993250 0.936503 0.976000 0.937832 0.955250 0.941157 0.939750 0.941157 0.936000 0.945645 0.922500 0.947640 0.910250 0.952959 0.896250 0.953790 0.889500 0.953291 0.886750 0.954455 0.881250 0.959109 0.869000 0.960273 0.859750 0.962434 0.856250 0.962267 0.854500 0.961104 0.854750 0.962434 0.821500 0.961104 0.821000
0 0.423703 0.775000 0.423703 0.775750 0.424368 0.776250 0.424867 0.777250 0.428690 0.779750 0.430020 0.781500 0.431350 0.782500 0.432181 0.783750 0.432181 0.784250 0.432846 0.784500 0.435339 0.787500 0.436835 0.788250 0.437832 0.789750 0.438165 0.789750 0.439827 0.791750 0.440160 0.791750 0.441822 0.794000 0.442487 0.795250 0.442487 0.795750 0.442819 0.795750 0.443816 0.797250 0.444149 0.797250 0.445811 0.798750 0.447141 0.799250 0.447806 0.799750 0.448138 0.800500 0.448803 0.800500 0.449468 0.801750 0.449801 0.801750 0.450133 0.802250 0.451961 0.802250 0.451961 0.801000 0.449634 0.798000 0.448471 0.797250 0.448305 0.796000 0.445312 0.791500 0.440824 0.786750 0.438497 0.785750 0.435339 0.783500 0.434342 0.783250 0.431682 0.780000 0.430851 0.779500 0.430685 0.779000 0.429023 0.777750 0.428025 0.776500 0.427360 0.776750 0.426695 0.776500 0.424867 0.775000 0.424701 0.774500 0.424202 0.774500 0.424036 0.775000
0 0.365359 0.752250 0.365359 0.753250 0.365858 0.753250 0.366356 0.752750 0.367021 0.752750 0.367188 0.752500 0.374834 0.752500 0.375000 0.752750 0.375499 0.752750 0.375665 0.753000 0.379156 0.753000 0.379820 0.753500 0.381649 0.753500 0.381815 0.753750 0.383311 0.753750 0.383477 0.754000 0.384641 0.754000 0.384807 0.753750 0.384807 0.753000 0.384475 0.752500 0.384142 0.752250 0.383311 0.752250 0.382812 0.751750 0.382314 0.751750 0.382148 0.751500 0.381649 0.751500 0.381483 0.751250 0.379156 0.751250 0.378989 0.751000 0.377992 0.751000 0.377826 0.750750 0.373504 0.750750 0.372839 0.750250 0.370512 0.750250 0.370346 0.750500 0.370180 0.750250 0.369847 0.750250 0.369681 0.750500 0.368684 0.750250 0.368351 0.750750 0.367354 0.750750 0.367021 0.751000 0.366855 0.751500 0.366523 0.751750 0.366024 0.751750
0 0.370013 0.738500 0.370346 0.739500 0.374668 0.739000 0.377161 0.740500 0.383477 0.739500 0.390293 0.741500 0.398438 0.746500 0.409408 0.748500 0.429355 0.758500 0.450299 0.777500 0.450798 0.779500 0.457945 0.784500 0.465758 0.801250 0.470412 0.808250 0.471742 0.808750 0.472573 0.807500 0.473737 0.810500 0.475066 0.810750 0.472407 0.806000 0.472074 0.803000 0.469082 0.799750 0.471576 0.799500 0.471742 0.798500 0.467088 0.796250 0.465592 0.794000 0.464262 0.788500 0.457613 0.778500 0.448471 0.772250 0.442320 0.763500 0.425033 0.750500 0.415559 0.747250 0.404754 0.738250 0.401596 0.738500 0.397108 0.735500 0.395279 0.736250 0.391456 0.734250 0.381815 0.734250 0.375000 0.736250 0.375000 0.738000
0 0.669880 0.731250 0.669880 0.732500 0.670379 0.732750 0.670379 0.733500 0.679854 0.747500 0.680519 0.747500 0.682347 0.750250 0.682347 0.752250 0.683012 0.752750 0.683178 0.754500 0.684176 0.754500 0.684508 0.755500 0.685339 0.755500 0.685505 0.756250 0.686503 0.756500 0.687334 0.757500 0.688830 0.757500 0.689328 0.758500 0.691656 0.758500 0.691822 0.759250 0.692653 0.759500 0.693816 0.761500 0.694648 0.761500 0.696144 0.763500 0.697307 0.763500 0.700133 0.767500 0.702793 0.767500 0.702959 0.766750 0.703624 0.766250 0.704289 0.767000 0.704455 0.768250 0.706283 0.768250 0.706283 0.766500 0.705785 0.766250 0.704953 0.764500 0.704122 0.764000 0.702294 0.760250 0.702626 0.759750 0.703790 0.761250 0.704289 0.761250 0.703125 0.757750 0.702128 0.757250 0.701629 0.756500 0.701629 0.755500 0.700798 0.755250 0.697972 0.751250 0.697473 0.749250 0.696809 0.749250 0.691489 0.744000 0.688830 0.740500 0.686503 0.736750 0.686004 0.734750 0.684674 0.732750 0.684508 0.731250 0.683178 0.731250 0.683012 0.732250 0.682015 0.732250 0.681017 0.730500 0.679854 0.730500 0.678191 0.729250 0.676695 0.729500 0.676862 0.730500 0.677693 0.730750 0.677527 0.731250 0.675532 0.731250 0.674368 0.730250 0.672706 0.730250 0.672374 0.731250 0.671875 0.731250 0.671709 0.732750 0.671210 0.732250 0.671210 0.731250
0 0.873338 0.725750 0.873338 0.726250 0.873670 0.726750 0.873670 0.727000 0.874501 0.728250 0.874501 0.728750 0.874668 0.729250 0.875332 0.729750 0.875665 0.730250 0.875831 0.730250 0.877327 0.732500 0.877327 0.732750 0.877493 0.732750 0.879987 0.736500 0.879987 0.736750 0.880319 0.737000 0.880485 0.737500 0.880485 0.738000 0.880818 0.738500 0.881316 0.738500 0.882646 0.740500 0.882979 0.740500 0.883145 0.740750 0.883145 0.741250 0.883477 0.741500 0.883976 0.741250 0.883976 0.740750 0.884142 0.740500 0.885805 0.740500 0.885971 0.740000 0.885971 0.737750 0.884641 0.735750 0.884641 0.735250 0.884475 0.735000 0.884641 0.734500 0.884475 0.734250 0.884475 0.733500 0.882480 0.730500 0.881981 0.730500 0.881649 0.730250 0.880984 0.729250 0.880652 0.729250 0.879987 0.728500 0.878657 0.727500 0.877992 0.727500 0.876828 0.726250 0.875665 0.726250 0.875166 0.725500 0.874834 0.725250 0.873836 0.725250
0 0.017786 0.731750 0.018285 0.734500 0.019282 0.734500 0.019781 0.733500 0.020445 0.733500 0.020612 0.734750 0.031250 0.733000 0.031915 0.734000 0.033577 0.734000 0.039062 0.732500 0.041722 0.732500 0.047207 0.730500 0.056682 0.730500 0.057181 0.731500 0.061669 0.731500 0.062334 0.730500 0.072141 0.730500 0.072806 0.731500 0.074136 0.731500 0.074801 0.732500 0.075465 0.732500 0.075465 0.731500 0.072473 0.727250 0.071144 0.727250 0.069648 0.725250 0.066157 0.725250 0.065824 0.724250 0.064495 0.724250 0.063664 0.723250 0.053358 0.723250 0.052360 0.724250 0.041223 0.724250 0.041057 0.723500 0.038398 0.722250 0.035406 0.723250 0.028092 0.724250 0.027261 0.726000 0.025765 0.727250 0.021110 0.727250 0.020778 0.728750 0.018451 0.729250 0.018451 0.730750
0 0.028757 0.697750 0.027926 0.697750 0.026430 0.699750 0.025432 0.699750 0.025100 0.700250 0.025100 0.700500 0.024767 0.700750 0.022606 0.704000 0.022606 0.704500 0.022274 0.705500 0.021609 0.706750 0.021609 0.707000 0.021277 0.707250 0.020944 0.708250 0.020612 0.708750 0.020445 0.708750 0.019282 0.710500 0.019282 0.710750 0.018949 0.711250 0.018949 0.711750 0.018617 0.712250 0.018285 0.713250 0.017620 0.714250 0.017287 0.715250 0.017287 0.715750 0.016955 0.716500 0.016955 0.717000 0.016789 0.717250 0.016622 0.719750 0.017287 0.719750 0.017620 0.719250 0.017620 0.718750 0.018285 0.716750 0.018783 0.716000 0.018949 0.715250 0.020445 0.713000 0.020778 0.713000 0.021609 0.711500 0.022274 0.711250 0.022274 0.711000 0.022606 0.710500 0.023271 0.710250 0.023271 0.710000 0.023604 0.709500 0.023770 0.709500 0.023936 0.709000 0.024269 0.709000 0.024435 0.708750 0.025100 0.706750 0.025432 0.706500 0.025432 0.706000 0.025765 0.705500 0.026430 0.703750 0.027261 0.702500 0.027593 0.702250 0.027593 0.701250 0.027427 0.701000 0.027593 0.700500 0.028258 0.699500 0.028424 0.699500 0.028424 0.699250 0.028757 0.698750
0 0.593916 0.680500 0.584608 0.690000 0.583610 0.689750 0.572806 0.703500 0.558012 0.727250 0.556184 0.728250 0.546709 0.749500 0.543717 0.764500 0.541888 0.788750 0.544049 0.814000 0.545711 0.819250 0.548537 0.823000 0.551529 0.821500 0.548039 0.812500 0.546875 0.813250 0.545545 0.810750 0.544215 0.804750 0.544215 0.784750 0.544880 0.776000 0.550532 0.745500 0.553358 0.738750 0.557513 0.733250 0.556184 0.730750 0.561503 0.724250 0.573138 0.704500 0.576629 0.701500 0.580618 0.695250 0.587267 0.703750 0.589262 0.710750 0.593916 0.720250 0.595246 0.726250 0.596742 0.726500 0.593418 0.702750 0.586602 0.689250
0 0.629322 0.652250 0.629156 0.656500 0.629987 0.658000 0.629987 0.660250 0.630485 0.661000 0.630652 0.663500 0.631815 0.665750 0.631815 0.667000 0.634475 0.670750 0.635306 0.673500 0.636469 0.674750 0.636469 0.676000 0.641789 0.682250 0.643285 0.687500 0.644448 0.690000 0.644448 0.691000 0.645113 0.691750 0.645113 0.693000 0.647440 0.697500 0.648770 0.698500 0.650432 0.698500 0.650765 0.697500 0.657081 0.697500 0.657580 0.696500 0.659907 0.696500 0.661569 0.695250 0.666223 0.695500 0.668384 0.694250 0.668384 0.692500 0.667055 0.691000 0.667055 0.689500 0.666057 0.687500 0.665226 0.683500 0.663896 0.682500 0.663896 0.681500 0.662566 0.679500 0.662566 0.678500 0.661902 0.678000 0.661902 0.676500 0.659076 0.672250 0.658411 0.672250 0.657912 0.671500 0.657912 0.670500 0.655751 0.667250 0.654754 0.667250 0.654422 0.666250 0.653757 0.666250 0.652094 0.664250 0.649767 0.660250 0.647939 0.658250 0.647773 0.657250 0.641789 0.652000 0.640957 0.650250 0.639960 0.650250 0.637799 0.648250 0.637301 0.648250 0.636968 0.649250 0.635971 0.649250 0.635638 0.650250 0.635306 0.648750 0.636636 0.648500 0.636636 0.647250 0.634309 0.647250 0.631483 0.649250
0 0.337600 0.647750 0.337600 0.648500 0.338098 0.649250 0.338265 0.650250 0.338597 0.650500 0.338930 0.651500 0.339927 0.651500 0.340259 0.652250 0.340924 0.652500 0.341423 0.653250 0.342254 0.653500 0.342753 0.654250 0.343085 0.654250 0.343251 0.654500 0.344249 0.654500 0.344415 0.655000 0.345412 0.656250 0.345911 0.656250 0.345911 0.655750 0.346077 0.655500 0.347906 0.655500 0.348072 0.655750 0.348072 0.656250 0.349568 0.656500 0.349900 0.657000 0.350898 0.657500 0.351396 0.658250 0.351729 0.658250 0.352061 0.658750 0.352061 0.659250 0.352560 0.659250 0.353391 0.660250 0.353723 0.660250 0.354056 0.660750 0.354056 0.661250 0.354555 0.661250 0.354721 0.661500 0.355718 0.661500 0.355884 0.661250 0.355884 0.660500 0.355386 0.659750 0.355219 0.658500 0.352560 0.656250 0.352227 0.655750 0.349568 0.653750 0.349235 0.653250 0.348570 0.653000 0.348238 0.652500 0.347739 0.652250 0.344082 0.648750 0.343251 0.648250 0.339594 0.644750 0.338930 0.644500 0.338763 0.645000 0.339761 0.646250 0.338930 0.646750 0.338098 0.646750 0.338098 0.647250
0 0.542553 0.605250 0.538896 0.607750 0.524269 0.634250 0.522939 0.638250 0.524269 0.641250 0.528923 0.628250 0.531416 0.626000 0.526928 0.637250 0.524269 0.648000 0.518285 0.656250 0.514960 0.667250 0.516124 0.672500 0.518949 0.662250 0.522773 0.654500 0.524435 0.653750 0.521775 0.667750 0.517620 0.678250 0.516789 0.685750 0.516124 0.732000 0.518285 0.745500 0.518949 0.743500 0.517620 0.734000 0.518949 0.737250 0.520279 0.684500 0.523604 0.677250 0.522440 0.675000 0.525598 0.671250 0.527261 0.665750 0.523604 0.697250 0.524934 0.697500 0.526430 0.692750 0.526430 0.687750 0.527593 0.691250 0.528092 0.677750 0.533577 0.650000 0.532746 0.647750 0.528424 0.666500 0.528258 0.658250 0.529588 0.650250 0.536403 0.627750 0.541390 0.619250 0.542886 0.613500
0 0.387301 0.582750 0.387134 0.584750 0.386802 0.585000 0.385971 0.584500 0.385638 0.585500 0.385805 0.587250 0.386469 0.588500 0.386469 0.590250 0.387134 0.591250 0.387134 0.593000 0.387799 0.594250 0.387965 0.595500 0.389129 0.597000 0.389628 0.598750 0.390459 0.600250 0.390459 0.601750 0.391622 0.604250 0.391789 0.606250 0.392620 0.607500 0.393285 0.610000 0.393617 0.610250 0.393617 0.611000 0.395113 0.615250 0.395113 0.617250 0.396277 0.619250 0.396443 0.621000 0.397108 0.622250 0.397108 0.624000 0.397773 0.624750 0.397939 0.625500 0.398438 0.625750 0.398604 0.626500 0.399102 0.626500 0.399435 0.625500 0.399934 0.625500 0.402593 0.630250 0.404255 0.630250 0.404588 0.631250 0.406250 0.631500 0.406582 0.630500 0.406416 0.628500 0.405918 0.628250 0.405751 0.627500 0.405253 0.627250 0.405086 0.626500 0.404588 0.626250 0.404422 0.625500 0.403923 0.625250 0.403757 0.624500 0.402427 0.623000 0.401762 0.620500 0.401097 0.620000 0.399934 0.616750 0.399269 0.615750 0.399102 0.614250 0.397939 0.611000 0.397939 0.609750 0.396609 0.606000 0.396443 0.604500 0.394781 0.600250 0.391290 0.588750 0.390625 0.587750 0.390459 0.586500 0.389794 0.586000 0.389794 0.584500 0.389461 0.584500 0.388464 0.582500
0 0.714927 0.588500 0.712434 0.587250 0.705951 0.587250 0.711935 0.586500 0.711935 0.585250 0.699801 0.584250 0.698637 0.582250 0.696144 0.582250 0.695479 0.581250 0.680685 0.582500 0.681017 0.580250 0.674701 0.581250 0.664395 0.586250 0.634973 0.596500 0.630818 0.599250 0.629322 0.598500 0.619348 0.606500 0.614860 0.613250 0.610705 0.617250 0.613531 0.616500 0.615691 0.614500 0.617354 0.615250 0.619847 0.612500 0.621676 0.612500 0.625831 0.608500 0.629156 0.607250 0.637633 0.600500 0.653590 0.595500 0.654089 0.594500 0.666556 0.592500 0.668052 0.590500 0.686503 0.590500 0.698138 0.588500 0.714761 0.589500
0 0.398438 0.578750 0.398438 0.579750 0.398604 0.580000 0.398604 0.580500 0.398936 0.580750 0.399269 0.582250 0.399767 0.582750 0.399767 0.583750 0.399934 0.584250 0.400100 0.584250 0.400598 0.585000 0.400598 0.585250 0.401097 0.585750 0.401263 0.587250 0.401762 0.587500 0.401928 0.587750 0.401928 0.588250 0.402593 0.589250 0.403258 0.591250 0.403590 0.593000 0.403923 0.593750 0.404255 0.594000 0.405086 0.596250 0.405086 0.597000 0.405253 0.597500 0.405585 0.597500 0.405751 0.597750 0.405751 0.599000 0.406416 0.599750 0.406416 0.600250 0.406582 0.600500 0.407580 0.600500 0.407746 0.600750 0.407746 0.601250 0.408411 0.601500 0.408577 0.601000 0.408577 0.599250 0.408411 0.599000 0.408411 0.598250 0.407912 0.597250 0.407912 0.594250 0.407746 0.594000 0.407746 0.592250 0.407247 0.590750 0.407081 0.589500 0.406749 0.588750 0.406749 0.588000 0.406416 0.587250 0.405918 0.587250 0.405751 0.587500 0.405751 0.588250 0.406084 0.589000 0.405918 0.589500 0.405253 0.588500 0.405253 0.586500 0.404588 0.586000 0.404588 0.584500 0.404422 0.584250 0.403757 0.584250 0.403258 0.583500 0.403258 0.582750 0.402593 0.581750 0.401928 0.580250 0.401430 0.580250 0.401097 0.579250 0.400432 0.579250 0.399767 0.578250 0.398936 0.578250
0 0.853557 0.547250 0.853391 0.549250 0.853890 0.549750 0.853890 0.551500 0.854388 0.552500 0.854555 0.554250 0.855219 0.555250 0.854555 0.555750 0.854555 0.557000 0.855219 0.558250 0.855219 0.559000 0.855884 0.559750 0.855884 0.564250 0.856383 0.565750 0.856549 0.569000 0.857214 0.570250 0.857214 0.572000 0.857879 0.573250 0.857879 0.574000 0.859209 0.576250 0.859375 0.577500 0.860372 0.578500 0.863198 0.583250 0.863364 0.584500 0.864029 0.585500 0.866523 0.595000 0.866523 0.597000 0.867188 0.598250 0.867354 0.601000 0.868517 0.604000 0.868684 0.605500 0.869182 0.606250 0.869182 0.608000 0.869847 0.608750 0.869847 0.610250 0.870678 0.611500 0.871177 0.611500 0.871343 0.605750 0.872008 0.605250 0.872008 0.602500 0.871343 0.602000 0.871343 0.598500 0.870678 0.597500 0.870678 0.593500 0.870013 0.592500 0.870013 0.588500 0.869348 0.587500 0.869348 0.584500 0.868684 0.583500 0.868684 0.582500 0.868019 0.581500 0.868019 0.580500 0.867354 0.579500 0.867354 0.578500 0.866523 0.578250 0.865858 0.577250 0.865359 0.575500 0.862866 0.570250 0.862533 0.568250 0.861536 0.566000 0.861203 0.562500 0.860040 0.560500 0.859874 0.558500 0.858710 0.557250 0.858211 0.555750 0.857214 0.554500 0.855053 0.549750 0.854721 0.548250
0 0.481217 0.542250 0.481051 0.542500 0.481051 0.544250 0.481549 0.545000 0.481549 0.545250 0.481715 0.545500 0.482380 0.545500 0.482380 0.544500 0.482214 0.544250 0.482214 0.544000 0.482048 0.543750 0.482380 0.543250 0.482380 0.542500 0.482214 0.542250
0 0.522939 0.452500 0.521277 0.453250 0.516955 0.458750 0.515625 0.463000 0.512301 0.469500 0.511137 0.469500 0.510472 0.471250 0.502826 0.479750 0.499668 0.486250 0.497507 0.492500 0.495678 0.500500 0.496177 0.502500 0.493684 0.509250 0.495678 0.507500 0.495512 0.513250 0.496842 0.513500 0.498172 0.521250 0.498836 0.521750 0.499501 0.526000 0.500166 0.526750 0.500332 0.533500 0.501496 0.533500 0.501995 0.531750 0.502992 0.533500 0.504820 0.533500 0.506981 0.528500 0.508976 0.526500 0.508976 0.525250 0.510306 0.523500 0.511137 0.519250 0.512134 0.517500 0.512301 0.515000 0.513464 0.512500 0.514129 0.508750 0.516124 0.506250 0.518285 0.500750 0.518285 0.495250 0.519614 0.492250 0.520113 0.482500 0.519448 0.482750 0.519448 0.484000 0.518118 0.485750 0.518118 0.487500 0.516789 0.490500 0.515459 0.491750 0.513464 0.497000 0.510805 0.500750 0.510805 0.502000 0.510306 0.502000 0.510306 0.497250 0.510971 0.496250 0.511636 0.491250 0.512301 0.490500 0.512301 0.487250 0.513630 0.482250 0.517620 0.475250 0.519614 0.469000 0.520944 0.466750 0.521609 0.462250 0.522274 0.461500
0 0.548703 0.423500 0.548205 0.423500 0.547872 0.424250 0.547540 0.424250 0.545711 0.427250 0.545047 0.427250 0.544382 0.428250 0.543052 0.429250 0.542886 0.430000 0.542221 0.430750 0.541888 0.432000 0.538231 0.437500 0.537068 0.438250 0.536237 0.440000 0.533411 0.444250 0.532912 0.444500 0.532247 0.445500 0.532247 0.446000 0.531582 0.446750 0.531250 0.448000 0.530253 0.449250 0.530086 0.451750 0.529588 0.452500 0.529588 0.453000 0.529089 0.453500 0.529588 0.456250 0.530253 0.456000 0.530253 0.454750 0.532081 0.452500 0.532247 0.451250 0.532746 0.450500 0.533411 0.450250 0.534574 0.448500 0.535572 0.448250 0.536569 0.446500 0.537234 0.446500 0.537733 0.445500 0.538231 0.445250 0.538231 0.444000 0.539229 0.442500 0.539894 0.442500 0.540725 0.441500 0.540891 0.440000 0.545379 0.433250 0.545545 0.432000 0.545878 0.431500 0.546709 0.431250 0.547041 0.430500 0.548205 0.430500 0.548205 0.429500 0.547706 0.429250 0.547540 0.428750 0.548039 0.428500 0.548703 0.427500 0.549535 0.427250 0.549368 0.426250 0.547872 0.426250 0.547706 0.426000 0.548039 0.425500 0.548870 0.425500 0.548870 0.423750
0 0.052360 0.396500 0.052028 0.397500 0.052194 0.398250 0.052693 0.399000 0.052693 0.401750 0.053191 0.402750 0.053358 0.404750 0.054023 0.406250 0.054189 0.408250 0.054521 0.408750 0.054854 0.410250 0.055851 0.412250 0.056017 0.414750 0.056682 0.417000 0.056682 0.418750 0.057347 0.420250 0.057347 0.421250 0.058344 0.422750 0.058511 0.423750 0.060007 0.427750 0.060007 0.428250 0.060672 0.429250 0.060672 0.430000 0.061170 0.430750 0.061336 0.432000 0.062001 0.433250 0.062168 0.435250 0.062666 0.435750 0.062666 0.437000 0.063165 0.437500 0.063497 0.437000 0.063497 0.431000 0.063331 0.430750 0.063664 0.430250 0.063996 0.430250 0.064162 0.429500 0.063996 0.428750 0.064162 0.425500 0.064661 0.425250 0.064827 0.424000 0.064162 0.422750 0.064162 0.421000 0.063497 0.419500 0.063497 0.418000 0.062832 0.416750 0.062832 0.414750 0.062001 0.413500 0.061004 0.410000 0.059342 0.407500 0.058344 0.405250 0.056184 0.401750 0.056017 0.400500 0.054854 0.398750 0.054688 0.397750 0.054023 0.397500 0.053358 0.396500
0 0.034242 0.378750 0.034076 0.380000 0.034741 0.380750 0.034741 0.383250 0.034076 0.383750 0.034242 0.386250 0.034741 0.386750 0.034907 0.388250 0.035406 0.388750 0.035406 0.390000 0.036070 0.391250 0.036070 0.392000 0.036735 0.393250 0.036902 0.394500 0.037234 0.394750 0.037566 0.396250 0.038730 0.398250 0.038730 0.399250 0.039229 0.399750 0.039561 0.401500 0.041888 0.405750 0.042886 0.409500 0.043384 0.410000 0.044049 0.411750 0.044049 0.413000 0.045213 0.415000 0.045545 0.417250 0.047872 0.420750 0.048205 0.422250 0.048703 0.422750 0.048870 0.424250 0.049202 0.424250 0.049535 0.425250 0.050864 0.427250 0.051363 0.427250 0.051529 0.426000 0.050864 0.424750 0.050698 0.420250 0.050366 0.420000 0.050033 0.418500 0.049535 0.417750 0.049368 0.416500 0.048870 0.415750 0.048703 0.413500 0.048039 0.412500 0.047706 0.411000 0.046044 0.408500 0.045047 0.404000 0.040891 0.397750 0.038564 0.389750 0.038231 0.387000 0.037566 0.385000 0.037400 0.382500 0.036902 0.381750 0.036735 0.380500 0.035572 0.378750
0 0.023271 0.366250 0.023105 0.366500 0.023105 0.367250 0.023438 0.367750 0.023604 0.369250 0.023936 0.369500 0.024102 0.370000 0.023770 0.370500 0.023105 0.370500 0.022606 0.371500 0.022274 0.371500 0.021110 0.370500 0.020279 0.370500 0.020279 0.371250 0.020612 0.371750 0.023105 0.373500 0.024269 0.375250 0.024934 0.378250 0.025266 0.378500 0.028757 0.384000 0.028923 0.385250 0.030086 0.387000 0.030253 0.388250 0.030585 0.388500 0.030751 0.389250 0.031915 0.390750 0.032081 0.391250 0.032081 0.393000 0.032247 0.393250 0.032746 0.393250 0.033577 0.391750 0.033577 0.385750 0.032912 0.385000 0.032912 0.383500 0.032081 0.381000 0.031749 0.380500 0.031582 0.379500 0.031250 0.379000 0.031084 0.378250 0.030419 0.377500 0.030253 0.376750 0.027593 0.372500 0.027427 0.371500 0.027094 0.371500 0.026762 0.371000 0.026762 0.370500 0.026430 0.370500 0.026097 0.370000 0.026097 0.369500 0.025266 0.369250 0.024934 0.368500 0.024269 0.367750 0.024269 0.366750 0.023936 0.366250
0 0.191323 0.356750 0.191323 0.357500 0.191822 0.358500 0.191822 0.360000 0.191489 0.360500 0.190492 0.360750 0.190492 0.362250 0.191157 0.363500 0.191157 0.365250 0.190326 0.366250 0.190492 0.369250 0.190991 0.370000 0.191157 0.373500 0.191157 0.399250 0.191822 0.400250 0.191822 0.403250 0.192320 0.404000 0.192320 0.413750 0.193152 0.414750 0.193152 0.416000 0.193650 0.416500 0.193816 0.417250 0.194315 0.417250 0.194481 0.415000 0.194980 0.414250 0.194980 0.413500 0.194481 0.412750 0.194481 0.389250 0.194315 0.385750 0.193816 0.383500 0.193816 0.371500 0.193650 0.370500 0.193152 0.369750 0.193152 0.368250 0.192487 0.367500 0.192320 0.357750 0.191822 0.356750
0 0.730219 0.266750 0.728890 0.266500 0.728391 0.267000 0.728225 0.266500 0.727394 0.266500 0.726895 0.267250 0.725233 0.267250 0.724568 0.268250 0.721742 0.268250 0.720578 0.269250 0.720246 0.268500 0.719747 0.268500 0.719415 0.270250 0.718418 0.270500 0.717919 0.271750 0.713098 0.275250 0.711602 0.277500 0.709774 0.278500 0.707114 0.281500 0.706117 0.283750 0.704787 0.284500 0.703125 0.286250 0.701795 0.288250 0.701629 0.289500 0.701130 0.290250 0.700632 0.290250 0.699634 0.292250 0.696310 0.296250 0.695645 0.296500 0.693816 0.299250 0.693816 0.300000 0.692487 0.301500 0.692487 0.302500 0.693484 0.302500 0.694648 0.301250 0.695811 0.302000 0.696809 0.300500 0.697640 0.300250 0.698637 0.298250 0.699801 0.298250 0.700798 0.297500 0.701795 0.295500 0.702959 0.295250 0.703291 0.294250 0.704953 0.293250 0.705286 0.292500 0.706616 0.292500 0.707613 0.290750 0.709441 0.290500 0.709940 0.289500 0.710771 0.289500 0.711935 0.287500 0.713098 0.287250 0.714761 0.284500 0.715592 0.284250 0.715592 0.283750 0.716589 0.282500 0.717586 0.282500 0.717753 0.281750 0.718251 0.281500 0.718418 0.280750 0.720080 0.278500 0.721742 0.277750 0.722906 0.276500 0.723570 0.276500 0.723903 0.275500 0.725565 0.275500 0.725898 0.274500 0.726895 0.273750 0.728890 0.273500 0.730219 0.271250
0 0.767453 0.241000 0.766622 0.240750 0.764295 0.241250 0.763464 0.242000 0.760971 0.243250 0.759475 0.244500 0.758644 0.245750 0.757812 0.246000 0.757148 0.247000 0.755652 0.248250 0.752992 0.249250 0.752660 0.249750 0.750997 0.250500 0.746343 0.254250 0.745346 0.254500 0.739362 0.260250 0.739029 0.262250 0.739029 0.265000 0.739860 0.265250 0.741689 0.263000 0.743185 0.262250 0.744847 0.260750 0.745346 0.260750 0.745844 0.260000 0.746509 0.259750 0.747507 0.258000 0.748836 0.257250 0.749501 0.256000 0.750166 0.255750 0.750499 0.255000 0.751164 0.254750 0.751662 0.254000 0.752826 0.253500 0.754488 0.252000 0.756316 0.251250 0.758810 0.249250 0.759309 0.249250 0.760140 0.248000 0.760805 0.247750 0.761137 0.247250 0.761469 0.247250 0.761802 0.246500 0.762467 0.246250 0.762965 0.245250 0.765126 0.243750 0.765459 0.243000 0.766290 0.242750 0.766789 0.242000 0.767453 0.241750
0 0.799701 0.224000 0.799202 0.223750 0.798205 0.224250 0.798039 0.223500 0.796044 0.223750 0.795878 0.224250 0.793384 0.224750 0.793052 0.225250 0.791057 0.225500 0.790559 0.226250 0.789894 0.226250 0.788398 0.227500 0.787234 0.229250 0.786403 0.229500 0.784408 0.232250 0.783743 0.232500 0.778424 0.239500 0.775931 0.241000 0.774601 0.242250 0.773604 0.242500 0.772939 0.243250 0.771941 0.243250 0.770944 0.244500 0.768949 0.245500 0.768451 0.246250 0.768451 0.247250 0.769282 0.247000 0.770279 0.247250 0.776928 0.243250 0.778590 0.243500 0.781416 0.240500 0.782746 0.240250 0.783078 0.239500 0.783910 0.238750 0.786902 0.237250 0.787733 0.237250 0.788065 0.236750 0.790060 0.235750 0.790392 0.235000 0.791057 0.234750 0.792387 0.232500 0.793052 0.232250 0.793717 0.231000 0.799368 0.227750 0.800033 0.226750 0.800033 0.225250 0.799701 0.224750
0 0.832613 0.217500 0.831782 0.217500 0.831616 0.217250 0.828125 0.217250 0.827959 0.217500 0.826795 0.217500 0.825964 0.218250 0.824302 0.218500 0.823969 0.219250 0.822141 0.219250 0.821975 0.219500 0.821476 0.219500 0.820977 0.220250 0.820312 0.220500 0.819814 0.221250 0.818983 0.221500 0.818650 0.222250 0.818152 0.222500 0.816988 0.224250 0.816157 0.224750 0.815991 0.225250 0.815492 0.225500 0.815160 0.226250 0.814328 0.226500 0.814162 0.227250 0.813664 0.228000 0.813165 0.228250 0.812168 0.229500 0.812168 0.230250 0.814162 0.230250 0.815160 0.228500 0.816489 0.228500 0.816822 0.228250 0.816822 0.228000 0.817819 0.226500 0.818650 0.226250 0.819149 0.225500 0.819980 0.225250 0.820479 0.224500 0.821144 0.224500 0.821809 0.223250 0.822141 0.223250 0.822640 0.222750 0.822972 0.222750 0.823138 0.222500 0.824302 0.222500 0.825964 0.221500 0.827460 0.221500 0.827626 0.221250 0.828125 0.221250 0.828790 0.220500 0.829455 0.220500 0.831117 0.219500 0.832281 0.219500 0.832613 0.219250
0 0.589761 0.213250 0.589761 0.213750 0.589428 0.214250 0.588930 0.214500 0.588930 0.215500 0.589428 0.216000 0.589428 0.216500 0.589761 0.217000 0.592753 0.219250 0.594415 0.221750 0.594914 0.221750 0.595412 0.223000 0.595412 0.223500 0.595745 0.224000 0.595911 0.225750 0.596576 0.226750 0.596576 0.227250 0.597573 0.228500 0.598404 0.230000 0.598903 0.230000 0.599402 0.230750 0.599734 0.230750 0.600233 0.231250 0.600731 0.232250 0.601064 0.232250 0.601729 0.233250 0.601729 0.233750 0.602394 0.235250 0.602394 0.235750 0.603391 0.237250 0.603723 0.238500 0.603723 0.239250 0.604555 0.239500 0.604721 0.240250 0.605552 0.240000 0.606217 0.237750 0.606217 0.235500 0.605219 0.234000 0.604887 0.231500 0.604555 0.231000 0.604555 0.230500 0.603225 0.228500 0.602560 0.228000 0.601562 0.228000 0.601064 0.227500 0.600898 0.227000 0.600399 0.226750 0.599402 0.225250 0.598737 0.224750 0.597906 0.223250 0.597573 0.222000 0.596908 0.221000 0.596243 0.219000 0.595578 0.218000 0.595246 0.216500 0.594914 0.216000 0.591423 0.213500
0 0.302194 0.203500 0.301529 0.204000 0.301529 0.207000 0.301862 0.207500 0.302693 0.212250 0.303524 0.214500 0.304023 0.217500 0.304023 0.219250 0.305020 0.222000 0.305352 0.225750 0.306682 0.230500 0.307513 0.236250 0.308511 0.240250 0.308677 0.243500 0.309342 0.245000 0.309342 0.246250 0.309674 0.247000 0.309674 0.249250 0.310505 0.251000 0.311004 0.253250 0.311669 0.254250 0.312334 0.258000 0.312666 0.258250 0.312999 0.262750 0.313664 0.263000 0.313830 0.260000 0.313497 0.259000 0.313497 0.254500 0.312832 0.253500 0.312832 0.251000 0.312500 0.250500 0.312500 0.249500 0.311835 0.248000 0.311835 0.246500 0.311503 0.246000 0.311503 0.243500 0.310838 0.241500 0.310838 0.239250 0.310173 0.237000 0.310173 0.234250 0.309840 0.233500 0.309508 0.229750 0.309009 0.227750 0.308012 0.225750 0.306516 0.220250 0.306184 0.215750 0.304854 0.208500 0.304189 0.206750 0.304189 0.205500 0.303358 0.204000
0 0.190492 0.198750 0.189827 0.203250 0.188497 0.204500 0.188497 0.206250 0.190326 0.218000 0.192320 0.252750 0.192985 0.253750 0.192985 0.255500 0.192320 0.256250 0.192985 0.258000 0.192985 0.262000 0.193650 0.263500 0.193816 0.279250 0.194315 0.280000 0.194481 0.284250 0.194980 0.284250 0.195811 0.282500 0.195811 0.276000 0.196310 0.275500 0.196476 0.270750 0.195811 0.269000 0.195811 0.259500 0.195146 0.255750 0.195146 0.252250 0.194481 0.249500 0.194481 0.242250 0.193816 0.240500 0.193816 0.230250 0.193152 0.228750 0.193152 0.223250 0.192487 0.222000 0.192487 0.206500 0.191822 0.204750 0.191822 0.202250 0.191157 0.201000 0.191157 0.199000
0 0.920379 0.183750 0.920379 0.185250 0.920878 0.187250 0.921875 0.187500 0.922540 0.186500 0.923039 0.186500 0.924036 0.185500 0.924701 0.185500 0.925033 0.184500 0.925698 0.184500 0.926363 0.184000 0.928191 0.183500 0.935173 0.183500 0.936004 0.184500 0.938830 0.184500 0.941656 0.186250 0.942985 0.188250 0.942985 0.189250 0.943484 0.189500 0.943816 0.190500 0.944481 0.190500 0.945146 0.191500 0.946310 0.191500 0.946476 0.190500 0.945645 0.190250 0.944980 0.189250 0.944481 0.189000 0.944648 0.188500 0.945146 0.188500 0.945811 0.189500 0.946642 0.189500 0.947141 0.190500 0.947806 0.190500 0.948471 0.191500 0.949801 0.191250 0.949801 0.190500 0.949302 0.190250 0.949136 0.189500 0.948471 0.189000 0.947806 0.186750 0.946975 0.185500 0.945977 0.185250 0.942653 0.182250 0.941822 0.182250 0.939827 0.180750 0.937832 0.180250 0.936669 0.179250 0.934009 0.178250 0.926695 0.179500 0.926031 0.180250 0.924535 0.180500 0.923205 0.182250 0.922706 0.182250 0.921875 0.183250 0.920711 0.183250
0 0.879820 0.176750 0.879322 0.176750 0.879156 0.177250 0.877327 0.177250 0.876662 0.177500 0.876164 0.178250 0.874834 0.178500 0.874501 0.179250 0.872839 0.179500 0.872174 0.180250 0.870678 0.180250 0.869681 0.181250 0.867354 0.181500 0.866190 0.183000 0.864528 0.184500 0.864029 0.184500 0.863032 0.185750 0.858211 0.187750 0.856217 0.189250 0.853059 0.190250 0.851064 0.190250 0.850898 0.191250 0.851396 0.191500 0.851396 0.192000 0.849568 0.192500 0.848570 0.194000 0.847407 0.194500 0.847407 0.195250 0.849402 0.195500 0.850731 0.194500 0.851895 0.194500 0.852061 0.195250 0.852726 0.195750 0.852726 0.196250 0.853225 0.196250 0.853225 0.195750 0.853890 0.195250 0.854222 0.194500 0.855552 0.194500 0.856051 0.193500 0.861203 0.193250 0.862201 0.192250 0.864195 0.192500 0.864694 0.191500 0.866523 0.191250 0.867354 0.190250 0.869681 0.190500 0.870180 0.189250 0.871842 0.188250 0.871842 0.187750 0.872507 0.187250 0.873172 0.186250 0.873338 0.185250 0.874335 0.184500 0.874834 0.183250 0.875166 0.183250 0.875499 0.182500 0.876496 0.182250 0.876496 0.181500 0.875997 0.181000 0.876330 0.180500 0.878491 0.179500 0.878823 0.178500 0.879654 0.178500 0.879987 0.178000
0 0.925698 0.169500 0.924867 0.169250 0.924036 0.168250 0.923205 0.168250 0.923039 0.168000 0.923039 0.167500 0.922207 0.167250 0.921875 0.166750 0.921376 0.166500 0.920711 0.167250 0.915392 0.167250 0.915226 0.167500 0.912899 0.167750 0.912733 0.168000 0.911735 0.168000 0.911569 0.168250 0.909408 0.168250 0.908743 0.169000 0.908078 0.169000 0.907912 0.169250 0.905419 0.169250 0.904754 0.170000 0.903258 0.170250 0.903258 0.171500 0.903757 0.171500 0.904089 0.172500 0.908411 0.172500 0.908577 0.172250 0.908910 0.172500 0.911070 0.172500 0.911403 0.171500 0.912400 0.171500 0.912566 0.171250 0.913231 0.171250 0.913398 0.171000 0.914062 0.171000 0.914229 0.170750 0.914894 0.170750 0.915060 0.170500 0.922540 0.170500 0.922706 0.170250 0.923039 0.170250 0.923537 0.169500 0.924036 0.169500 0.924701 0.170500 0.925366 0.170500 0.925698 0.170250
0 0.225399 0.164750 0.224900 0.164750 0.224568 0.164250 0.223903 0.164250 0.223570 0.164750 0.223404 0.164750 0.223404 0.165000 0.223072 0.165500 0.222906 0.165500 0.222739 0.166250 0.222407 0.166750 0.222407 0.167000 0.222241 0.167250 0.221908 0.168500 0.221576 0.169000 0.221576 0.169250 0.221077 0.170500 0.221077 0.171000 0.220745 0.171750 0.220745 0.172250 0.219747 0.174000 0.219747 0.174250 0.219415 0.174750 0.219415 0.175000 0.218916 0.175750 0.218916 0.176000 0.218418 0.176750 0.218418 0.177000 0.217088 0.179000 0.217088 0.179250 0.216755 0.179750 0.216755 0.180750 0.216922 0.181000 0.217753 0.181000 0.217919 0.180250 0.218085 0.180000 0.218418 0.180000 0.218418 0.179750 0.218750 0.179000 0.219082 0.179000 0.219581 0.178250 0.219581 0.178000 0.219914 0.177500 0.220412 0.177500 0.220412 0.177000 0.221077 0.176000 0.221077 0.175500 0.221742 0.174250 0.221742 0.174000 0.221908 0.173750 0.222241 0.172500 0.222573 0.172000 0.222573 0.171750 0.223072 0.170500 0.223072 0.170000 0.223404 0.169250 0.223404 0.168750 0.225399 0.165750
0 0.240359 0.135750 0.240027 0.135750 0.239860 0.136000 0.239362 0.136250 0.239362 0.136500 0.239195 0.136750 0.239029 0.136750 0.238531 0.137500 0.238364 0.137500 0.237367 0.139000 0.237201 0.139000 0.237035 0.139250 0.237035 0.139500 0.236868 0.139750 0.236702 0.139750 0.236702 0.140000 0.236203 0.140750 0.236037 0.140750 0.236037 0.141000 0.235705 0.141500 0.235705 0.141750 0.234375 0.143750 0.234375 0.144000 0.234209 0.144250 0.234043 0.144250 0.234043 0.144500 0.233876 0.144750 0.233710 0.144750 0.233710 0.145000 0.233211 0.145750 0.233211 0.146250 0.233045 0.146500 0.233045 0.146750 0.231715 0.148750 0.231715 0.149250 0.230718 0.150500 0.230718 0.150750 0.230552 0.151000 0.230552 0.151750 0.230718 0.152000 0.231217 0.152000 0.231882 0.151000 0.232214 0.151000 0.232879 0.150000 0.232879 0.149750 0.233045 0.149500 0.233211 0.149500 0.233544 0.149000 0.233876 0.149000 0.234043 0.148750 0.234043 0.148250 0.235871 0.145500 0.236037 0.144750 0.236536 0.144000 0.236536 0.143750 0.236702 0.143500 0.236868 0.143500 0.237533 0.142250 0.237699 0.142250 0.237699 0.141750 0.237866 0.141500 0.238364 0.141250 0.238364 0.140750 0.239528 0.139000 0.239528 0.138500 0.240193 0.137500 0.240193 0.137250 0.240359 0.137000 0.240525 0.137000 0.240525 0.136000
0 0.192985 0.129500 0.192985 0.130500 0.193318 0.131000 0.195146 0.131000 0.195312 0.131250 0.195645 0.131250 0.195811 0.131500 0.198803 0.131500 0.199302 0.131000 0.202793 0.131000 0.203291 0.130500 0.208278 0.130500 0.208444 0.130250 0.208444 0.129500 0.208112 0.129000 0.208112 0.128500 0.207945 0.128250 0.204953 0.128250 0.204621 0.127750 0.199801 0.127750 0.199634 0.128000 0.199302 0.128000 0.199136 0.128250 0.194149 0.128250 0.194149 0.128750 0.193816 0.129250 0.193152 0.129250
0 0.367354 0.038250 0.366523 0.037000 0.366024 0.034750 0.364362 0.032250 0.363032 0.032500 0.362367 0.031500 0.358045 0.030250 0.357380 0.029250 0.346908 0.028250 0.339594 0.028250 0.335273 0.029250 0.327959 0.029250 0.326297 0.030250 0.323637 0.030500 0.319648 0.033250 0.318484 0.033250 0.317653 0.034250 0.315991 0.034250 0.313664 0.036250 0.312168 0.036500 0.311004 0.038250 0.310173 0.038500 0.308843 0.041000 0.310672 0.040500 0.311004 0.039500 0.311669 0.039250 0.312500 0.039500 0.313331 0.038750 0.322972 0.036500 0.326130 0.034500 0.329455 0.034500 0.330951 0.033750 0.333278 0.034000 0.335771 0.035250 0.345578 0.037000 0.358211 0.037500 0.361868 0.038500 0.362533 0.039500 0.364528 0.039250 0.365525 0.040500 0.366190 0.039500 0.367188 0.039250