0 0.578776 0.962095 0.578559 0.962384 0.578559 0.964120 0.579210 0.964988 0.579427 0.966146 0.581163 0.968750 0.582031 0.970486 0.582465 0.970775 0.583984 0.973090 0.584201 0.973958 0.584852 0.974826 0.585069 0.975984 0.586589 0.979745 0.586589 0.980324 0.587240 0.981192 0.587457 0.982350 0.588759 0.985243 0.589627 0.985822 0.590495 0.987269 0.591146 0.987558 0.591797 0.988426 0.592014 0.988426 0.594184 0.991319 0.596788 0.991319 0.597005 0.991030 0.597005 0.989005 0.596571 0.988426 0.595920 0.988137 0.593533 0.984664 0.592882 0.984375 0.591580 0.982639 0.591146 0.981481 0.589627 0.979456 0.589193 0.978299 0.588542 0.977431 0.587891 0.975405 0.587240 0.974537 0.587023 0.973669 0.586155 0.972512 0.585720 0.971354 0.584201 0.969039 0.583116 0.966725 0.581597 0.965278 0.581380 0.964410 0.580729 0.963542 0.580512 0.962674 0.580078 0.962095
0 0.116536 0.923322 0.115234 0.923900 0.115017 0.924479 0.115017 0.926215 0.114583 0.926794 0.114583 0.927951 0.114149 0.928530 0.114149 0.929688 0.113715 0.930266 0.113715 0.931713 0.113281 0.932870 0.113281 0.935185 0.112847 0.936343 0.112847 0.938368 0.112413 0.939525 0.112413 0.942419 0.111979 0.943576 0.111979 0.945602 0.111762 0.945891 0.111762 0.959780 0.112196 0.960938 0.112196 0.965278 0.113498 0.969618 0.115234 0.969618 0.115451 0.968750 0.115451 0.962963 0.115668 0.962674 0.115668 0.960648 0.116102 0.960069 0.116102 0.956887 0.116536 0.956019 0.116536 0.949074 0.116970 0.947917 0.117188 0.943576 0.117622 0.942130 0.117622 0.938368 0.117405 0.938079 0.117622 0.937500 0.117405 0.937211 0.117839 0.936343 0.117839 0.925058 0.117405 0.924190 0.117405 0.923611 0.116753 0.923611
0 0.376953 0.853588 0.376953 0.855903 0.377170 0.856481 0.377821 0.857350 0.378255 0.857350 0.379123 0.858507 0.379557 0.858507 0.379991 0.859664 0.380425 0.859664 0.381727 0.861111 0.381944 0.862269 0.382378 0.862847 0.382378 0.863426 0.383247 0.864583 0.383247 0.865162 0.384115 0.866898 0.384115 0.867477 0.385200 0.868924 0.385417 0.870370 0.385851 0.870660 0.387804 0.873553 0.388672 0.874132 0.388889 0.874711 0.389540 0.875289 0.390191 0.875579 0.392361 0.878472 0.392361 0.878762 0.393663 0.879919 0.394314 0.881076 0.395182 0.881655 0.397135 0.881655 0.397352 0.881366 0.397135 0.881076 0.397135 0.879630 0.396484 0.878183 0.396484 0.877604 0.394748 0.874132 0.393229 0.872685 0.392144 0.871238 0.392144 0.870949 0.391710 0.870949 0.391059 0.870370 0.390408 0.869213 0.388021 0.866319 0.387153 0.864005 0.385634 0.861400 0.385634 0.860822 0.385200 0.859954 0.383030 0.856771 0.383030 0.856481 0.382378 0.855903 0.381944 0.855903 0.381076 0.855324 0.379991 0.854167 0.379340 0.854167 0.378906 0.853588
0 0.601128 0.801505 0.601128 0.801794 0.600911 0.802083 0.600911 0.803530 0.601128 0.803819 0.601128 0.805266 0.601345 0.805266 0.601562 0.805556 0.601562 0.807292 0.601997 0.807870 0.601997 0.808160 0.602865 0.809606 0.602865 0.809896 0.603733 0.811921 0.603733 0.812500 0.604167 0.813368 0.604167 0.813947 0.604601 0.814525 0.604601 0.815394 0.605035 0.815972 0.605035 0.816551 0.605469 0.817419 0.605469 0.818287 0.605903 0.818866 0.605903 0.820023 0.606337 0.820891 0.606337 0.822338 0.606988 0.822917 0.607422 0.822917 0.607639 0.823206 0.607639 0.823495 0.609158 0.823495 0.609158 0.819734 0.608724 0.819155 0.608724 0.818866 0.608507 0.818576 0.608507 0.817998 0.608290 0.817708 0.608290 0.816262 0.608073 0.815972 0.608073 0.815394 0.607856 0.815104 0.607856 0.813947 0.607422 0.813368 0.607422 0.812211 0.607205 0.811921 0.607205 0.811632 0.606554 0.810764 0.606554 0.809896 0.605686 0.808738 0.605686 0.808160 0.605469 0.807870 0.605252 0.807002 0.603950 0.805266 0.603950 0.804688 0.603299 0.803819 0.603299 0.803530 0.603082 0.803241 0.602648 0.801794 0.602431 0.801505
0 0.268229 0.706887 0.266927 0.706887 0.266059 0.708044 0.266059 0.708623 0.263021 0.712674 0.261068 0.717014 0.260200 0.719907 0.258247 0.723380 0.257378 0.725984 0.256944 0.726562 0.256944 0.727720 0.256510 0.728299 0.256510 0.729456 0.256076 0.730613 0.256076 0.732928 0.255642 0.733796 0.255642 0.735822 0.255208 0.736690 0.255208 0.739873 0.255425 0.740162 0.255208 0.742188 0.254774 0.743056 0.254774 0.744792 0.254340 0.745660 0.254340 0.747396 0.254991 0.748553 0.255208 0.752604 0.256293 0.752604 0.256944 0.752025 0.258898 0.746528 0.258898 0.745370 0.260417 0.742766 0.264106 0.734954 0.265191 0.732060 0.265625 0.729745 0.266276 0.728588 0.266710 0.726852 0.267144 0.726562 0.267144 0.723669 0.266927 0.723380 0.267144 0.723090 0.267144 0.721065 0.267578 0.720197 0.267578 0.717593 0.268012 0.716725 0.268012 0.714410 0.268880 0.711516 0.268880 0.708333
0 0.156901 0.679977 0.156684 0.680266 0.156684 0.683449 0.157552 0.685185 0.157552 0.691551 0.157769 0.691840 0.157986 0.699074 0.158203 0.699363 0.158203 0.702836 0.158420 0.703125 0.158420 0.708333 0.158854 0.709491 0.158854 0.710938 0.159288 0.712095 0.159288 0.712963 0.159722 0.713831 0.159722 0.714988 0.160156 0.715856 0.160156 0.716725 0.160807 0.719039 0.160807 0.721065 0.161024 0.721354 0.161458 0.726273 0.161892 0.726852 0.163411 0.726852 0.163411 0.724826 0.162977 0.723958 0.162977 0.723090 0.164280 0.721933 0.164280 0.720775 0.162977 0.714699 0.162977 0.710359 0.162543 0.708912 0.162543 0.704572 0.162109 0.703704 0.162109 0.700521 0.161675 0.699653 0.161675 0.697049 0.161241 0.696470 0.160807 0.694155 0.160807 0.691840 0.160373 0.690972 0.160373 0.687211 0.159939 0.686632 0.159939 0.685764 0.159505 0.684896 0.159505 0.683738 0.159071 0.683449 0.158637 0.682002 0.158203 0.681424 0.158203 0.679977
0 0.301649 0.608796 0.301649 0.611400 0.304905 0.612847 0.306858 0.615741 0.308160 0.620081 0.315538 0.629051 0.316406 0.633681 0.319010 0.640336 0.323134 0.644676 0.324219 0.646701 0.325087 0.646991 0.326389 0.649595 0.328125 0.651042 0.328559 0.652488 0.335503 0.659144 0.338759 0.664931 0.344835 0.669560 0.346354 0.669560 0.346571 0.666667 0.344835 0.662326 0.343099 0.653356 0.341363 0.649016 0.340278 0.647569 0.339627 0.644676 0.335069 0.639468 0.332899 0.638310 0.331380 0.636574 0.329861 0.636574 0.322700 0.627604 0.319878 0.625868 0.316406 0.622106 0.315972 0.622396 0.315755 0.621238 0.315538 0.621817 0.311632 0.618924 0.310113 0.616609 0.309896 0.614873 0.309028 0.614583 0.308811 0.613426 0.306641 0.610532 0.304036 0.609086
0 0.485894 0.538484 0.485894 0.540220 0.486979 0.542245 0.487196 0.543692 0.488281 0.546586 0.488281 0.547454 0.489366 0.548900 0.490234 0.551215 0.491753 0.553241 0.491753 0.553819 0.492839 0.555845 0.493056 0.557870 0.493490 0.558738 0.493924 0.560764 0.494575 0.561632 0.495226 0.564525 0.496528 0.567708 0.499349 0.572049 0.500000 0.574653 0.500651 0.575521 0.500868 0.576389 0.502604 0.578704 0.504123 0.578993 0.504557 0.578414 0.504557 0.576968 0.504123 0.576100 0.504123 0.574653 0.503689 0.573785 0.503689 0.572917 0.501519 0.568866 0.499349 0.565683 0.498698 0.563657 0.497396 0.561343 0.497179 0.559606 0.496311 0.557002 0.496311 0.555556 0.495443 0.554109 0.494575 0.551505 0.493707 0.550347 0.492405 0.546586 0.491970 0.546007 0.491970 0.545428 0.490668 0.543113 0.489800 0.539641 0.489583 0.539352 0.488498 0.539352 0.488064 0.540220 0.487196 0.538484
0 0.516059 0.505498 0.514757 0.505787 0.514323 0.512731 0.513889 0.515046 0.513889 0.518229 0.513021 0.521991 0.513021 0.525174 0.512587 0.526331 0.512587 0.528935 0.512153 0.529803 0.512153 0.533565 0.511719 0.534722 0.511719 0.537326 0.511285 0.538194 0.511285 0.557870 0.511719 0.558449 0.511502 0.560185 0.511719 0.564525 0.511285 0.565394 0.511068 0.567130 0.511502 0.568576 0.512804 0.568576 0.513238 0.567998 0.513238 0.566840 0.513672 0.565972 0.513672 0.553819 0.514106 0.552951 0.514106 0.545139 0.514540 0.544271 0.514540 0.531539 0.514974 0.530382 0.514974 0.527199 0.515408 0.526331 0.515408 0.523727 0.515842 0.522859 0.515842 0.518519 0.516276 0.517650 0.516276 0.512731 0.516710 0.511863 0.516710 0.508970
0 0.478516 0.487269 0.478299 0.489005 0.479601 0.491030 0.479601 0.492477 0.480903 0.494213 0.480903 0.495081 0.482205 0.496528 0.483507 0.500000 0.484375 0.504630 0.488281 0.512153 0.490017 0.517361 0.490017 0.518519 0.492188 0.523148 0.492188 0.524306 0.493056 0.524884 0.495226 0.530671 0.496094 0.531829 0.496094 0.532697 0.498264 0.538773 0.498698 0.541377 0.499566 0.542824 0.500434 0.546007 0.501953 0.548900 0.503255 0.552951 0.504774 0.553241 0.504991 0.550637 0.502821 0.546007 0.502821 0.544560 0.501953 0.542535 0.501519 0.539931 0.499132 0.533565 0.498481 0.532697 0.498481 0.530961 0.497179 0.526331 0.496745 0.522859 0.494575 0.515914 0.493707 0.514468 0.493707 0.513600 0.488498 0.505498 0.487196 0.502315 0.486762 0.499421 0.485026 0.494792 0.479818 0.487269
0 0.517578 0.485822 0.517361 0.486111 0.517361 0.491898 0.517578 0.492188 0.517578 0.492766 0.517795 0.493056 0.517795 0.506944 0.518012 0.507234 0.518012 0.507812 0.518229 0.508102 0.519531 0.508102 0.519748 0.507812 0.519748 0.495949 0.519531 0.495660 0.519531 0.494213 0.519314 0.493924 0.519314 0.490741 0.519097 0.490451 0.519097 0.487558 0.518880 0.487269 0.518880 0.485822