0 0.394965 0.975043 0.394387 0.975477 0.394387 0.976997 0.394965 0.977648 0.394965 0.978516 0.395544 0.978950 0.395544 0.987847 0.395833 0.988064 0.395833 0.988715 0.396123 0.988932 0.396123 0.990885 0.396701 0.991536 0.396701 0.993056 0.396991 0.993273 0.396991 0.997830 0.397280 0.998047 0.397280 0.999783 0.400174 0.999783 0.400463 0.999566 0.400463 0.995009 0.399884 0.994358 0.399884 0.985677 0.399306 0.984809 0.399306 0.980469 0.398727 0.979818 0.398727 0.979167 0.398148 0.978516 0.398148 0.976997 0.397569 0.976562 0.397569 0.975260 0.397280 0.975043
0 0.397859 0.966797 0.397569 0.967014 0.397569 0.967882 0.397280 0.968099 0.397280 0.968533 0.397569 0.968750 0.397569 0.969184 0.398148 0.969835 0.398148 0.970486 0.398438 0.970703 0.398438 0.971137 0.398727 0.971354 0.398727 0.971788 0.399016 0.972005 0.399016 0.972439 0.399306 0.972656 0.399306 0.973307 0.399884 0.973958 0.399884 0.974392 0.400174 0.974609 0.400174 0.975260 0.400463 0.975477 0.400463 0.975911 0.400752 0.976128 0.400752 0.977431 0.401331 0.978082 0.401331 0.985460 0.401620 0.985677 0.401620 0.985894 0.404225 0.985894 0.404225 0.984375 0.403935 0.984158 0.403935 0.976345 0.403356 0.975911 0.403356 0.975043 0.403067 0.974826 0.403067 0.974392 0.402778 0.974175 0.402778 0.973741 0.402488 0.973524 0.402488 0.972873 0.402199 0.972656 0.402199 0.972222 0.401910 0.972005 0.401910 0.971571 0.401620 0.971354 0.401620 0.970920 0.401331 0.970703 0.401331 0.970052 0.400752 0.969401 0.400752 0.968967 0.400463 0.968750 0.400463 0.968316 0.400174 0.968099 0.399884 0.967014 0.399595 0.966797
0 0.410301 0.959852 0.410012 0.960069 0.410012 0.961589 0.410301 0.961806 0.410301 0.962674 0.410590 0.962891 0.410590 0.963542 0.410880 0.963759 0.410880 0.964627 0.411458 0.965495 0.411458 0.966363 0.412037 0.967231 0.412037 0.968316 0.412326 0.968533 0.412326 0.970486 0.412905 0.971137 0.412905 0.971788 0.413484 0.972439 0.413484 0.974392 0.414062 0.975043 0.414062 0.975694 0.414641 0.976128 0.414641 0.976997 0.415220 0.977648 0.415220 0.978516 0.415799 0.978950 0.415799 0.979601 0.416377 0.980252 0.416377 0.980686 0.416956 0.981337 0.419271 0.981337 0.419560 0.981120 0.419560 0.979601 0.418981 0.979167 0.418981 0.978299 0.418403 0.977865 0.418403 0.977431 0.417824 0.976780 0.417824 0.976128 0.417245 0.975477 0.417245 0.974609 0.416667 0.973958 0.416667 0.973307 0.416088 0.972439 0.416088 0.970486 0.415509 0.970052 0.414931 0.969184 0.414931 0.967448 0.414641 0.967231 0.414641 0.966363 0.414062 0.965495 0.414062 0.964627 0.413484 0.963759 0.413484 0.962891 0.413194 0.962674 0.413194 0.961806 0.412905 0.961589 0.412905 0.960938 0.412616 0.960720 0.412616 0.960286 0.412037 0.959852 0.411458 0.960069 0.410880 0.959852
0 0.248264 0.939670 0.247106 0.938368 0.243924 0.937066 0.243634 0.936198 0.241609 0.934896 0.241898 0.934462 0.243345 0.934245 0.243924 0.933811 0.243924 0.931858 0.241898 0.931858 0.234086 0.934679 0.229456 0.935547 0.225694 0.937066 0.225116 0.937066 0.224826 0.937500 0.218171 0.941623 0.217882 0.943142 0.218461 0.943576 0.220197 0.943576 0.221933 0.942491 0.223958 0.942491 0.225984 0.941189 0.225984 0.940755 0.226562 0.940321 0.227720 0.940538 0.229167 0.940104 0.230324 0.940104 0.232060 0.939236 0.233507 0.939236 0.234664 0.938151 0.236111 0.937717 0.237558 0.936849 0.238426 0.937717 0.238137 0.938585 0.238426 0.939019 0.238137 0.939453 0.238426 0.939670 0.238715 0.944661 0.239294 0.945095 0.241609 0.944878 0.242477 0.945530 0.243056 0.946832 0.245081 0.946832 0.245370 0.946398 0.245370 0.944661 0.244792 0.943793 0.245949 0.942708 0.247685 0.942708 0.248264 0.942274
0 0.240162 0.924262 0.239873 0.924045 0.237558 0.924045 0.234664 0.925347 0.233796 0.926215 0.230903 0.927300 0.230613 0.927734 0.228877 0.928602 0.227431 0.929688 0.226273 0.930122 0.222801 0.932292 0.220775 0.932943 0.220486 0.933377 0.219618 0.933377 0.219039 0.933811 0.218461 0.933811 0.217593 0.934245 0.216435 0.934245 0.214699 0.935113 0.214120 0.935113 0.213252 0.935547 0.212384 0.935547 0.210938 0.936198 0.210359 0.936198 0.209780 0.936632 0.208044 0.936849 0.207465 0.937066 0.207176 0.937500 0.206597 0.937500 0.206019 0.937934 0.205440 0.937934 0.203704 0.938585 0.203704 0.940538 0.206019 0.940538 0.206597 0.940104 0.208623 0.939670 0.210648 0.938802 0.212384 0.938802 0.213252 0.938368 0.215856 0.937934 0.216725 0.937500 0.218171 0.937500 0.219329 0.937066 0.220775 0.937066 0.221354 0.936632 0.223090 0.936198 0.224248 0.935547 0.224826 0.935547 0.224826 0.935330 0.225694 0.934896 0.226273 0.935113 0.226562 0.934679 0.227141 0.934896 0.228009 0.934462 0.228877 0.934462 0.229745 0.933811 0.230035 0.934028 0.230903 0.933811 0.232350 0.932943 0.233507 0.932726 0.233796 0.932292 0.235243 0.931424 0.235243 0.930990 0.236400 0.930339 0.236400 0.929905 0.236979 0.929253 0.237558 0.929036 0.237558 0.928602 0.238137 0.928168 0.238426 0.927517 0.239294 0.926649 0.239873 0.926432 0.240162 0.925998 0.240162 0.924913 0.239873 0.924479
0 0.853009 0.908854 0.850405 0.908854 0.841435 0.912326 0.835359 0.913628 0.814525 0.921007 0.803241 0.922743 0.794850 0.925130 0.783565 0.927083 0.782118 0.926866 0.782118 0.925347 0.777199 0.925781 0.760417 0.930990 0.760417 0.932726 0.764468 0.932075 0.778935 0.927517 0.780382 0.927517 0.780961 0.929036 0.783275 0.929036 0.791088 0.927517 0.794850 0.927300 0.802662 0.925130 0.816551 0.922526 0.827546 0.918837 0.828993 0.919271 0.831308 0.919054 0.836227 0.916450 0.841146 0.915148 0.851562 0.911241 0.853009 0.910373
0 0.341146 0.902344 0.338542 0.902344 0.335069 0.904297 0.333623 0.904514 0.326389 0.909505 0.312500 0.914497 0.306424 0.918186 0.304109 0.918620 0.299769 0.920790 0.295139 0.921658 0.283565 0.925564 0.277488 0.930556 0.268519 0.934028 0.257523 0.940104 0.250868 0.944444 0.250868 0.945747 0.251447 0.946181 0.254340 0.946181 0.265046 0.941623 0.267072 0.939670 0.276910 0.935330 0.278646 0.935764 0.281539 0.935330 0.283854 0.933811 0.290799 0.931641 0.304109 0.924262 0.311632 0.921224 0.317998 0.916450 0.323495 0.914497 0.330440 0.911024 0.334780 0.907552 0.341146 0.904080
0 0.372685 0.875651 0.372106 0.875868 0.371528 0.875651 0.371238 0.875868 0.370660 0.875868 0.370370 0.876302 0.369502 0.876953 0.369502 0.877170 0.368634 0.877821 0.368634 0.878038 0.366898 0.879340 0.366898 0.879557 0.365162 0.881076 0.365162 0.881293 0.364294 0.881944 0.363715 0.881944 0.361979 0.883247 0.361111 0.884549 0.359954 0.885634 0.359664 0.886068 0.359664 0.886502 0.359086 0.886936 0.359086 0.887153 0.357639 0.888238 0.357639 0.888455 0.356481 0.889106 0.356192 0.889757 0.354745 0.890842 0.354456 0.891276 0.354456 0.892361 0.355035 0.892795 0.355613 0.892578 0.356192 0.892795 0.356481 0.892578 0.357060 0.892578 0.359375 0.890842 0.359954 0.889974 0.362269 0.888021 0.362847 0.887153 0.362847 0.886719 0.363426 0.886285 0.363715 0.885634 0.364873 0.884983 0.364873 0.884766 0.365741 0.883898 0.366030 0.883898 0.367188 0.883247 0.367188 0.883030 0.368345 0.882161 0.368345 0.881944 0.369213 0.881293 0.369213 0.881076 0.370081 0.880425 0.370081 0.880208 0.371528 0.879123 0.371528 0.878906 0.372396 0.878255 0.372396 0.878038 0.373264 0.877170 0.372975 0.876736 0.373264 0.876085
0 0.361400 0.874566 0.359086 0.874566 0.358218 0.875868 0.356192 0.877387 0.354167 0.878472 0.352141 0.879991 0.350984 0.880425 0.349826 0.881293 0.349248 0.881293 0.345486 0.884332 0.345197 0.884983 0.339699 0.889323 0.336806 0.891276 0.335359 0.891710 0.333333 0.892795 0.333333 0.894965 0.336227 0.894965 0.336516 0.895182 0.335359 0.896918 0.334201 0.897786 0.333912 0.898438 0.333333 0.898655 0.333333 0.900608 0.333912 0.901042 0.336806 0.901042 0.341146 0.898003 0.341725 0.896701 0.343171 0.895616 0.343461 0.894965 0.346354 0.892795 0.347222 0.892578 0.348669 0.891493 0.351273 0.890408 0.352720 0.889323 0.354745 0.886936 0.355324 0.885634 0.357060 0.883464 0.357928 0.882812 0.358218 0.882161 0.360243 0.880642 0.360532 0.879340 0.361690 0.878472 0.362558 0.877170 0.362558 0.875434
0 0.228588 0.846354 0.228299 0.846571 0.228299 0.847656 0.227720 0.848524 0.227720 0.860894 0.228299 0.861328 0.228299 0.862196 0.228877 0.863064 0.228877 0.870226 0.229167 0.870443 0.230324 0.870443 0.231192 0.871311 0.231481 0.871094 0.232928 0.871094 0.233796 0.870660 0.233796 0.867405 0.233218 0.866970 0.233218 0.865885 0.232639 0.865234 0.232639 0.862847 0.232350 0.862630 0.232639 0.862413 0.232639 0.860894 0.232928 0.860677 0.232928 0.858941 0.232639 0.858724 0.232639 0.857639 0.232350 0.857422 0.232350 0.855686 0.232060 0.855469 0.232060 0.852865 0.231481 0.852214 0.231481 0.847222 0.230903 0.846354
0 0.923611 0.821181 0.923611 0.822917 0.924190 0.823568 0.928241 0.825304 0.935185 0.826172 0.939815 0.827908 0.945602 0.828776 0.947338 0.829644 0.951100 0.830512 0.951968 0.831380 0.959780 0.833984 0.962963 0.835720 0.964120 0.835720 0.970486 0.837891 0.975116 0.838759 0.979745 0.840495 0.989873 0.842448 0.992477 0.844401 0.994213 0.844835 0.997396 0.844618 0.997106 0.843316 0.994792 0.842882 0.992188 0.841146 0.989873 0.840278 0.982350 0.838976 0.975984 0.836806 0.969907 0.835503 0.962963 0.833333 0.959780 0.831597 0.955729 0.830512 0.952257 0.828559 0.949653 0.828125 0.946181 0.826823 0.940683 0.825955 0.935764 0.824219 0.929398 0.823351 0.927083 0.822483 0.925637 0.821181
0 0.885995 0.806207 0.886285 0.806424 0.885417 0.807075 0.885417 0.808377 0.885706 0.808594 0.885995 0.808594 0.886285 0.808811 0.886863 0.808811 0.887153 0.809028 0.887731 0.809028 0.888021 0.809245 0.888310 0.809245 0.888600 0.809462 0.888889 0.809462 0.889178 0.809679 0.889468 0.809679 0.889757 0.809896 0.890046 0.809896 0.890625 0.810330 0.891204 0.810330 0.891493 0.810547 0.891782 0.810547 0.892940 0.811415 0.893808 0.811415 0.894387 0.811849 0.894676 0.811849 0.895544 0.812283 0.896412 0.812283 0.896701 0.812500 0.897280 0.812500 0.897569 0.812717 0.897859 0.812717 0.898727 0.813151 0.902199 0.813151 0.902488 0.812934 0.902488 0.811849 0.902199 0.811632 0.901620 0.811632 0.900752 0.810981 0.900463 0.810981 0.900174 0.810764 0.899595 0.810764 0.899016 0.810330 0.898438 0.810330 0.898148 0.810113 0.897569 0.810113 0.897280 0.809896 0.896701 0.809896 0.896412 0.809679 0.896123 0.809679 0.895833 0.809462 0.895544 0.809462 0.894676 0.809028 0.894097 0.809028 0.893808 0.808811 0.893519 0.808811 0.893229 0.808594 0.892940 0.808594 0.892361 0.808160 0.892072 0.808160 0.890914 0.807292 0.890625 0.807292 0.889757 0.806641 0.889468 0.806641 0.888600 0.805990 0.886285 0.805990
0 0.841146 0.794705 0.841146 0.795139 0.841435 0.795356 0.841146 0.795573 0.841146 0.796441 0.841435 0.796441 0.842014 0.796875 0.842882 0.796875 0.843750 0.797309 0.844329 0.797309 0.845486 0.798177 0.845775 0.798177 0.846065 0.798394 0.846644 0.798394 0.847222 0.798828 0.847512 0.798828 0.848958 0.799479 0.849248 0.799262 0.849537 0.799479 0.849826 0.799479 0.850405 0.799913 0.851562 0.799913 0.852431 0.800347 0.852720 0.800347 0.853009 0.800130 0.853588 0.800564 0.855035 0.800564 0.855324 0.800781 0.855613 0.800781 0.856192 0.801215 0.856481 0.801215 0.857060 0.801649 0.857350 0.801649 0.857639 0.801866 0.858218 0.801866 0.858507 0.802083 0.858507 0.802300 0.858796 0.802300 0.859086 0.802517 0.860243 0.802517 0.860532 0.802300 0.861111 0.802300 0.861111 0.802083 0.860822 0.801866 0.860822 0.801432 0.861111 0.801215 0.861111 0.800781 0.860822 0.800564 0.860822 0.800347 0.859954 0.800130 0.859375 0.799696 0.858507 0.799479 0.857928 0.799045 0.857639 0.799045 0.856771 0.798611 0.855324 0.798611 0.854456 0.798177 0.853299 0.798177 0.853009 0.797960 0.852431 0.797960 0.852141 0.797743 0.851562 0.797743 0.851273 0.797526 0.850694 0.797526 0.850405 0.797309 0.849826 0.797309 0.849537 0.797092 0.848669 0.796875 0.847512 0.796007 0.847222 0.796007 0.846933 0.795790 0.846933 0.795573 0.846354 0.795573 0.845775 0.795139 0.844618 0.795139 0.843750 0.794705
0 0.844618 0.782552 0.844618 0.784071 0.844907 0.784288 0.846065 0.784505 0.846644 0.784939 0.849826 0.785590 0.850984 0.786241 0.851852 0.786241 0.852720 0.786675 0.853588 0.786675 0.854745 0.787109 0.855324 0.787543 0.856192 0.787543 0.856771 0.787977 0.857350 0.787977 0.857928 0.788411 0.859086 0.788411 0.859375 0.788628 0.860532 0.788845 0.861111 0.789280 0.861979 0.789280 0.863426 0.790148 0.863715 0.790148 0.865451 0.791450 0.867766 0.791884 0.868345 0.792318 0.869213 0.792318 0.870081 0.792752 0.871238 0.792752 0.871528 0.792969 0.873264 0.793186 0.873553 0.793403 0.874132 0.793403 0.874421 0.793186 0.875579 0.793186 0.875579 0.791667 0.870949 0.789931 0.870660 0.789714 0.870660 0.788411 0.870370 0.788194 0.869792 0.788194 0.868924 0.787760 0.867188 0.787543 0.866030 0.786892 0.865451 0.786892 0.864583 0.786458 0.864005 0.786458 0.861979 0.785590 0.861400 0.785590 0.860822 0.785156 0.859954 0.785156 0.859375 0.784939 0.858507 0.784288 0.857639 0.784288 0.855903 0.783637 0.854745 0.783637 0.854456 0.783420 0.852720 0.783420 0.852431 0.783203 0.850405 0.782986 0.849826 0.782552 0.848090 0.782552 0.847801 0.782335 0.845197 0.782335
0 0.425058 0.755425 0.422164 0.755425 0.419271 0.756944 0.416956 0.758681 0.415799 0.760634 0.414931 0.763238 0.415220 0.763455 0.414641 0.764757 0.414641 0.766927 0.414062 0.768229 0.414062 0.774523 0.414641 0.775174 0.414641 0.776259 0.415220 0.777561 0.415220 0.780165 0.415509 0.780382 0.415220 0.780599 0.415799 0.780816 0.415799 0.782552 0.416667 0.783854 0.416667 0.786458 0.417245 0.787977 0.417245 0.789931 0.417535 0.790799 0.418113 0.791233 0.420139 0.791233 0.422164 0.790799 0.421875 0.790582 0.421875 0.789714 0.422454 0.789062 0.422454 0.787977 0.422743 0.787760 0.422454 0.787543 0.422454 0.786241 0.422743 0.786024 0.422454 0.785156 0.423032 0.784505 0.423032 0.781250 0.423611 0.780816 0.423611 0.776259 0.424479 0.773655 0.424479 0.772569 0.425058 0.771918 0.425637 0.770182 0.425926 0.766493 0.426505 0.764974 0.426505 0.761068 0.426215 0.760851 0.426215 0.759549 0.425637 0.758681 0.425926 0.758247 0.425926 0.756510 0.425637 0.755642
0 0.441262 0.755859 0.441262 0.756944 0.442419 0.757378 0.446181 0.756944 0.450810 0.757378 0.463252 0.756944 0.463831 0.757378 0.469329 0.757378 0.471933 0.758247 0.480613 0.758247 0.481771 0.758681 0.489583 0.758247 0.495370 0.759115 0.519097 0.759549 0.519676 0.759983 0.528646 0.760417 0.529225 0.760851 0.540799 0.761068 0.540509 0.759549 0.536748 0.758681 0.522859 0.757595 0.521412 0.756944 0.519965 0.757161 0.511285 0.755425 0.507523 0.755425 0.503183 0.754557 0.491030 0.753689 0.480903 0.754557 0.476562 0.754123 0.444155 0.754557
0 0.340567 0.747179 0.342014 0.747830 0.350405 0.747830 0.351273 0.747396 0.354167 0.747179 0.354167 0.746528 0.354456 0.746311 0.355613 0.746311 0.356192 0.746745 0.357928 0.746745 0.359086 0.747179 0.360822 0.747179 0.361111 0.747396 0.367188 0.747396 0.368345 0.746962 0.370081 0.746962 0.371238 0.746528 0.373553 0.746528 0.373843 0.746745 0.374132 0.746528 0.377025 0.746528 0.377315 0.746745 0.378762 0.746311 0.378762 0.744575 0.378183 0.744141 0.361979 0.744141 0.361111 0.743707 0.355324 0.743707 0.354167 0.744141 0.353588 0.743924 0.353299 0.744141 0.350984 0.744358 0.350694 0.744575 0.344329 0.744575 0.344039 0.744792 0.342882 0.744792 0.342014 0.745226 0.341146 0.745226 0.340856 0.745443 0.340856 0.746528 0.340567 0.746745
0 0.353299 0.709852 0.350984 0.709418 0.348958 0.709852 0.339988 0.710286 0.337963 0.709635 0.328993 0.708333 0.313947 0.708550 0.310764 0.709418 0.308738 0.709418 0.306713 0.710503 0.304398 0.710720 0.303241 0.711372 0.302662 0.711155 0.298032 0.713108 0.296007 0.713325 0.294271 0.714193 0.283565 0.716797 0.282407 0.717665 0.282407 0.718316 0.280671 0.719184 0.280671 0.720703 0.279803 0.721571 0.279803 0.722439 0.280382 0.723090 0.281250 0.723090 0.290509 0.719835 0.291088 0.719184 0.293113 0.718533 0.298900 0.717448 0.301215 0.717448 0.302083 0.717014 0.311343 0.717014 0.316551 0.718316 0.338542 0.717014 0.346065 0.714627 0.348958 0.713108 0.350405 0.711806 0.353009 0.711589
0 0.874421 0.626302 0.870081 0.626085 0.867188 0.627387 0.865162 0.627387 0.863137 0.628472 0.838542 0.633898 0.838542 0.633030 0.843461 0.631727 0.853009 0.626085 0.856481 0.624783 0.861111 0.623915 0.861400 0.622396 0.860822 0.622179 0.854456 0.623264 0.846354 0.626736 0.841435 0.630208 0.837095 0.631076 0.833044 0.632812 0.832465 0.632595 0.829572 0.634332 0.820312 0.637153 0.815104 0.640191 0.804977 0.643012 0.804688 0.644531 0.805266 0.644965 0.807870 0.644748 0.817130 0.642144 0.822627 0.638889 0.828125 0.637153 0.831308 0.637587 0.835648 0.636502 0.859954 0.632812 0.866319 0.631076 0.870660 0.628906 0.874132 0.628038
0 0.132234 0.587023 0.131944 0.586806 0.129630 0.586806 0.129630 0.587023 0.128472 0.587674 0.127604 0.587674 0.126736 0.588108 0.125868 0.588108 0.125000 0.588542 0.124132 0.588542 0.123264 0.588976 0.122685 0.588976 0.122106 0.589410 0.121528 0.589410 0.119792 0.590278 0.118924 0.590929 0.118924 0.591146 0.113426 0.595052 0.113137 0.595486 0.112847 0.595486 0.111400 0.596571 0.111111 0.596571 0.106771 0.599826 0.106481 0.599826 0.106481 0.600043 0.103588 0.602214 0.103299 0.602648 0.103588 0.602865 0.103299 0.603299 0.103299 0.603950 0.105035 0.603950 0.105324 0.604167 0.105613 0.603950 0.106192 0.603950 0.106192 0.603733 0.106771 0.603516 0.107060 0.602865 0.107350 0.602648 0.107639 0.602865 0.107350 0.602648 0.107928 0.602431 0.108507 0.601780 0.108796 0.601997 0.108796 0.601780 0.110532 0.600477 0.110822 0.600477 0.110822 0.600043 0.113426 0.598090 0.114294 0.597873 0.114873 0.597222 0.115451 0.597005 0.115451 0.596788 0.116030 0.596571 0.116319 0.596137 0.116609 0.596137 0.116609 0.595920 0.118345 0.594401 0.120081 0.593533 0.120660 0.592665 0.121817 0.591797 0.122106 0.591797 0.122975 0.591146 0.124132 0.590929 0.124711 0.590495 0.125868 0.590495 0.126447 0.590061 0.127604 0.590061 0.128183 0.589627 0.129340 0.589627 0.129919 0.589193 0.130498 0.589193 0.132234 0.588108
0 0.291667 0.570747 0.291667 0.572700 0.293403 0.573785 0.293403 0.574436 0.293981 0.574870 0.293692 0.575304 0.294560 0.576172 0.294850 0.576172 0.296296 0.577474 0.299479 0.578776 0.301505 0.580512 0.302083 0.580512 0.304109 0.581814 0.305266 0.582031 0.305845 0.582682 0.306713 0.582682 0.308449 0.583550 0.309606 0.584635 0.309606 0.585069 0.310185 0.585286 0.311632 0.586589 0.312211 0.586589 0.312789 0.587023 0.313368 0.587023 0.314236 0.587457 0.315104 0.587457 0.316551 0.588108 0.318287 0.588108 0.318576 0.588325 0.323206 0.588759 0.323495 0.588976 0.326968 0.588976 0.328993 0.588542 0.328993 0.587891 0.329282 0.587674 0.328993 0.587023 0.324942 0.583333 0.323495 0.582465 0.321759 0.581814 0.320891 0.581814 0.320312 0.581380 0.319444 0.581597 0.315683 0.581380 0.314236 0.580729 0.311632 0.580295 0.310185 0.579427 0.309317 0.579427 0.308449 0.578993 0.307292 0.578993 0.306424 0.578559 0.305266 0.578559 0.303819 0.577691 0.303241 0.577691 0.300347 0.576389 0.293981 0.570747
0 0.161748 0.564019 0.159144 0.564019 0.158854 0.564236 0.157407 0.564236 0.156250 0.564887 0.154803 0.565104 0.154225 0.565538 0.153646 0.565538 0.152778 0.565972 0.152199 0.565972 0.151620 0.566406 0.150752 0.566406 0.150174 0.566623 0.148727 0.567708 0.148148 0.567708 0.146701 0.568576 0.146123 0.568576 0.145255 0.569010 0.144387 0.569010 0.143229 0.569661 0.140336 0.569661 0.140046 0.569444 0.133102 0.569444 0.133102 0.570747 0.133391 0.570964 0.134259 0.570964 0.134549 0.571181 0.138021 0.571181 0.138310 0.571398 0.145255 0.571398 0.145544 0.571181 0.146123 0.571181 0.146412 0.570964 0.146991 0.570964 0.148148 0.570530 0.149016 0.570530 0.149595 0.570095 0.150463 0.570095 0.151042 0.569661 0.151620 0.569661 0.153067 0.568793 0.153935 0.568793 0.154514 0.568359 0.155093 0.568359 0.155961 0.567925 0.157118 0.567925 0.157697 0.567491 0.158275 0.567491 0.159433 0.567057 0.160012 0.566623 0.160301 0.566623 0.161458 0.565755 0.161748 0.565755 0.161458 0.565321 0.161458 0.564670 0.161748 0.564453
0 0.926794 0.547092 0.925637 0.547092 0.924769 0.546658 0.923032 0.546658 0.922743 0.546875 0.921296 0.546875 0.921007 0.547092 0.920139 0.547092 0.916667 0.549696 0.916377 0.550347 0.915799 0.550781 0.915799 0.551215 0.915220 0.551649 0.915220 0.551866 0.914641 0.552083 0.914641 0.552517 0.914062 0.553385 0.912037 0.555122 0.912037 0.555339 0.911169 0.555773 0.910590 0.556858 0.909433 0.557726 0.909144 0.558811 0.908565 0.559028 0.908275 0.559679 0.907697 0.559896 0.907697 0.560547 0.907407 0.560764 0.907407 0.561415 0.907118 0.561632 0.907118 0.563151 0.906539 0.563802 0.906539 0.565321 0.906829 0.565755 0.909144 0.565755 0.909433 0.565538 0.909722 0.564670 0.910301 0.564236 0.910301 0.563585 0.911458 0.562066 0.911748 0.560330 0.912616 0.559679 0.913484 0.558377 0.915220 0.557075 0.916956 0.556424 0.919271 0.554688 0.919560 0.554036 0.920718 0.553168 0.921007 0.553168 0.921007 0.552951 0.921586 0.552734 0.922454 0.551866 0.922743 0.551866 0.923900 0.550998 0.924190 0.550998 0.924479 0.550564 0.925058 0.550347 0.926794 0.549045 0.927083 0.548611 0.926794 0.548177 0.927083 0.547309
0 0.581597 0.542535 0.581887 0.544271 0.581597 0.546224 0.582465 0.546875 0.582176 0.547092 0.582755 0.547743 0.583333 0.547960 0.583623 0.548828 0.587095 0.550564 0.590856 0.553385 0.594907 0.555122 0.596354 0.556207 0.597512 0.556424 0.600984 0.559245 0.603009 0.560113 0.603877 0.560981 0.607639 0.562717 0.608796 0.563585 0.610532 0.564236 0.611111 0.564887 0.612847 0.565538 0.613426 0.565321 0.613715 0.565538 0.613426 0.565755 0.614873 0.565755 0.615741 0.566189 0.615162 0.566406 0.615741 0.566189 0.616319 0.566840 0.616898 0.566623 0.618345 0.567057 0.620949 0.569661 0.623553 0.569661 0.624711 0.569227 0.624711 0.567491 0.624132 0.567274 0.621817 0.564670 0.620370 0.564453 0.619502 0.563802 0.618056 0.563368 0.616030 0.563151 0.611979 0.560764 0.610822 0.560764 0.606771 0.557726 0.605613 0.556424 0.604745 0.556424 0.603588 0.555773 0.603299 0.554470 0.602720 0.554036 0.601273 0.554036 0.600405 0.553385 0.598669 0.552951 0.598090 0.552083 0.596354 0.551215 0.596354 0.550781 0.591435 0.548177 0.589699 0.548177 0.585938 0.544488 0.584201 0.544271 0.584201 0.542752
0 0.168981 0.543403 0.168403 0.542969 0.167245 0.542969 0.166956 0.542752 0.164931 0.542752 0.164641 0.542535 0.160880 0.542318 0.160590 0.542535 0.158854 0.542535 0.157407 0.542969 0.157118 0.542752 0.155671 0.542752 0.155093 0.543186 0.153646 0.543186 0.152778 0.543620 0.151910 0.543620 0.151042 0.544054 0.150174 0.544054 0.147859 0.545139 0.145255 0.545356 0.144676 0.545790 0.142940 0.546441 0.141782 0.547309 0.140625 0.547743 0.139178 0.548828 0.138889 0.548828 0.135995 0.550564 0.135706 0.550998 0.135995 0.551432 0.135706 0.551649 0.135706 0.552083 0.136285 0.552517 0.136863 0.552300 0.137153 0.552517 0.137731 0.552517 0.139178 0.551866 0.140336 0.550998 0.141204 0.550781 0.142940 0.549479 0.145255 0.548394 0.145544 0.547960 0.146123 0.547960 0.146412 0.547743 0.148727 0.547309 0.149595 0.546875 0.151042 0.546658 0.151331 0.546224 0.151910 0.546224 0.152488 0.545790 0.153356 0.545790 0.153646 0.545573 0.154225 0.545573 0.155382 0.545139 0.156250 0.545139 0.156539 0.544922 0.157407 0.544922 0.157697 0.544705 0.160012 0.544705 0.160590 0.544271 0.162905 0.544271 0.163194 0.544488 0.164931 0.544488 0.165220 0.544705 0.166377 0.544705 0.166667 0.544922 0.168981 0.544922
0 0.283854 0.540799 0.283854 0.541233 0.283275 0.541667 0.282697 0.541667 0.282697 0.542101 0.282986 0.542318 0.282986 0.542535 0.282697 0.542752 0.282697 0.543186 0.288773 0.547743 0.288773 0.547960 0.289352 0.548394 0.289352 0.548611 0.290220 0.549262 0.290220 0.549479 0.290509 0.549696 0.290509 0.550130 0.290799 0.550130 0.291088 0.550347 0.291088 0.550564 0.291377 0.550564 0.291667 0.550781 0.291667 0.550998 0.291956 0.551215 0.292245 0.551866 0.292824 0.552300 0.292824 0.552517 0.295428 0.552517 0.295428 0.552300 0.295718 0.552083 0.295718 0.551215 0.295428 0.550998 0.295428 0.550781 0.294850 0.550130 0.294850 0.549696 0.294271 0.549262 0.294271 0.548828 0.293403 0.548394 0.293692 0.548177 0.293403 0.548177 0.293113 0.547960 0.293113 0.547526 0.292535 0.547092 0.292245 0.547092 0.290799 0.546007 0.290799 0.545790 0.290220 0.545356 0.290220 0.545139 0.289931 0.545139 0.289641 0.544922 0.289352 0.544271 0.288484 0.543620 0.288194 0.542969 0.287616 0.542535 0.287616 0.542101 0.287326 0.541884 0.287326 0.541667 0.287037 0.541667 0.286748 0.541450 0.286748 0.541233 0.286458 0.541233 0.285590 0.540799
0 0.271412 0.538411 0.271123 0.538628 0.271123 0.540582 0.271701 0.541450 0.272280 0.541667 0.272280 0.541884 0.273148 0.542535 0.273727 0.543403 0.274884 0.544054 0.274884 0.544271 0.276910 0.545790 0.277199 0.546441 0.277778 0.546658 0.277778 0.547092 0.278067 0.547309 0.278067 0.547960 0.278646 0.548394 0.278935 0.549045 0.280093 0.550130 0.280671 0.550998 0.280961 0.552083 0.281539 0.552734 0.281539 0.553168 0.282118 0.553385 0.282407 0.553819 0.282697 0.553819 0.283275 0.554253 0.283565 0.554905 0.285012 0.555990 0.285012 0.556207 0.285590 0.556207 0.286169 0.556641 0.286748 0.556641 0.287037 0.556858 0.287616 0.556641 0.289352 0.556641 0.289641 0.556424 0.289641 0.554905 0.287905 0.553819 0.287616 0.553385 0.287616 0.552951 0.286748 0.552083 0.285880 0.550781 0.285880 0.550130 0.285590 0.549696 0.284722 0.549045 0.284433 0.548394 0.283854 0.547960 0.283275 0.547092 0.282118 0.546441 0.282118 0.546007 0.281829 0.545573 0.280093 0.544271 0.280093 0.544054 0.279514 0.543837 0.277778 0.542535 0.277488 0.541884 0.276620 0.541233 0.275752 0.539931 0.274306 0.539714 0.273727 0.539280 0.273727 0.538628 0.273438 0.538411
0 0.221354 0.516493 0.221354 0.518012 0.223380 0.519965 0.224248 0.521918 0.228299 0.526042 0.231192 0.527561 0.234086 0.529948 0.234086 0.530599 0.235532 0.531684 0.236111 0.533420 0.237558 0.535156 0.237558 0.536024 0.239294 0.537760 0.247975 0.543186 0.251157 0.546224 0.259259 0.551866 0.262442 0.554905 0.262731 0.555773 0.265046 0.557292 0.265625 0.558377 0.268519 0.560547 0.269965 0.560981 0.274595 0.565104 0.277778 0.565538 0.278067 0.565972 0.279514 0.565755 0.279803 0.563802 0.277778 0.562283 0.276910 0.560547 0.275174 0.559896 0.268808 0.554905 0.265336 0.550347 0.261574 0.547743 0.258681 0.546441 0.254340 0.542752 0.251447 0.538194 0.243056 0.532769 0.243056 0.532118 0.241898 0.531467 0.241898 0.530816 0.240162 0.529297 0.239005 0.527344 0.232639 0.522569 0.230613 0.521918 0.223958 0.516493
0 0.725984 0.505208 0.724248 0.504557 0.717303 0.504557 0.711516 0.505208 0.710359 0.504991 0.710069 0.505425 0.707755 0.505425 0.706019 0.506076 0.703125 0.506510 0.701100 0.507378 0.698785 0.507812 0.695312 0.509983 0.693576 0.510417 0.692419 0.511502 0.687500 0.513889 0.681424 0.514757 0.679398 0.515625 0.673322 0.516493 0.670428 0.517361 0.666667 0.517578 0.666667 0.518663 0.662616 0.520833 0.661748 0.520833 0.661169 0.522352 0.662905 0.523003 0.664062 0.522786 0.668113 0.520399 0.669850 0.519965 0.676505 0.519965 0.677373 0.519531 0.680845 0.519531 0.685185 0.518663 0.685764 0.518880 0.691840 0.518229 0.697627 0.516927 0.700521 0.515625 0.701968 0.515625 0.704282 0.514757 0.707755 0.514323 0.712095 0.512587 0.713252 0.512587 0.718461 0.510200 0.720197 0.509983 0.725116 0.508247 0.725984 0.507378
0 0.747975 0.476780 0.747685 0.476562 0.745949 0.476562 0.745660 0.476345 0.745949 0.476128 0.745660 0.475911 0.745949 0.475694 0.743345 0.475694 0.742477 0.476345 0.741319 0.476562 0.741030 0.476997 0.740741 0.476780 0.739873 0.477648 0.739294 0.477648 0.739005 0.477865 0.738715 0.477648 0.738137 0.478082 0.736979 0.478082 0.735532 0.478733 0.734664 0.478733 0.733796 0.479167 0.733218 0.479167 0.732060 0.479601 0.731481 0.480035 0.730903 0.480035 0.730324 0.480469 0.729745 0.480469 0.729167 0.480903 0.728588 0.480903 0.728299 0.481337 0.726562 0.482205 0.725984 0.482205 0.723380 0.483724 0.722222 0.483941 0.721354 0.484375 0.721644 0.484592 0.721065 0.485243 0.721065 0.486328 0.721644 0.486328 0.721933 0.486545 0.721644 0.486762 0.721644 0.488498 0.722222 0.489149 0.723669 0.489149 0.724537 0.489583 0.726562 0.489583 0.726852 0.490017 0.727431 0.489800 0.727720 0.490017 0.730324 0.490017 0.730613 0.490234 0.732639 0.490234 0.732928 0.490451 0.739583 0.490451 0.740162 0.490017 0.741898 0.489366 0.742766 0.488498 0.742766 0.487413 0.743056 0.487196 0.743345 0.487413 0.743634 0.486979 0.743634 0.486328 0.744792 0.485026 0.744502 0.484809 0.745370 0.483941 0.745370 0.483507 0.746238 0.482205 0.746238 0.481554 0.746817 0.481120 0.746817 0.480469 0.747396 0.480252 0.747396 0.479818 0.747975 0.479384
0 0.723380 0.447483 0.721933 0.447483 0.721354 0.447917 0.718171 0.454210 0.718171 0.455512 0.717593 0.456163 0.717593 0.457031 0.717014 0.457465 0.717014 0.458767 0.715856 0.460938 0.715567 0.464193 0.714988 0.465712 0.714988 0.473090 0.715567 0.473958 0.715567 0.481120 0.716146 0.482422 0.716146 0.485243 0.717593 0.487196 0.717593 0.487847 0.719039 0.488281 0.720486 0.487847 0.720486 0.485677 0.720197 0.485460 0.720486 0.484592 0.719618 0.484158 0.718750 0.482205 0.718750 0.478299 0.718461 0.478082 0.719329 0.476997 0.719329 0.468099 0.719907 0.466580 0.719907 0.464410 0.720775 0.461155 0.721354 0.460503 0.721354 0.459852 0.722512 0.458767 0.722512 0.458116 0.723380 0.457465 0.723380 0.456163 0.723958 0.455729 0.724248 0.453559 0.725116 0.452257 0.725116 0.449653 0.724826 0.449002 0.724248 0.449002 0.723669 0.448568
0 0.653935 0.447483 0.653646 0.447266 0.649595 0.447266 0.648727 0.447700 0.645544 0.448134 0.644965 0.448568 0.643808 0.448568 0.642940 0.449002 0.642072 0.449002 0.638600 0.450521 0.631076 0.452040 0.630787 0.452474 0.630787 0.453559 0.630498 0.453776 0.630787 0.453993 0.630498 0.455729 0.629051 0.458116 0.629051 0.459418 0.629340 0.459635 0.633970 0.459635 0.634549 0.459201 0.635417 0.459201 0.635706 0.458984 0.635995 0.459201 0.636863 0.459201 0.636863 0.458984 0.637731 0.458550 0.638600 0.458550 0.640046 0.458116 0.646123 0.457682 0.646412 0.457465 0.648727 0.457465 0.649595 0.457031 0.651042 0.457031 0.651910 0.456597 0.652778 0.456597 0.653356 0.456163 0.655093 0.455729 0.655382 0.455512 0.655093 0.455078 0.655093 0.453993 0.654225 0.453776 0.650752 0.453776 0.650174 0.454210 0.648148 0.454210 0.647569 0.454644 0.645833 0.454644 0.644387 0.455078 0.642361 0.455078 0.642072 0.454861 0.642650 0.454644 0.642650 0.454210 0.643808 0.453559 0.649306 0.451606 0.649884 0.451172 0.650463 0.451172 0.651331 0.450304 0.652488 0.450087 0.652488 0.449653 0.653935 0.448785
0 0.822049 0.422092 0.821470 0.421658 0.821181 0.421658 0.820891 0.421441 0.820891 0.421224 0.820023 0.421224 0.819734 0.421007 0.817708 0.421007 0.817419 0.420790 0.817419 0.420573 0.817130 0.420573 0.816840 0.420356 0.812789 0.420356 0.812500 0.420573 0.811632 0.420573 0.811632 0.420790 0.811053 0.421224 0.809606 0.421224 0.809317 0.421441 0.805556 0.421441 0.805266 0.421658 0.804688 0.421658 0.803819 0.422092 0.803530 0.422743 0.803819 0.422960 0.803819 0.424262 0.804688 0.424262 0.804977 0.424479 0.807581 0.424479 0.808449 0.424913 0.810185 0.424913 0.811053 0.424479 0.813947 0.424479 0.814236 0.424262 0.814815 0.424262 0.815104 0.424045 0.815972 0.424045 0.816262 0.423828 0.816551 0.424045 0.817130 0.424045 0.817419 0.423828 0.817708 0.424045 0.821181 0.424045 0.821470 0.423828 0.822049 0.423828
0 0.965278 0.409288 0.962963 0.409288 0.962963 0.409722 0.961227 0.411458 0.961227 0.412109 0.960069 0.412977 0.959491 0.413845 0.958044 0.414714 0.957465 0.414714 0.955729 0.415365 0.954861 0.416016 0.954282 0.417101 0.951678 0.419054 0.950810 0.420573 0.949942 0.421224 0.949942 0.421875 0.948495 0.423177 0.947049 0.425347 0.945602 0.426215 0.945891 0.426432 0.945312 0.427300 0.944155 0.427951 0.941840 0.429905 0.941551 0.429905 0.941262 0.430556 0.940394 0.431207 0.939525 0.432726 0.939525 0.434896 0.939815 0.435113 0.942130 0.435113 0.942130 0.434462 0.942998 0.433811 0.943287 0.433160 0.945312 0.431207 0.946759 0.430339 0.947049 0.429688 0.948206 0.429036 0.948785 0.428168 0.949363 0.427951 0.950521 0.426432 0.952836 0.424479 0.952836 0.424045 0.955440 0.421441 0.955440 0.421007 0.957465 0.419705 0.958044 0.418837 0.959780 0.417318 0.960938 0.416884 0.961516 0.416233 0.962674 0.415582 0.962963 0.414931 0.963831 0.414714 0.964988 0.412977 0.964988 0.412543 0.965856 0.411675 0.965856 0.410156
0 0.808738 0.405382 0.807002 0.404731 0.794560 0.404731 0.787905 0.405599 0.766782 0.405599 0.753183 0.406467 0.751447 0.407335 0.751447 0.408854 0.756076 0.410156 0.762442 0.410590 0.775174 0.409505 0.776620 0.409939 0.763310 0.412977 0.743634 0.414497 0.739873 0.415365 0.739583 0.416667 0.759259 0.418403 0.759259 0.418837 0.754630 0.419271 0.752315 0.420139 0.752315 0.421224 0.750000 0.422309 0.750000 0.424045 0.777199 0.423828 0.777778 0.421658 0.776620 0.421224 0.777488 0.420790 0.777488 0.419271 0.775174 0.419054 0.775463 0.418403 0.782118 0.418403 0.789062 0.417318 0.790220 0.416450 0.790220 0.415148 0.789352 0.414497 0.786169 0.414062 0.786458 0.413411 0.799190 0.409071 0.808738 0.407118
0 0.987558 0.382161 0.982639 0.382161 0.979745 0.383030 0.978299 0.384115 0.975984 0.384983 0.974248 0.387153 0.971354 0.389540 0.962095 0.395833 0.960938 0.398003 0.958912 0.399740 0.958912 0.400391 0.954861 0.403212 0.953414 0.403646 0.951389 0.405165 0.950231 0.405382 0.948495 0.407118 0.947627 0.407118 0.941551 0.413194 0.940683 0.413194 0.938947 0.414280 0.935475 0.415365 0.933449 0.416884 0.933738 0.417101 0.929109 0.420139 0.929398 0.421875 0.931713 0.422092 0.936921 0.418186 0.940394 0.416450 0.944444 0.415365 0.947049 0.413845 0.949653 0.411024 0.953414 0.408637 0.953704 0.407552 0.961516 0.403863 0.962674 0.402127 0.967882 0.397352 0.971065 0.395616 0.971933 0.395616 0.975694 0.393663 0.977431 0.393229 0.979745 0.390842 0.979745 0.389974 0.981481 0.388021 0.986979 0.384549
0 0.264178 0.156684 0.260995 0.156684 0.260706 0.156901 0.259549 0.156901 0.259259 0.157118 0.256655 0.157118 0.256366 0.157335 0.255498 0.157335 0.255208 0.157552 0.253472 0.157552 0.253183 0.157769 0.251736 0.157769 0.251157 0.158203 0.250868 0.158203 0.250579 0.158420 0.250000 0.158420 0.249711 0.158637 0.248553 0.158637 0.247685 0.159071 0.246817 0.159071 0.245949 0.159505 0.245081 0.159505 0.244213 0.159939 0.243345 0.159939 0.242477 0.160373 0.241898 0.160373 0.241319 0.160807 0.241030 0.160807 0.240741 0.161024 0.240741 0.162760 0.243634 0.162760 0.245370 0.161892 0.246238 0.161892 0.246817 0.161458 0.247685 0.161458 0.248553 0.161024 0.250000 0.161024 0.250579 0.160590 0.251447 0.160590 0.251736 0.160373 0.252025 0.160373 0.252025 0.160156 0.252315 0.159939 0.253762 0.159939 0.254340 0.159505 0.255787 0.159505 0.256076 0.159288 0.256944 0.159288 0.257234 0.159071 0.258970 0.159071 0.259259 0.158854 0.260995 0.158854 0.261285 0.158637 0.262442 0.158637 0.262731 0.158420 0.263600 0.158420 0.263889 0.158203 0.264178 0.158203
0 0.255498 0.153646 0.255208 0.153429 0.252604 0.153429 0.252315 0.153646 0.250868 0.153646 0.250579 0.153863 0.249711 0.153863 0.248843 0.154297 0.247685 0.154297 0.246817 0.154731 0.244502 0.154731 0.243634 0.155165 0.242188 0.155165 0.241319 0.155599 0.239583 0.155816 0.235822 0.157769 0.235243 0.157769 0.233507 0.158854 0.232639 0.158854 0.231771 0.159288 0.230903 0.159288 0.230035 0.159722 0.229167 0.159722 0.228588 0.160156 0.227431 0.160156 0.227141 0.160373 0.225984 0.160373 0.225694 0.160590 0.225116 0.160590 0.224826 0.160807 0.224537 0.162543 0.226562 0.162543 0.226852 0.162326 0.228877 0.162109 0.230035 0.161675 0.231192 0.161675 0.231771 0.161241 0.232350 0.161241 0.233218 0.160807 0.234375 0.160807 0.235243 0.160373 0.236690 0.160156 0.237558 0.159505 0.239294 0.158854 0.239873 0.158420 0.240451 0.158420 0.241609 0.157769 0.242188 0.157769 0.242477 0.157552 0.243634 0.157552 0.244213 0.157118 0.245370 0.157118 0.246238 0.156684 0.247396 0.156684 0.247685 0.156901 0.248264 0.156901 0.250000 0.156250 0.250579 0.156467 0.252025 0.155816 0.252604 0.155816 0.253762 0.155382 0.254919 0.155382 0.255498 0.155165 0.255787 0.154731
0 0.639757 0.130208 0.637731 0.130425 0.636574 0.134766 0.635995 0.135200 0.634259 0.135200 0.628762 0.139323 0.627604 0.141927 0.626736 0.142144 0.625579 0.144097 0.623264 0.145399 0.622396 0.147352 0.620949 0.148220 0.618345 0.153646 0.616319 0.156684 0.614005 0.158637 0.611400 0.161892 0.610243 0.165582 0.606771 0.169922 0.606481 0.172526 0.607060 0.172960 0.606192 0.176215 0.605035 0.177734 0.605613 0.179036 0.607928 0.179253 0.607928 0.178602 0.609954 0.176866 0.609664 0.176432 0.610243 0.175998 0.610243 0.175130 0.611979 0.172526 0.613137 0.171658 0.615451 0.168186 0.618634 0.165799 0.620081 0.164062 0.621528 0.161458 0.625868 0.156901 0.628762 0.152778 0.629340 0.152561 0.629340 0.151910 0.629919 0.151693 0.631655 0.148438 0.633970 0.146050 0.635127 0.143446 0.637153 0.141059 0.637442 0.139540 0.638600 0.138238 0.638600 0.137153 0.639468 0.136502 0.639178 0.133898 0.639757 0.132595
0 0.263600 0.105686 0.256944 0.102648 0.255787 0.101780 0.255787 0.100911 0.255208 0.100260 0.252025 0.099392 0.250289 0.098524 0.240451 0.098524 0.236690 0.099826 0.234664 0.101128 0.231481 0.101997 0.228588 0.103733 0.226852 0.104167 0.224248 0.106337 0.223669 0.107856 0.221933 0.110026 0.218461 0.112847 0.217014 0.115017 0.213831 0.117622 0.211227 0.121311 0.211227 0.122613 0.211516 0.123047 0.213542 0.123047 0.218461 0.118707 0.220486 0.118707 0.221644 0.118273 0.221933 0.117405 0.225405 0.114800 0.227141 0.114149 0.229456 0.112413 0.234375 0.110460 0.242188 0.104601 0.245660 0.103082 0.245660 0.102431 0.248264 0.102214 0.251447 0.102648 0.261285 0.106988 0.263600 0.107205