0 0.424769 0.955295 0.422454 0.955295 0.421007 0.956380 0.418981 0.956814 0.416956 0.960286 0.416667 0.962023 0.412905 0.969618 0.412905 0.970920 0.414062 0.971571 0.414641 0.972873 0.414641 0.991319 0.415220 0.991970 0.415799 0.994358 0.416377 0.994792 0.418692 0.994575 0.418981 0.992622 0.421586 0.988715 0.422454 0.988281 0.423032 0.986762 0.424190 0.985460 0.424190 0.984158 0.425347 0.983290 0.425637 0.982205 0.427083 0.981337 0.430266 0.977648 0.431713 0.974826 0.431713 0.973741 0.432292 0.973307 0.432292 0.972222 0.433449 0.969401 0.434028 0.968967 0.434896 0.965495 0.433738 0.960286 0.432870 0.959852 0.430266 0.959852 0.429688 0.960069 0.428530 0.963542 0.426794 0.964844 0.425637 0.966580 0.424479 0.967448 0.424190 0.967231 0.424769 0.963976 0.425347 0.963325 0.425347 0.961806 0.425926 0.960938 0.425926 0.957465 0.425347 0.955729
0 0.296007 0.955946 0.295428 0.955512 0.294271 0.955512 0.293981 0.955295 0.293692 0.955512 0.291667 0.955729 0.290799 0.956380 0.290509 0.956380 0.289641 0.957031 0.289352 0.957031 0.288194 0.957899 0.287905 0.957899 0.287905 0.958116 0.287616 0.958333 0.286748 0.958333 0.283275 0.960938 0.282118 0.962891 0.281250 0.963325 0.281250 0.963542 0.280093 0.964410 0.279803 0.965061 0.279514 0.965278 0.279225 0.965278 0.278646 0.965712 0.278646 0.965929 0.276620 0.967231 0.276620 0.967448 0.276331 0.967665 0.276331 0.968099 0.276620 0.968316 0.276620 0.968533 0.276042 0.969184 0.276042 0.970052 0.276331 0.970269 0.278067 0.970269 0.278356 0.970052 0.278646 0.970052 0.279514 0.969401 0.279803 0.969401 0.280961 0.968533 0.280961 0.968316 0.282118 0.967448 0.282118 0.967231 0.282407 0.967014 0.282697 0.967014 0.284144 0.965929 0.284433 0.965929 0.285590 0.965061 0.285880 0.965061 0.285880 0.964844 0.286748 0.963976 0.286748 0.963759 0.287037 0.963542 0.287326 0.963542 0.287326 0.963325 0.287616 0.963108 0.287616 0.962674 0.288484 0.962023 0.288773 0.962023 0.288773 0.961806 0.289062 0.961589 0.289352 0.961589 0.289641 0.961372 0.289641 0.961155 0.289931 0.960938 0.290220 0.960938 0.290220 0.960720 0.291088 0.960069 0.291377 0.960069 0.291377 0.959852 0.293113 0.958550 0.293403 0.958550 0.293981 0.958116 0.294271 0.958116 0.296007 0.956814
0 0.416377 0.922960 0.415799 0.923394 0.416088 0.926866 0.416377 0.927083 0.416377 0.929688 0.415799 0.930556 0.415799 0.940755 0.416377 0.941623 0.416377 0.948351 0.415799 0.949219 0.415799 0.951389 0.415220 0.952257 0.415220 0.955729 0.415509 0.955946 0.417824 0.955946 0.419560 0.954210 0.419850 0.951389 0.420428 0.950087 0.420428 0.949002 0.421007 0.948134 0.421007 0.946832 0.421586 0.946398 0.421586 0.945530 0.422164 0.944661 0.422454 0.939019 0.423032 0.937934 0.423032 0.932075 0.422454 0.931207 0.422454 0.927734 0.421875 0.926866 0.421875 0.925998 0.421296 0.925347 0.421296 0.924696 0.420428 0.924045 0.419271 0.924045 0.417824 0.922960 0.417245 0.923177
0 0.418692 0.910373 0.418113 0.910807 0.418403 0.911241 0.418113 0.911675 0.418403 0.912109 0.418403 0.912543 0.418981 0.912977 0.418981 0.913411 0.421875 0.917535 0.421875 0.917969 0.422454 0.918403 0.423032 0.919271 0.423322 0.920356 0.423900 0.920790 0.424190 0.921224 0.424190 0.921875 0.424479 0.922092 0.424479 0.923828 0.425058 0.924262 0.425058 0.924479 0.424479 0.924913 0.423611 0.924913 0.423322 0.925347 0.423322 0.926432 0.423900 0.927300 0.423900 0.927951 0.424479 0.928602 0.424479 0.929688 0.425058 0.930339 0.427373 0.930339 0.427662 0.930122 0.427662 0.922526 0.427083 0.921875 0.427083 0.920573 0.425637 0.918403 0.425637 0.917969 0.421586 0.911892 0.421007 0.911458 0.421007 0.911024 0.420139 0.910373
0 0.431424 0.907769 0.430845 0.908203 0.430845 0.909505 0.431713 0.910807 0.431713 0.911241 0.432292 0.911892 0.432292 0.912326 0.432581 0.912543 0.432870 0.913628 0.433449 0.914280 0.433738 0.915365 0.434317 0.916016 0.434317 0.916450 0.435185 0.917101 0.435475 0.918186 0.436053 0.918620 0.436053 0.919488 0.436632 0.919922 0.436632 0.920356 0.438368 0.922960 0.438368 0.923394 0.439815 0.924696 0.439815 0.925130 0.440104 0.925347 0.440104 0.925998 0.440683 0.926432 0.440683 0.927517 0.440972 0.927951 0.442998 0.927951 0.443287 0.927734 0.443287 0.924696 0.442708 0.924045 0.442708 0.923611 0.442130 0.923177 0.441262 0.921658 0.440394 0.921007 0.440394 0.920573 0.439525 0.919922 0.439525 0.919054 0.438657 0.917969 0.438657 0.917318 0.437789 0.916450 0.437789 0.915799 0.436632 0.914714 0.436632 0.914280 0.436053 0.913628 0.435764 0.912543 0.434896 0.911458 0.434896 0.910807 0.434317 0.910156 0.434317 0.909722 0.434028 0.909505 0.433738 0.908420 0.432870 0.907769 0.432292 0.907986
0 0.360822 0.891710 0.360243 0.891493 0.359954 0.891710 0.358796 0.891710 0.357639 0.894531 0.356481 0.896267 0.356481 0.896918 0.355903 0.897569 0.354745 0.900174 0.353588 0.901476 0.353588 0.902127 0.353009 0.903212 0.351562 0.904080 0.351273 0.904948 0.350405 0.905382 0.350116 0.906033 0.349248 0.906684 0.348958 0.907769 0.347801 0.908637 0.347801 0.909288 0.346644 0.909939 0.345486 0.911241 0.344039 0.912326 0.343750 0.912977 0.342593 0.914062 0.341725 0.914497 0.340567 0.916450 0.339988 0.916667 0.339699 0.917101 0.339699 0.918186 0.339988 0.918403 0.341435 0.918403 0.342303 0.917752 0.342303 0.917318 0.343461 0.916450 0.343461 0.916016 0.345486 0.914280 0.345775 0.913628 0.348090 0.911892 0.348090 0.911675 0.349826 0.910590 0.349826 0.909722 0.350694 0.909071 0.350984 0.907986 0.352141 0.907118 0.352141 0.906684 0.353299 0.906033 0.354167 0.904948 0.353877 0.904731 0.355613 0.902995 0.356192 0.902344 0.356192 0.901910 0.356771 0.901476 0.356771 0.900608 0.357350 0.900174 0.357350 0.899523 0.357928 0.898220 0.358507 0.897569 0.358507 0.897135 0.359086 0.896484 0.359375 0.895399 0.359954 0.894748 0.360822 0.892795
0 0.822049 0.875651 0.821759 0.875651 0.821470 0.875434 0.820602 0.875434 0.820312 0.875217 0.820312 0.874783 0.818576 0.874783 0.818287 0.875000 0.817708 0.875000 0.817130 0.875434 0.816840 0.875434 0.815394 0.876302 0.814815 0.876302 0.813947 0.876953 0.813368 0.876953 0.813079 0.877170 0.812211 0.877387 0.811632 0.877821 0.811343 0.877821 0.811053 0.878038 0.810475 0.878038 0.810185 0.878255 0.809028 0.878255 0.808738 0.878472 0.808160 0.878472 0.807870 0.878689 0.807292 0.878689 0.807002 0.878906 0.806134 0.878906 0.804109 0.879774 0.803530 0.879774 0.802083 0.880859 0.802083 0.881727 0.802373 0.881944 0.801794 0.882378 0.801505 0.882378 0.801215 0.882595 0.801215 0.883464 0.801505 0.883681 0.802662 0.883681 0.802951 0.883464 0.803530 0.883464 0.804109 0.883030 0.804688 0.883030 0.804977 0.882812 0.805266 0.882812 0.805556 0.882595 0.807002 0.882161 0.807581 0.881727 0.808160 0.881727 0.808449 0.881510 0.808738 0.881510 0.809317 0.881076 0.809896 0.881076 0.810475 0.880642 0.811053 0.880642 0.811343 0.880425 0.811632 0.880425 0.812211 0.879991 0.812789 0.879991 0.814815 0.879123 0.815394 0.879123 0.815683 0.878906 0.816262 0.878906 0.816551 0.878689 0.816840 0.878689 0.817130 0.878472 0.817419 0.878472 0.817708 0.878255 0.817998 0.878255 0.820023 0.877387 0.820602 0.877387 0.820891 0.877170 0.821470 0.877170 0.822049 0.876736
0 0.258970 0.857639 0.257234 0.857205 0.252894 0.859375 0.246238 0.864583 0.239583 0.868056 0.230035 0.876519 0.224248 0.879340 0.214410 0.886936 0.209491 0.889540 0.201678 0.894965 0.199653 0.895616 0.198495 0.896484 0.198206 0.898003 0.196759 0.898655 0.196759 0.899523 0.198495 0.899957 0.202257 0.897569 0.207176 0.895616 0.214699 0.890408 0.218750 0.888672 0.221354 0.886719 0.223090 0.884115 0.229745 0.879991 0.234375 0.878689 0.234664 0.881944 0.232350 0.884115 0.232350 0.885417 0.234086 0.885634 0.240741 0.880208 0.246528 0.876953 0.248553 0.876953 0.249711 0.877821 0.252894 0.877387 0.256944 0.873264 0.260995 0.870443 0.262153 0.867839 0.260127 0.867622 0.257234 0.868490 0.254919 0.868490 0.249711 0.870877 0.245949 0.871962 0.245660 0.871528 0.250579 0.867622 0.253472 0.863281 0.258681 0.858941
0 0.885127 0.852214 0.881944 0.852648 0.881076 0.853516 0.875289 0.856337 0.869502 0.858507 0.862558 0.860460 0.854456 0.864583 0.853009 0.864800 0.841725 0.869792 0.834780 0.871528 0.829282 0.873698 0.828993 0.874349 0.825521 0.876519 0.821470 0.878038 0.820891 0.879123 0.822338 0.879340 0.837674 0.873264 0.845486 0.871311 0.849826 0.869575 0.858796 0.866970 0.864583 0.863064 0.869213 0.861111 0.870081 0.861111 0.874132 0.859592 0.875579 0.857856 0.878762 0.856771 0.881076 0.855252 0.883102 0.854601 0.885127 0.853299
0 0.664931 0.702691 0.664352 0.703125 0.664641 0.703559 0.664352 0.703776 0.666088 0.707031 0.666667 0.707465 0.666667 0.707899 0.668403 0.710286 0.668403 0.710938 0.669560 0.712023 0.670139 0.712023 0.670718 0.712457 0.670718 0.713108 0.671875 0.713759 0.672454 0.714627 0.675347 0.716797 0.679109 0.723307 0.681134 0.725260 0.681134 0.725694 0.684028 0.727648 0.685185 0.728733 0.685185 0.729167 0.686343 0.729818 0.686921 0.731554 0.688079 0.732639 0.688657 0.733941 0.690104 0.734809 0.690683 0.735894 0.691551 0.736328 0.692998 0.736328 0.693576 0.735894 0.693287 0.734809 0.692419 0.734375 0.691551 0.733507 0.691840 0.733290 0.690104 0.731988 0.690104 0.731554 0.688947 0.730469 0.688657 0.729167 0.686053 0.726345 0.682581 0.723958 0.682292 0.723090 0.680266 0.720920 0.677662 0.716146 0.673322 0.712457 0.673032 0.711806 0.672164 0.711155 0.672164 0.710720 0.671296 0.710503 0.670428 0.709852 0.669850 0.708333 0.669271 0.707899 0.666377 0.702908
0 0.862269 0.662326 0.862269 0.663628 0.863137 0.664062 0.863137 0.664931 0.864005 0.665582 0.864294 0.665582 0.864873 0.666016 0.866030 0.666016 0.866609 0.666450 0.867188 0.666450 0.868345 0.666884 0.870081 0.666884 0.871238 0.667318 0.871817 0.667752 0.888600 0.667752 0.889178 0.667535 0.889757 0.666884 0.889757 0.665582 0.889468 0.665365 0.888889 0.665365 0.888310 0.665148 0.888021 0.664714 0.887731 0.664714 0.887153 0.664280 0.887153 0.663845 0.887442 0.663411 0.886863 0.662977 0.886285 0.662977 0.885995 0.662760 0.884259 0.662760 0.883970 0.662543 0.883391 0.662543 0.883102 0.662326 0.882234 0.662326 0.881076 0.661892 0.878472 0.661892 0.877315 0.661458 0.873264 0.661458 0.872685 0.661024 0.869502 0.661024 0.869213 0.661241 0.868634 0.661024 0.866609 0.661024 0.866319 0.661241 0.865162 0.661241 0.864873 0.661458 0.864294 0.661458 0.863137 0.662109 0.862558 0.661892
0 0.431134 0.659722 0.430556 0.659939 0.429688 0.661024 0.428819 0.661241 0.428819 0.662977 0.429688 0.663845 0.429398 0.664280 0.429688 0.664497 0.429398 0.664714 0.429688 0.664931 0.429398 0.665148 0.429688 0.671875 0.428819 0.672743 0.428819 0.680339 0.428241 0.680990 0.428241 0.683377 0.427662 0.684028 0.427662 0.685981 0.427951 0.686198 0.427662 0.686632 0.427951 0.687066 0.427083 0.688368 0.426794 0.692274 0.425637 0.693359 0.425637 0.694444 0.425926 0.694661 0.428530 0.694661 0.429398 0.695095 0.434317 0.695095 0.435764 0.695530 0.438368 0.695530 0.439815 0.694661 0.439815 0.690972 0.439525 0.690755 0.439525 0.688151 0.437500 0.684462 0.437789 0.683811 0.437211 0.682726 0.437211 0.680773 0.436921 0.680556 0.437211 0.678168 0.436632 0.677734 0.436632 0.671224 0.436053 0.670790 0.436053 0.667752 0.435475 0.665799 0.435185 0.662326 0.434606 0.661024 0.432870 0.660590 0.432870 0.659722
0 0.563368 0.604818 0.553819 0.604601 0.540509 0.606120 0.520255 0.610894 0.509549 0.611979 0.492188 0.615451 0.481481 0.618490 0.474826 0.621528 0.460938 0.625000 0.453993 0.628255 0.449653 0.629123 0.442998 0.633247 0.434028 0.634983 0.433449 0.636068 0.435185 0.636502 0.442419 0.635200 0.446181 0.633464 0.452836 0.632595 0.457755 0.630859 0.460938 0.630859 0.481481 0.627387 0.485243 0.627387 0.502604 0.624349 0.507523 0.623047 0.515046 0.619575 0.528935 0.615668 0.546586 0.612196 0.554977 0.607856 0.563368 0.606120
0 0.156829 0.548177 0.155961 0.547743 0.155093 0.547743 0.152199 0.548828 0.151331 0.549479 0.149306 0.550130 0.147569 0.551432 0.144097 0.552951 0.143229 0.553602 0.138310 0.555556 0.134549 0.558594 0.134259 0.559245 0.131076 0.561632 0.129630 0.562066 0.129340 0.562500 0.127315 0.563368 0.123264 0.566623 0.122396 0.568142 0.118634 0.571832 0.118056 0.573134 0.117477 0.573351 0.117477 0.575304 0.117766 0.575521 0.119502 0.575521 0.120081 0.574653 0.125289 0.570530 0.125289 0.570095 0.126736 0.569010 0.127025 0.568359 0.130208 0.565972 0.130208 0.565538 0.135127 0.562283 0.135417 0.561632 0.141204 0.557509 0.141493 0.556858 0.142940 0.555773 0.149306 0.552517 0.150463 0.551432 0.155961 0.549479 0.156539 0.549045
0 0.275752 0.476345 0.275752 0.477648 0.276331 0.477648 0.277199 0.478299 0.278067 0.478516 0.279225 0.479167 0.279225 0.479384 0.280671 0.480469 0.280671 0.480903 0.281829 0.481771 0.281829 0.481988 0.282118 0.481988 0.282407 0.482205 0.282407 0.482639 0.283854 0.483724 0.283854 0.483941 0.284433 0.484592 0.285301 0.484809 0.288484 0.487196 0.288773 0.487196 0.290220 0.488064 0.290509 0.487847 0.291088 0.488281 0.291377 0.488281 0.291667 0.488498 0.292245 0.488498 0.293403 0.489149 0.293692 0.489149 0.294560 0.489583 0.295718 0.489583 0.295718 0.489366 0.296007 0.489149 0.296007 0.488498 0.294560 0.487413 0.293981 0.487413 0.293403 0.486979 0.292824 0.486979 0.291956 0.486328 0.291088 0.486111 0.290799 0.485894 0.290799 0.485677 0.290509 0.485677 0.289062 0.484592 0.289062 0.484375 0.285012 0.481337 0.285012 0.481120 0.282986 0.479601 0.282697 0.478950 0.280093 0.476997 0.279514 0.476997 0.278646 0.476345 0.278356 0.476345 0.278067 0.476128 0.276042 0.476128
0 0.288194 0.471354 0.288194 0.471788 0.287905 0.472005 0.287905 0.472873 0.287616 0.473090 0.287905 0.473307 0.287905 0.473524 0.288773 0.473958 0.288773 0.474392 0.289062 0.474609 0.289352 0.474609 0.290799 0.475694 0.290799 0.475911 0.291377 0.475911 0.292245 0.476562 0.292245 0.476997 0.293692 0.478082 0.294271 0.478082 0.294850 0.478516 0.295139 0.478516 0.296875 0.479818 0.296875 0.480252 0.298032 0.481337 0.298032 0.481771 0.298611 0.482205 0.298611 0.482422 0.298900 0.482422 0.299190 0.482639 0.299190 0.483073 0.300637 0.484158 0.302373 0.484158 0.302662 0.483941 0.303241 0.483941 0.303530 0.484158 0.303819 0.484158 0.304109 0.483941 0.304109 0.483724 0.303819 0.483507 0.303819 0.482856 0.301794 0.481337 0.301794 0.481120 0.301215 0.480686 0.301215 0.480469 0.300637 0.480035 0.300637 0.479818 0.299769 0.479167 0.299479 0.479167 0.299190 0.478950 0.299190 0.478733 0.298611 0.478299 0.298611 0.478082 0.297743 0.477431 0.297743 0.477214 0.296296 0.476128 0.296007 0.476128 0.292535 0.473524 0.292245 0.473524 0.289352 0.471354
0 0.279803 0.470269 0.279514 0.470486 0.279514 0.471571 0.280093 0.472222 0.280093 0.473307 0.280961 0.474175 0.281539 0.475477 0.282697 0.476345 0.282986 0.476997 0.283854 0.477648 0.284144 0.477648 0.284722 0.478082 0.285012 0.478082 0.285590 0.478516 0.286748 0.478950 0.287037 0.479384 0.287905 0.479384 0.291088 0.481771 0.291088 0.482205 0.292245 0.482639 0.292245 0.483073 0.293403 0.483941 0.293403 0.484375 0.295139 0.485677 0.295139 0.486111 0.295718 0.486545 0.296007 0.487196 0.297743 0.487196 0.298322 0.486762 0.298322 0.485460 0.297743 0.485026 0.297743 0.484809 0.297164 0.484592 0.296875 0.483941 0.295428 0.482856 0.295428 0.482422 0.294850 0.481988 0.294850 0.481554 0.293692 0.480686 0.293692 0.480469 0.291956 0.479384 0.291956 0.479167 0.291377 0.478733 0.291088 0.478733 0.290509 0.478299 0.289931 0.478299 0.287037 0.476128 0.286458 0.476128 0.285590 0.475477 0.285590 0.475260 0.284433 0.474392 0.283275 0.472656 0.283275 0.472005 0.282118 0.471137 0.282118 0.470703 0.281539 0.470269
0 0.588831 0.459635 0.588542 0.460286 0.588831 0.460720 0.590278 0.461589 0.590856 0.461589 0.591725 0.462240 0.592303 0.462240 0.593461 0.463108 0.593461 0.463759 0.594329 0.464627 0.594907 0.464627 0.596065 0.465495 0.597222 0.465495 0.597801 0.465929 0.598669 0.465929 0.601562 0.467231 0.605035 0.468099 0.606481 0.469184 0.608507 0.469835 0.609086 0.470269 0.610243 0.470269 0.610822 0.470703 0.611979 0.470703 0.613137 0.471137 0.614873 0.471137 0.615451 0.471571 0.616609 0.471571 0.617188 0.472005 0.619502 0.472005 0.620949 0.472873 0.622685 0.472873 0.623553 0.473307 0.624421 0.473307 0.625000 0.473741 0.625868 0.473741 0.626736 0.474392 0.628183 0.474609 0.628762 0.475043 0.630208 0.475043 0.630498 0.474826 0.630208 0.473741 0.629630 0.473307 0.627894 0.472656 0.626447 0.471354 0.622106 0.468967 0.620660 0.468750 0.619502 0.468099 0.618634 0.468099 0.618056 0.467665 0.616898 0.467665 0.616030 0.467231 0.612847 0.466797 0.610243 0.465929 0.608507 0.465929 0.606192 0.465061 0.605613 0.465061 0.605035 0.464627 0.603588 0.464627 0.600984 0.463759 0.598958 0.463542 0.598380 0.463108 0.597801 0.463108 0.594907 0.461806 0.593461 0.460720 0.590856 0.459418 0.589410 0.459201
0 0.236400 0.456163 0.236400 0.457682 0.237847 0.459635 0.237847 0.460503 0.240162 0.463108 0.244792 0.466580 0.246238 0.467014 0.250000 0.469401 0.251736 0.473090 0.254051 0.476128 0.258391 0.478950 0.260995 0.479818 0.263889 0.481988 0.265914 0.485243 0.269965 0.488932 0.274595 0.491536 0.285012 0.500217 0.286458 0.500217 0.286748 0.499132 0.289352 0.499349 0.289931 0.498047 0.291667 0.498264 0.291667 0.496962 0.288194 0.494141 0.286169 0.490234 0.280093 0.484158 0.278646 0.483290 0.277488 0.481337 0.271123 0.477214 0.260417 0.472656 0.258102 0.470920 0.258102 0.470052 0.253183 0.465929 0.251447 0.465929 0.247975 0.464410 0.247106 0.464410 0.241609 0.460286 0.239873 0.457248 0.238426 0.456163
0 0.706597 0.451172 0.705150 0.451172 0.704572 0.451389 0.702257 0.452908 0.697049 0.455512 0.695023 0.455946 0.693576 0.456597 0.692130 0.456814 0.689525 0.457899 0.688947 0.457899 0.687789 0.458333 0.685764 0.458333 0.684896 0.458767 0.684028 0.458767 0.683160 0.459201 0.682292 0.459201 0.680556 0.459852 0.680556 0.460286 0.679398 0.460938 0.678819 0.460938 0.677373 0.461806 0.677373 0.462023 0.675637 0.463325 0.674190 0.463976 0.672454 0.465278 0.671875 0.465278 0.671296 0.465712 0.671586 0.466797 0.671875 0.467014 0.673611 0.467014 0.673900 0.466580 0.675058 0.466146 0.675637 0.466146 0.677373 0.465061 0.678819 0.465061 0.679398 0.464193 0.681134 0.462891 0.682002 0.462674 0.682581 0.462240 0.683160 0.462240 0.685185 0.461589 0.686343 0.461589 0.688368 0.460938 0.689525 0.460938 0.690394 0.460503 0.692419 0.460286 0.696470 0.459201 0.697338 0.458550 0.699363 0.457899 0.700231 0.457248 0.701100 0.457031 0.703125 0.455512 0.703414 0.455512 0.703414 0.455295 0.706019 0.453125 0.706019 0.452691 0.706597 0.452040
0 0.656539 0.402127 0.655961 0.401910 0.653935 0.401910 0.653356 0.402344 0.652199 0.402344 0.651620 0.402778 0.650463 0.402778 0.649595 0.403212 0.648727 0.403212 0.647859 0.403646 0.645833 0.403646 0.644965 0.404080 0.644097 0.404080 0.642361 0.404731 0.641204 0.404731 0.640046 0.405165 0.638889 0.405165 0.637731 0.405599 0.636863 0.405599 0.636574 0.405816 0.635995 0.405816 0.635417 0.406250 0.634259 0.406250 0.633391 0.406684 0.632234 0.406684 0.631655 0.407118 0.631076 0.407118 0.630787 0.407335 0.629630 0.407335 0.629051 0.407769 0.629051 0.408854 0.629340 0.409071 0.631655 0.409071 0.632523 0.409505 0.633970 0.409722 0.635995 0.410590 0.636574 0.410590 0.636863 0.410807 0.637442 0.410807 0.637731 0.411024 0.638310 0.411024 0.639468 0.411458 0.640336 0.411458 0.640625 0.411675 0.644965 0.411675 0.645255 0.411458 0.646123 0.411458 0.647280 0.411024 0.648438 0.410156 0.648727 0.410156 0.649306 0.409288 0.650752 0.408203 0.650752 0.407986 0.651620 0.407335 0.651620 0.407118 0.652199 0.406684 0.652488 0.406684 0.652488 0.406467 0.656250 0.403863 0.656250 0.403429 0.656539 0.403212
0 0.652488 0.394965 0.650463 0.394965 0.649595 0.395399 0.648148 0.395399 0.647569 0.395833 0.642072 0.395833 0.641493 0.396267 0.640625 0.396267 0.640046 0.396701 0.639468 0.396701 0.635417 0.398438 0.634838 0.398438 0.632523 0.399306 0.631655 0.399306 0.630787 0.399740 0.630208 0.399740 0.629340 0.400174 0.628762 0.400174 0.628183 0.400608 0.628183 0.401259 0.627315 0.402127 0.627315 0.402778 0.627025 0.402995 0.627604 0.403863 0.625868 0.404514 0.625289 0.405382 0.625289 0.406250 0.625579 0.406467 0.627604 0.406467 0.627894 0.406033 0.628472 0.406033 0.629340 0.405599 0.630208 0.405599 0.631655 0.404948 0.632234 0.404948 0.632523 0.404514 0.633102 0.404297 0.633970 0.404297 0.635127 0.403429 0.636574 0.402995 0.637153 0.402561 0.641782 0.400825 0.642650 0.400825 0.644097 0.399957 0.644965 0.399957 0.646701 0.399306 0.647569 0.398655 0.648727 0.398655 0.649306 0.398003 0.651910 0.397135 0.651910 0.396918 0.652778 0.396050 0.652488 0.395616
0 0.785012 0.356120 0.784144 0.356120 0.783854 0.355903 0.781539 0.356120 0.781250 0.355903 0.778646 0.355686 0.778356 0.355469 0.778067 0.355686 0.777488 0.355469 0.776331 0.355686 0.776042 0.355469 0.775752 0.355686 0.774306 0.355686 0.773148 0.356120 0.772859 0.355903 0.772569 0.356120 0.771991 0.355903 0.769676 0.356120 0.768808 0.356554 0.767940 0.356554 0.766782 0.356988 0.765336 0.356771 0.761285 0.357639 0.759259 0.357639 0.757812 0.358073 0.755208 0.358290 0.754340 0.358724 0.753472 0.358724 0.751157 0.359375 0.749711 0.359375 0.748553 0.359809 0.746528 0.359809 0.745370 0.360243 0.743345 0.360460 0.743345 0.361111 0.742766 0.361545 0.740162 0.361762 0.740162 0.362847 0.742766 0.362847 0.743056 0.362630 0.745370 0.362630 0.745660 0.362413 0.747685 0.362413 0.747975 0.362196 0.750579 0.362196 0.750868 0.361979 0.752025 0.361979 0.752315 0.361762 0.753472 0.361762 0.755208 0.361328 0.758970 0.361328 0.760417 0.360894 0.763600 0.360894 0.764757 0.360460 0.766493 0.360460 0.770544 0.359592 0.771991 0.359592 0.773148 0.359158 0.776910 0.359158 0.779225 0.358507 0.780382 0.358507 0.781539 0.358073 0.783275 0.358073 0.785012 0.357205
0 0.721644 0.346137 0.719907 0.346137 0.719329 0.347439 0.719329 0.349175 0.719618 0.349392 0.719329 0.349609 0.719329 0.353516 0.719039 0.353733 0.719039 0.354601 0.717882 0.355469 0.717593 0.356337 0.717593 0.360677 0.717014 0.361979 0.717303 0.363498 0.716435 0.365668 0.716435 0.371311 0.715278 0.374132 0.715278 0.377604 0.715856 0.378689 0.715856 0.380425 0.716725 0.381727 0.716725 0.382378 0.717593 0.382812 0.719329 0.382812 0.719329 0.381944 0.719907 0.380642 0.719907 0.378906 0.720197 0.378689 0.719907 0.378038 0.720197 0.377821 0.719907 0.377387 0.720197 0.377170 0.719907 0.376953 0.720197 0.376736 0.719907 0.376085 0.720197 0.375434 0.719907 0.375217 0.720197 0.371094 0.721065 0.369141 0.721354 0.367188 0.721933 0.366319 0.722222 0.363715 0.722801 0.362630 0.724248 0.361545 0.724248 0.358507 0.724826 0.357856 0.724826 0.350477 0.724248 0.350043 0.724248 0.348741 0.723669 0.348307 0.723380 0.347222
0 0.262731 0.150174 0.262442 0.149957 0.262442 0.149740 0.261285 0.149740 0.260995 0.149523 0.260706 0.149740 0.259838 0.149740 0.259549 0.149957 0.259259 0.149957 0.258970 0.150174 0.258681 0.150174 0.258391 0.150391 0.258102 0.150391 0.257812 0.150608 0.257234 0.150608 0.256655 0.151042 0.256366 0.151042 0.255787 0.151476 0.255208 0.151476 0.254919 0.151693 0.254630 0.151693 0.254340 0.151910 0.253762 0.151910 0.253472 0.152127 0.253183 0.152127 0.252894 0.152344 0.252604 0.152344 0.252315 0.152561 0.252025 0.152561 0.251736 0.152778 0.250868 0.152778 0.250289 0.153212 0.250000 0.153212 0.249711 0.153429 0.249132 0.153429 0.248843 0.153646 0.248553 0.153646 0.248264 0.153863 0.248264 0.154948 0.248553 0.155165 0.248843 0.155165 0.249421 0.155599 0.252315 0.155599 0.252604 0.155382 0.252604 0.155165 0.253183 0.154731 0.253762 0.154731 0.254051 0.154514 0.254340 0.154514 0.254630 0.154297 0.255208 0.154297 0.255498 0.154080 0.255498 0.153863 0.255787 0.153646 0.256076 0.153646 0.256366 0.153429 0.256944 0.153429 0.258102 0.152561 0.258391 0.152561 0.258970 0.152127 0.260127 0.152127 0.260706 0.151693 0.261285 0.151693 0.261863 0.151259 0.262153 0.151259 0.262731 0.150825
0 0.241319 0.147352 0.241030 0.147135 0.239005 0.147135 0.238137 0.147786 0.236690 0.148220 0.236111 0.148655 0.235822 0.148655 0.235532 0.148872 0.235243 0.148872 0.234664 0.149306 0.234375 0.149306 0.234375 0.149523 0.234086 0.149740 0.233796 0.149740 0.232639 0.150608 0.232350 0.150608 0.231771 0.151042 0.231481 0.151042 0.231481 0.151259 0.231192 0.151476 0.230903 0.151476 0.230324 0.151910 0.230035 0.151910 0.229456 0.152344 0.229167 0.152344 0.227720 0.153212 0.227431 0.153212 0.227141 0.153429 0.226852 0.153429 0.226273 0.153863 0.225405 0.154080 0.224826 0.154514 0.223380 0.154948 0.223090 0.155165 0.223090 0.156467 0.222512 0.156901 0.222222 0.156901 0.222222 0.158420 0.223669 0.158420 0.223958 0.158203 0.224248 0.158203 0.225984 0.156901 0.226562 0.156901 0.227720 0.156033 0.228009 0.156033 0.228588 0.155599 0.228877 0.155599 0.229745 0.154948 0.230035 0.154948 0.230903 0.154297 0.231192 0.154297 0.232350 0.153429 0.233218 0.153212 0.235243 0.151693 0.235243 0.151476 0.236111 0.150825 0.236400 0.150825 0.237558 0.149957 0.238426 0.149740 0.239294 0.149089 0.239873 0.149089 0.240451 0.148655 0.241030 0.148655 0.241319 0.148438
0 0.260995 0.146484 0.260706 0.146267 0.257812 0.146267 0.257523 0.146484 0.256944 0.146484 0.256655 0.146701 0.253472 0.146701 0.252894 0.147135 0.252604 0.147135 0.252025 0.147569 0.251447 0.147569 0.250868 0.148003 0.250579 0.148003 0.249711 0.148438 0.249132 0.148438 0.248553 0.148872 0.247975 0.148872 0.247975 0.149089 0.247685 0.149306 0.246817 0.149306 0.246817 0.149523 0.246528 0.149740 0.246238 0.149740 0.246238 0.149957 0.245370 0.150608 0.245370 0.151693 0.246817 0.151693 0.247396 0.151259 0.248264 0.151259 0.248553 0.151042 0.249711 0.151042 0.250579 0.150391 0.251157 0.150391 0.251736 0.149957 0.252315 0.149957 0.252894 0.149523 0.253183 0.149523 0.252894 0.149306 0.253183 0.149089 0.254051 0.149089 0.254630 0.148655 0.255498 0.148655 0.256366 0.148220 0.257812 0.148220 0.258102 0.148003 0.258681 0.148003 0.258970 0.147786 0.260995 0.147786
0 0.267650 0.102648 0.265046 0.100694 0.263310 0.100694 0.262731 0.100260 0.260417 0.099826 0.257812 0.098524 0.256366 0.097222 0.254051 0.096354 0.253183 0.095703 0.252315 0.095703 0.252025 0.095486 0.247685 0.095486 0.244213 0.096571 0.243345 0.097222 0.242477 0.097439 0.241609 0.098524 0.240741 0.098741 0.238137 0.100260 0.237558 0.100260 0.236979 0.100694 0.234664 0.101345 0.234375 0.101997 0.230613 0.105469 0.229167 0.107422 0.228009 0.108290 0.228588 0.109375 0.230035 0.109375 0.231192 0.108290 0.232928 0.108290 0.233507 0.108073 0.237847 0.104818 0.238715 0.104601 0.239294 0.103950 0.240451 0.103733 0.240741 0.103082 0.241898 0.103082 0.242766 0.102431 0.243924 0.102214 0.244502 0.101780 0.245081 0.101780 0.245949 0.101345 0.251736 0.101345 0.253183 0.100911 0.255787 0.100911 0.256076 0.100260 0.256944 0.100477 0.257234 0.100911 0.258391 0.100911 0.260995 0.102214 0.261863 0.102214 0.262442 0.102648 0.263021 0.102648 0.265914 0.103950 0.267361 0.103733