0 0.741319 0.658203 0.740741 0.658420 0.741030 0.664931 0.741898 0.668620 0.741609 0.671224 0.742766 0.674479 0.742766 0.677951 0.743634 0.681858 0.743345 0.686198 0.745370 0.692925 0.746238 0.693142 0.746528 0.696398 0.748553 0.696398 0.749711 0.690972 0.749421 0.683811 0.750579 0.682726 0.751447 0.682943 0.751736 0.685113 0.750868 0.685981 0.751447 0.699436 0.754051 0.705729 0.755208 0.706597 0.756944 0.706380 0.757812 0.702691 0.758391 0.702257 0.758391 0.700521 0.759259 0.699436 0.758970 0.696181 0.761574 0.687500 0.761285 0.671007 0.759549 0.671224 0.758970 0.672092 0.755787 0.671875 0.754630 0.672526 0.754630 0.673394 0.754051 0.673611 0.753472 0.672526 0.748553 0.669271 0.746817 0.666016 0.746238 0.662760 0.743924 0.660373 0.743634 0.658637
0 0.728009 0.652778 0.728588 0.655165 0.744502 0.653863 0.760127 0.655382 0.768229 0.655165 0.769097 0.655599 0.774016 0.655599 0.775174 0.656033 0.782697 0.656033 0.785880 0.656684 0.799479 0.657118 0.811632 0.656901 0.812789 0.657552 0.819155 0.657552 0.819444 0.655816 0.818576 0.654948 0.813947 0.653212 0.806134 0.652344 0.802662 0.651476 0.799479 0.651476 0.797454 0.650825 0.792824 0.651042 0.792824 0.650608 0.790799 0.650391 0.785301 0.650608 0.780382 0.649740 0.774016 0.649740 0.771123 0.648872 0.754051 0.647135 0.752025 0.646267 0.749421 0.646267 0.748553 0.645399 0.747396 0.645182 0.745081 0.645399 0.738715 0.648655 0.730903 0.650825 0.728299 0.651910
0 0.395255 0.618490 0.394965 0.620877 0.395833 0.623264 0.395833 0.626085 0.396412 0.626736 0.396412 0.631293 0.396991 0.631944 0.396701 0.637804 0.397280 0.639974 0.396991 0.643012 0.397859 0.646484 0.398148 0.653863 0.399306 0.656684 0.399306 0.662109 0.401042 0.667969 0.401042 0.670139 0.403356 0.674479 0.405093 0.680556 0.407407 0.680339 0.408275 0.681858 0.410880 0.681858 0.410590 0.680339 0.411458 0.679688 0.411458 0.673177 0.409722 0.665799 0.407118 0.659939 0.406539 0.656250 0.404803 0.652561 0.403356 0.647352 0.402199 0.638021 0.402199 0.628255 0.401620 0.627604 0.401042 0.623481 0.399595 0.620660 0.397859 0.618707
0 0.562211 0.600260 0.560185 0.600260 0.558449 0.601345 0.558160 0.601345 0.557292 0.601997 0.557002 0.601997 0.556424 0.602431 0.555556 0.602648 0.554109 0.603733 0.553819 0.603733 0.553241 0.604167 0.552951 0.604167 0.550926 0.605686 0.550926 0.605903 0.550347 0.606337 0.550347 0.606554 0.549479 0.607205 0.549479 0.607422 0.548322 0.608507 0.547743 0.609809 0.546875 0.610460 0.546875 0.610894 0.546007 0.611545 0.545718 0.612196 0.545139 0.612630 0.545139 0.613932 0.546007 0.613932 0.546296 0.613715 0.547164 0.613932 0.548322 0.613064 0.548611 0.612413 0.549479 0.611762 0.549479 0.611111 0.550058 0.610677 0.550347 0.610026 0.551505 0.608941 0.551505 0.608724 0.551794 0.608507 0.551794 0.608290 0.552373 0.607856 0.552373 0.607639 0.553530 0.606771 0.553530 0.606554 0.554109 0.606120 0.554398 0.606120 0.556134 0.604818 0.556713 0.604818 0.557292 0.604384 0.557581 0.604601 0.557870 0.604384 0.558160 0.604384 0.558738 0.603950 0.559028 0.603950 0.559317 0.603733 0.559896 0.603733 0.559896 0.603516 0.560185 0.603299 0.560475 0.603299 0.561632 0.602431 0.561921 0.602431 0.562211 0.602214
0 0.562789 0.593099 0.560764 0.593099 0.560475 0.593316 0.559028 0.593750 0.557292 0.594835 0.557002 0.594835 0.556713 0.595052 0.556424 0.595052 0.556134 0.595269 0.555845 0.595269 0.555556 0.595486 0.554109 0.595920 0.553241 0.596571 0.553241 0.596788 0.551215 0.598307 0.550926 0.598307 0.550926 0.598524 0.550058 0.599175 0.550058 0.599392 0.544560 0.603516 0.544271 0.603516 0.543403 0.604167 0.543403 0.605035 0.543692 0.605252 0.543692 0.605469 0.545139 0.605469 0.545428 0.605252 0.545718 0.605252 0.546296 0.604818 0.547164 0.604601 0.547164 0.604384 0.547743 0.603950 0.548032 0.603950 0.548032 0.603733 0.548322 0.603516 0.548611 0.603516 0.549479 0.602865 0.549479 0.602648 0.550058 0.602214 0.550347 0.602214 0.550637 0.601997 0.550637 0.601780 0.551215 0.601345 0.551505 0.601345 0.552083 0.600911 0.552373 0.600911 0.554977 0.598958 0.555266 0.598958 0.555266 0.598741 0.557002 0.597439 0.557292 0.597439 0.557870 0.597005 0.558449 0.597005 0.558738 0.596788 0.559028 0.596788 0.560475 0.595920 0.560764 0.595920 0.561053 0.595703 0.561343 0.595703 0.561921 0.595269 0.562211 0.595269 0.562211 0.595052 0.562789 0.594618
0 0.355613 0.583550 0.353877 0.583333 0.353009 0.583984 0.353009 0.584852 0.348958 0.590061 0.342014 0.596354 0.341725 0.591797 0.342303 0.591146 0.342882 0.583984 0.342593 0.583333 0.340278 0.583333 0.339988 0.587240 0.337963 0.589193 0.335359 0.594184 0.333912 0.595052 0.330440 0.599826 0.328704 0.601128 0.327836 0.603082 0.326389 0.604167 0.324074 0.608941 0.324074 0.610460 0.321470 0.613932 0.319444 0.615017 0.317998 0.616753 0.314815 0.622830 0.311053 0.627604 0.310764 0.629557 0.311343 0.629991 0.312789 0.629991 0.323785 0.621962 0.328414 0.616319 0.332176 0.613281 0.335938 0.610894 0.336806 0.610894 0.343461 0.604167 0.351562 0.598958 0.352141 0.597656 0.355613 0.594184 0.355613 0.586372 0.356192 0.585720 0.356192 0.583984
0 0.609954 0.545573 0.608507 0.545573 0.608218 0.545790 0.608218 0.546224 0.607639 0.546658 0.607350 0.547309 0.606771 0.547743 0.606481 0.548177 0.606481 0.548828 0.605903 0.549045 0.605903 0.549479 0.605324 0.549913 0.605324 0.550347 0.604456 0.550998 0.604456 0.551649 0.603588 0.552734 0.603588 0.553385 0.603009 0.553819 0.602720 0.554905 0.602141 0.555556 0.602431 0.555773 0.601562 0.556641 0.600405 0.558377 0.600405 0.558811 0.600116 0.559028 0.600116 0.559462 0.599826 0.559679 0.599826 0.560113 0.599248 0.560764 0.598380 0.560764 0.597512 0.562283 0.597222 0.562500 0.596644 0.562500 0.596644 0.564236 0.598380 0.564236 0.598669 0.564453 0.600405 0.563151 0.600984 0.562066 0.601273 0.561849 0.601562 0.562066 0.601562 0.561198 0.602141 0.560981 0.602141 0.560764 0.602720 0.560330 0.603009 0.559896 0.603009 0.559462 0.603588 0.559028 0.603588 0.558377 0.604456 0.557509 0.604456 0.557075 0.605324 0.555990 0.605324 0.555339 0.605903 0.554688 0.605903 0.554036 0.606192 0.553819 0.605903 0.553602 0.606192 0.553385 0.606192 0.552951 0.607350 0.551866 0.607350 0.551432 0.607928 0.550998 0.607928 0.550347 0.609086 0.549479 0.609086 0.549045 0.609664 0.548394 0.609664 0.547743 0.610243 0.547309 0.610243 0.545790
0 0.390046 0.539497 0.388310 0.539280 0.387731 0.539714 0.387731 0.540148 0.387153 0.540582 0.386574 0.541884 0.385417 0.542752 0.385417 0.543186 0.382523 0.545790 0.382523 0.546224 0.380498 0.547743 0.379630 0.548828 0.379630 0.549262 0.377894 0.550347 0.377025 0.551866 0.375289 0.553168 0.375000 0.553819 0.372396 0.556207 0.369213 0.560547 0.369213 0.561198 0.368634 0.561632 0.368056 0.563151 0.366030 0.565972 0.365451 0.567274 0.365451 0.567925 0.365741 0.568142 0.367477 0.568359 0.367766 0.568142 0.368634 0.568142 0.369213 0.567708 0.369213 0.566189 0.368924 0.565755 0.369502 0.565104 0.369502 0.564670 0.370081 0.564236 0.370949 0.564236 0.371817 0.563368 0.372396 0.561849 0.372975 0.561415 0.373553 0.559896 0.374132 0.559462 0.374711 0.559462 0.374711 0.558377 0.375289 0.557726 0.377025 0.556641 0.377604 0.555773 0.378472 0.555339 0.378472 0.554688 0.379340 0.553602 0.379340 0.553168 0.379919 0.552734 0.379919 0.552300 0.381076 0.550998 0.383391 0.549045 0.383391 0.548611 0.383970 0.548394 0.384259 0.547743 0.385417 0.546875 0.386574 0.545356 0.388021 0.544271 0.388021 0.543837 0.388600 0.543403 0.388600 0.542752 0.389178 0.542318 0.389178 0.541667 0.389757 0.541233
0 0.806134 0.537109 0.804688 0.537109 0.803819 0.537760 0.800347 0.542535 0.796586 0.546441 0.794271 0.547309 0.789062 0.550781 0.787905 0.550998 0.785301 0.552734 0.785301 0.553168 0.784144 0.554036 0.781829 0.557509 0.780961 0.560330 0.780961 0.564019 0.781829 0.566623 0.781539 0.568359 0.782697 0.569010 0.786169 0.573134 0.788484 0.574219 0.791956 0.577040 0.793692 0.577040 0.794271 0.576606 0.797743 0.569878 0.798032 0.563585 0.799479 0.561415 0.799479 0.560330 0.800637 0.558377 0.800637 0.556641 0.801215 0.556207 0.801215 0.554470 0.801794 0.553819 0.801794 0.552951 0.803819 0.548394 0.803819 0.547309 0.805266 0.542969 0.805266 0.541233 0.804688 0.541233 0.804398 0.540799 0.806134 0.538628
0 0.003472 0.515625 0.003183 0.515842 0.003183 0.517578 0.002604 0.518012 0.002025 0.518012 0.002025 0.519314 0.006366 0.522135 0.006944 0.522135 0.007234 0.522352 0.006944 0.522569 0.007234 0.522352 0.007812 0.522786 0.007523 0.523003 0.007812 0.523220 0.008102 0.523003 0.012442 0.526259 0.013310 0.527127 0.013021 0.527561 0.013310 0.527344 0.013889 0.527778 0.013889 0.528429 0.014468 0.528863 0.014757 0.529514 0.015046 0.529514 0.017072 0.531033 0.018229 0.531467 0.020544 0.532986 0.020833 0.532769 0.021412 0.533203 0.021123 0.533420 0.022569 0.533637 0.024306 0.535156 0.024016 0.535373 0.024306 0.535156 0.024595 0.535590 0.026620 0.535590 0.027488 0.534505 0.027488 0.532986 0.028067 0.532335 0.028067 0.529948 0.026910 0.529080 0.026331 0.529080 0.025752 0.528646 0.024884 0.528646 0.023438 0.527778 0.022569 0.527778 0.020833 0.526476 0.019965 0.526259 0.018519 0.525174 0.018229 0.525174 0.016782 0.523872 0.016493 0.523220 0.015625 0.522569 0.015336 0.521918 0.013600 0.520182 0.009549 0.517578 0.007523 0.517144 0.005208 0.515625
0 0.421875 0.514540 0.420139 0.514757 0.418113 0.515842 0.415220 0.518663 0.414352 0.520182 0.411748 0.522352 0.408854 0.524306 0.407986 0.524523 0.404803 0.526910 0.404803 0.527344 0.402488 0.529948 0.401620 0.531901 0.399016 0.534288 0.396991 0.537109 0.395255 0.538194 0.395255 0.539062 0.394676 0.539497 0.394676 0.539931 0.388889 0.546441 0.388889 0.547960 0.389178 0.548177 0.390046 0.548177 0.390914 0.547526 0.394965 0.542752 0.396701 0.541884 0.396701 0.541233 0.399016 0.539062 0.399306 0.537977 0.400174 0.537326 0.401331 0.535590 0.405671 0.532335 0.407118 0.529948 0.407986 0.529514 0.408275 0.528646 0.409433 0.528212 0.410590 0.526910 0.411748 0.526476 0.412905 0.525174 0.416088 0.522786 0.420428 0.516927 0.422164 0.515842
0 0.453993 0.510634 0.453125 0.509983 0.451678 0.509983 0.451100 0.509549 0.450521 0.509549 0.450231 0.509766 0.449942 0.509766 0.449653 0.509549 0.449653 0.508681 0.449074 0.508681 0.448785 0.508464 0.446759 0.508464 0.446470 0.508247 0.445602 0.508247 0.445312 0.508464 0.445023 0.508247 0.444734 0.508247 0.444444 0.508464 0.443287 0.508464 0.440683 0.510417 0.439815 0.510634 0.438947 0.511285 0.438079 0.511502 0.437211 0.512153 0.436921 0.512153 0.436343 0.512587 0.436343 0.512804 0.436053 0.513021 0.436343 0.513238 0.436343 0.513455 0.436053 0.513672 0.436343 0.513889 0.438079 0.513889 0.438368 0.514106 0.440104 0.514106 0.440394 0.513889 0.440683 0.513889 0.440972 0.513672 0.441262 0.513672 0.441551 0.513455 0.441840 0.513455 0.442130 0.513238 0.442419 0.513238 0.442708 0.513021 0.442998 0.513021 0.443866 0.512587 0.444734 0.512587 0.445023 0.512370 0.445312 0.512370 0.446181 0.511936 0.446759 0.511936 0.447049 0.511719 0.447627 0.511719 0.447917 0.511502 0.448495 0.511502 0.448785 0.511285 0.449074 0.511285 0.449363 0.511502 0.449653 0.511285 0.449942 0.511502 0.451389 0.511502 0.451678 0.511719 0.452257 0.511719 0.452546 0.511936 0.453414 0.511936 0.453704 0.511719 0.453993 0.511719
0 0.658565 0.500217 0.658275 0.500434 0.656829 0.500434 0.656250 0.501736 0.655093 0.502604 0.654225 0.505642 0.652199 0.508681 0.651910 0.510200 0.651042 0.510851 0.650752 0.512370 0.650174 0.512804 0.649884 0.514757 0.648727 0.516493 0.648727 0.517144 0.646701 0.519531 0.644676 0.521050 0.641204 0.525608 0.641204 0.526259 0.640625 0.526910 0.640046 0.528646 0.638889 0.529948 0.638889 0.530382 0.636863 0.533420 0.636863 0.534722 0.637442 0.534939 0.638600 0.534939 0.640914 0.532769 0.643808 0.529297 0.644676 0.527778 0.646123 0.526693 0.646991 0.525174 0.648438 0.524089 0.649595 0.522135 0.651042 0.521050 0.652199 0.519531 0.652199 0.516276 0.653067 0.514974 0.653646 0.513238 0.654803 0.512370 0.655671 0.511068 0.655671 0.510417 0.656829 0.509549 0.658854 0.505859 0.658854 0.504340 0.657986 0.503906 0.658275 0.502821 0.658854 0.502387 0.658854 0.500651
0 0.178530 0.494358 0.176794 0.494358 0.176215 0.494792 0.175926 0.494792 0.175347 0.495226 0.175347 0.495443 0.174769 0.495877 0.174769 0.496094 0.174190 0.496528 0.173900 0.496528 0.173611 0.496745 0.173611 0.496962 0.173032 0.497396 0.173032 0.497613 0.172743 0.497830 0.172164 0.497830 0.171586 0.498264 0.171296 0.498264 0.171296 0.500434 0.171586 0.500434 0.171875 0.500651 0.171875 0.501519 0.172164 0.501736 0.172164 0.501953 0.174479 0.501953 0.175058 0.501519 0.175058 0.501085 0.175637 0.500651 0.175637 0.500434 0.176505 0.499783 0.176794 0.499783 0.177373 0.499349 0.177373 0.498915 0.178530 0.498047 0.178530 0.497396 0.178819 0.497179 0.178530 0.496962 0.178530 0.496528 0.178819 0.496311 0.178819 0.496094 0.178530 0.495877 0.178530 0.495660 0.178819 0.495443 0.178530 0.495226 0.178819 0.495009 0.178819 0.494792 0.178530 0.494575
0 0.315972 0.491536 0.314815 0.491536 0.314525 0.491319 0.314236 0.491319 0.313947 0.491536 0.313657 0.491536 0.313368 0.491319 0.311343 0.491319 0.311343 0.491536 0.307870 0.494358 0.307581 0.495009 0.307292 0.495226 0.306713 0.495226 0.302662 0.498264 0.302662 0.498481 0.301505 0.500000 0.301505 0.500434 0.300926 0.500868 0.300926 0.501953 0.300637 0.502170 0.300637 0.502604 0.300347 0.502821 0.300347 0.503689 0.299769 0.504340 0.299769 0.505859 0.300637 0.505859 0.300926 0.506076 0.301215 0.507595 0.301794 0.507595 0.302083 0.507812 0.303530 0.507812 0.303819 0.507595 0.303819 0.507161 0.304977 0.506510 0.304977 0.506293 0.305845 0.505642 0.305845 0.505425 0.306424 0.504991 0.306424 0.504774 0.307292 0.504123 0.307292 0.503906 0.307870 0.503472 0.308160 0.502821 0.309028 0.502170 0.309317 0.501519 0.310764 0.500651 0.310764 0.500434 0.311343 0.499783 0.311632 0.498698 0.312211 0.498264 0.312211 0.498047 0.312789 0.497613 0.312789 0.497396 0.313657 0.496745 0.313947 0.496745 0.314815 0.496094 0.314815 0.495877 0.315104 0.495660 0.315104 0.494792 0.316262 0.493273 0.316262 0.491753
0 0.030961 0.486545 0.030961 0.488064 0.039062 0.490668 0.039931 0.491319 0.040799 0.491536 0.042245 0.492839 0.042824 0.492839 0.043113 0.493273 0.044271 0.493490 0.045718 0.494358 0.046586 0.494358 0.047164 0.494792 0.048032 0.494792 0.050058 0.495660 0.050637 0.495660 0.051215 0.496094 0.052662 0.496094 0.054977 0.496962 0.058738 0.497830 0.059606 0.498481 0.060475 0.498481 0.062211 0.499132 0.063947 0.499349 0.064815 0.499783 0.065394 0.499783 0.065972 0.500217 0.066551 0.500217 0.067130 0.500651 0.069734 0.500651 0.069734 0.500000 0.070023 0.499783 0.069734 0.499132 0.070023 0.498698 0.069155 0.497613 0.068576 0.495660 0.066840 0.494358 0.065683 0.494141 0.063947 0.493273 0.062211 0.493056 0.061632 0.492622 0.060185 0.492405 0.058738 0.491753 0.056134 0.491319 0.052951 0.490017 0.052373 0.490017 0.051794 0.489583 0.051215 0.489583 0.050637 0.489149 0.048322 0.488932 0.046875 0.489366 0.046296 0.488932 0.044850 0.488498 0.043981 0.488715 0.042824 0.488281 0.040799 0.488281 0.040509 0.488064 0.039641 0.488064 0.037905 0.487196 0.035880 0.487196 0.033275 0.486328 0.031250 0.486328
0 0.057002 0.462891 0.057292 0.463325 0.057292 0.464844 0.057002 0.465061 0.056424 0.465061 0.056424 0.465712 0.056134 0.465929 0.056424 0.466363 0.056424 0.467231 0.057581 0.467665 0.058738 0.468533 0.059317 0.468533 0.060185 0.469618 0.061053 0.470269 0.061343 0.470269 0.063368 0.472005 0.065683 0.472873 0.066840 0.473741 0.067419 0.473524 0.068576 0.473524 0.069155 0.473090 0.069444 0.473307 0.070891 0.473524 0.072049 0.474175 0.072917 0.474392 0.074074 0.475260 0.074074 0.475477 0.075810 0.476128 0.076389 0.476562 0.077546 0.476780 0.080440 0.478082 0.081308 0.478082 0.082176 0.478516 0.084201 0.478516 0.084201 0.476997 0.083044 0.476128 0.081597 0.475911 0.080150 0.474826 0.079282 0.474826 0.076678 0.472873 0.076389 0.472873 0.075810 0.472222 0.074653 0.471788 0.074363 0.471354 0.074074 0.471354 0.070023 0.468750 0.067708 0.468750 0.067419 0.468316 0.066840 0.468099 0.066551 0.467665 0.061632 0.464193 0.061632 0.463976 0.060764 0.463759 0.059606 0.462891 0.059028 0.462674 0.057292 0.462674
0 0.732928 0.437066 0.729167 0.437066 0.729167 0.437500 0.728877 0.437717 0.728877 0.439453 0.728299 0.439887 0.728009 0.439670 0.728009 0.440104 0.727720 0.440321 0.727720 0.441189 0.727431 0.441406 0.727431 0.442708 0.727141 0.442925 0.727141 0.445530 0.726852 0.445747 0.726852 0.446832 0.726273 0.447483 0.726273 0.448351 0.725984 0.448568 0.725694 0.449653 0.725116 0.450087 0.725116 0.450955 0.724826 0.451172 0.724826 0.452908 0.723958 0.453993 0.723958 0.455729 0.724248 0.455946 0.724537 0.455946 0.724826 0.455729 0.725116 0.455729 0.725405 0.455946 0.726562 0.455946 0.727431 0.455512 0.727720 0.453993 0.728299 0.453559 0.728299 0.452691 0.728588 0.452474 0.728588 0.452040 0.728877 0.451823 0.728877 0.450738 0.729167 0.450521 0.728877 0.450304 0.729456 0.449653 0.729456 0.448785 0.729745 0.448568 0.729745 0.448351 0.730613 0.447700 0.730613 0.447049 0.731192 0.446615 0.731192 0.445095 0.731481 0.444878 0.731771 0.445095 0.731771 0.444444 0.732060 0.444227 0.732060 0.443576 0.732350 0.443359 0.732350 0.442708 0.732639 0.442491 0.732639 0.440755 0.732928 0.440538 0.732928 0.439887 0.733218 0.439670 0.733218 0.437283
0 0.048611 0.419271 0.048900 0.422743 0.050637 0.425781 0.050926 0.427083 0.052373 0.429253 0.052662 0.430773 0.054109 0.432292 0.054398 0.433160 0.054109 0.433377 0.054109 0.435113 0.054977 0.435981 0.054688 0.436415 0.055556 0.437283 0.055556 0.438151 0.056424 0.439453 0.056713 0.439236 0.057581 0.440104 0.057292 0.440755 0.057581 0.440538 0.058738 0.442057 0.061343 0.442274 0.061921 0.440538 0.061053 0.439887 0.061343 0.439236 0.061053 0.439019 0.060764 0.435981 0.061053 0.435764 0.062211 0.436415 0.062500 0.437717 0.065394 0.441623 0.067419 0.443142 0.068287 0.444227 0.069155 0.444227 0.070023 0.444878 0.071470 0.447049 0.073206 0.447266 0.072917 0.444878 0.069155 0.441189 0.067419 0.440321 0.064525 0.436415 0.064236 0.435113 0.061053 0.432509 0.058449 0.431424 0.057870 0.429470 0.055845 0.426866 0.055845 0.426215 0.052951 0.421441 0.051215 0.419488
0 0.051215 0.417101 0.050926 0.417101 0.050637 0.416884 0.050347 0.417101 0.049190 0.417101 0.049190 0.418620 0.051215 0.418620
0 0.750289 0.394531 0.748264 0.394531 0.747975 0.394748 0.747975 0.395833 0.747396 0.396701 0.747396 0.398438 0.747106 0.398655 0.747106 0.399523 0.746817 0.399740 0.746528 0.401259 0.745370 0.402344 0.745370 0.403212 0.744792 0.403646 0.744792 0.404297 0.744502 0.404514 0.744502 0.405599 0.744213 0.405816 0.744213 0.408420 0.743345 0.409288 0.743345 0.413845 0.743634 0.414062 0.743634 0.415365 0.743924 0.415582 0.744213 0.415365 0.744792 0.415799 0.744792 0.416884 0.745660 0.416884 0.745949 0.416667 0.746528 0.416884 0.747396 0.416016 0.747396 0.415582 0.747975 0.414931 0.747975 0.413628 0.748553 0.412977 0.748553 0.411892 0.749132 0.411241 0.749132 0.409939 0.749421 0.409722 0.749132 0.409505 0.749711 0.409071 0.750289 0.409071 0.750289 0.408203 0.750579 0.407986 0.750579 0.407118 0.750868 0.406901 0.750868 0.405599 0.751157 0.405382 0.751157 0.403863 0.751447 0.403646 0.751447 0.401693 0.751736 0.401476 0.751736 0.400174 0.751447 0.399957 0.751447 0.399306 0.751157 0.399089 0.751157 0.398220 0.750868 0.398003 0.750868 0.397352 0.750579 0.397135 0.750579 0.394965
0 0.414641 0.319010 0.414352 0.320747 0.413773 0.320964 0.414062 0.327040 0.413194 0.327691 0.413773 0.330295 0.411458 0.330295 0.412326 0.335069 0.413484 0.336589 0.414931 0.340495 0.416667 0.342231 0.419560 0.349392 0.424479 0.355686 0.426505 0.355686 0.426505 0.354167 0.425058 0.352648 0.424479 0.350694 0.422164 0.347222 0.422454 0.346354 0.427662 0.353299 0.429688 0.359592 0.436343 0.369358 0.436053 0.370009 0.436921 0.370877 0.438947 0.370660 0.438947 0.369141 0.437789 0.366970 0.431424 0.358290 0.430266 0.353516 0.428819 0.351345 0.430266 0.350477 0.427373 0.341146 0.423900 0.338108 0.422164 0.335720 0.421007 0.332248 0.418403 0.328559 0.416377 0.319227