0 0.268519 0.813368 0.268519 0.818359 0.293113 0.828993 0.299190 0.833116 0.307870 0.844401 0.324074 0.854601 0.335938 0.867405 0.341435 0.871311 0.354167 0.875868 0.365741 0.886936 0.383391 0.894965 0.398148 0.907986 0.426505 0.920139 0.437500 0.922526 0.455150 0.935547 0.468750 0.940755 0.475405 0.946832 0.480324 0.947700 0.481192 0.937934 0.473380 0.908203 0.467303 0.895616 0.456887 0.884115 0.449942 0.872396 0.443287 0.869575 0.438368 0.870226 0.447049 0.908420 0.437211 0.898438 0.369502 0.860243 0.357350 0.850694 0.338542 0.840929 0.328414 0.832465 0.311632 0.826389 0.293692 0.813368 0.285012 0.810547 0.272569 0.810547
0 0.179398 0.767361 0.179398 0.771484 0.182581 0.774957 0.182581 0.776042 0.186053 0.781901 0.186343 0.783637 0.190683 0.787760 0.190972 0.788845 0.194444 0.791450 0.197627 0.792535 0.197917 0.793186 0.201100 0.793403 0.201389 0.794054 0.202836 0.794271 0.206887 0.794054 0.207176 0.793403 0.210359 0.793186 0.212095 0.792318 0.217882 0.792535 0.218750 0.793186 0.222801 0.793403 0.223380 0.794054 0.225405 0.794271 0.225694 0.794922 0.228588 0.794922 0.230324 0.795790 0.232639 0.796007 0.239583 0.800347 0.240741 0.802083 0.243056 0.803385 0.243924 0.804470 0.243924 0.805773 0.244792 0.806424 0.247396 0.806207 0.249132 0.803602 0.252025 0.803602 0.252315 0.799262 0.254340 0.797526 0.254340 0.795139 0.252894 0.794054 0.248843 0.792752 0.244213 0.789062 0.242766 0.788845 0.241609 0.787109 0.234954 0.782986 0.233218 0.780816 0.226562 0.775825 0.223669 0.774306 0.221933 0.772569 0.220486 0.772352 0.217882 0.770833 0.217303 0.769965 0.214120 0.768880 0.210938 0.768880 0.209201 0.768012 0.203704 0.768012 0.203414 0.767361 0.201389 0.767144
0 0.713542 0.736328 0.711806 0.736328 0.711516 0.737413 0.710359 0.738281 0.710359 0.740017 0.709491 0.740451 0.708333 0.742622 0.707176 0.743056 0.706887 0.744358 0.704861 0.745660 0.704282 0.747830 0.699074 0.751736 0.699074 0.752387 0.697917 0.753689 0.695602 0.755208 0.695312 0.755859 0.694444 0.756076 0.694444 0.756510 0.689815 0.759549 0.689815 0.760200 0.686343 0.763021 0.686343 0.765408 0.688368 0.765408 0.691840 0.762804 0.691840 0.762370 0.694155 0.761285 0.701968 0.755208 0.704861 0.754340 0.705729 0.754557 0.705729 0.755208 0.704861 0.756076 0.704572 0.757812 0.703704 0.758464 0.701678 0.762587 0.699942 0.764323 0.699653 0.766059 0.698206 0.767144 0.698206 0.768663 0.700231 0.768663 0.701968 0.767578 0.703993 0.765408 0.705729 0.765408 0.706019 0.763672 0.706887 0.763021 0.707465 0.761719 0.708044 0.762153 0.708333 0.763672 0.710359 0.763672 0.710648 0.760200 0.711806 0.758681 0.711806 0.756293 0.712674 0.755859 0.712963 0.754774 0.712963 0.746528 0.714120 0.745009 0.714120 0.742839 0.716146 0.740451 0.716146 0.738715 0.714699 0.738715 0.714120 0.738281 0.714120 0.736979
0 0.282407 0.724175 0.282407 0.725477 0.283565 0.726345 0.287905 0.727431 0.291667 0.728950 0.292824 0.728950 0.296586 0.730686 0.297743 0.731771 0.299769 0.732422 0.307581 0.738498 0.307870 0.739366 0.310185 0.740451 0.311343 0.740451 0.313368 0.741970 0.315972 0.742839 0.317708 0.744141 0.324074 0.747396 0.324074 0.748264 0.336516 0.756944 0.336806 0.757812 0.338831 0.759332 0.340278 0.759549 0.341435 0.761068 0.344618 0.761068 0.344907 0.757812 0.340567 0.753689 0.340278 0.752604 0.336227 0.750000 0.334201 0.748047 0.332755 0.747830 0.322627 0.741753 0.317419 0.740234 0.315683 0.738498 0.312500 0.736545 0.312500 0.736111 0.309896 0.734809 0.309896 0.734375 0.305845 0.731337 0.305266 0.730035 0.303530 0.729601 0.301215 0.727648 0.299190 0.727214 0.298322 0.726562 0.292535 0.726562 0.285301 0.724609 0.284433 0.723958
0 0.224826 0.681424 0.224826 0.682943 0.228588 0.683160 0.229745 0.684028 0.241030 0.687500 0.245081 0.689453 0.246528 0.690755 0.249711 0.692057 0.253183 0.694878 0.258391 0.696832 0.261574 0.699219 0.266493 0.701172 0.268519 0.702908 0.270833 0.703776 0.271701 0.703776 0.273438 0.705512 0.274595 0.705729 0.275463 0.706380 0.276620 0.706380 0.278356 0.707248 0.279803 0.707031 0.279803 0.703993 0.278646 0.703125 0.278646 0.702474 0.276620 0.701389 0.276331 0.700738 0.273727 0.698785 0.272280 0.698568 0.270544 0.696398 0.264178 0.692491 0.251736 0.687500 0.248553 0.685764 0.243634 0.684028 0.239005 0.681424 0.236400 0.681424 0.233218 0.680556 0.225984 0.680556 0.225984 0.680990
0 0.039352 0.597222 0.039352 0.600477 0.045139 0.609158 0.050926 0.613064 0.058738 0.621094 0.058738 0.623264 0.062211 0.629557 0.063657 0.636068 0.066840 0.642795 0.067998 0.649957 0.070602 0.656901 0.074074 0.660807 0.075231 0.663845 0.078704 0.667101 0.085359 0.678385 0.085648 0.680339 0.087963 0.682509 0.091435 0.693359 0.094907 0.696832 0.096933 0.696832 0.096065 0.678385 0.094907 0.677300 0.094618 0.673611 0.093750 0.673394 0.092303 0.663194 0.087963 0.656250 0.081887 0.640625 0.079861 0.639106 0.077257 0.633681 0.075231 0.632161 0.069155 0.618924 0.063657 0.613932 0.062211 0.611111 0.061053 0.611111 0.059896 0.609375 0.057292 0.608290 0.046007 0.598958 0.042824 0.597222
0 0.575231 0.493924 0.573785 0.498264 0.577257 0.513238 0.578704 0.540582 0.584491 0.562934 0.581019 0.577691 0.576100 0.562500 0.574942 0.549913 0.571759 0.549045 0.574074 0.567491 0.572627 0.601780 0.574074 0.609809 0.576389 0.610243 0.578704 0.616536 0.579572 0.632812 0.578125 0.652127 0.574942 0.662109 0.574942 0.672092 0.577257 0.672743 0.576100 0.677300 0.578414 0.677734 0.587674 0.672526 0.599248 0.653212 0.600694 0.643663 0.607350 0.633464 0.607639 0.627387 0.613426 0.613064 0.611979 0.606771 0.616609 0.566189 0.615741 0.520833 0.610822 0.514323 0.599248 0.504340 0.596354 0.504340 0.593750 0.508898 0.593171 0.518446 0.584491 0.505425 0.584201 0.499132
0 0.304977 0.454427 0.304688 0.454210 0.302373 0.454210 0.301505 0.454644 0.299479 0.454644 0.299190 0.454427 0.298611 0.454644 0.295428 0.454644 0.294560 0.454861 0.291667 0.456380 0.280382 0.456380 0.280093 0.456597 0.275463 0.456597 0.275174 0.456814 0.271412 0.456814 0.271123 0.457031 0.267650 0.457031 0.267361 0.457248 0.263310 0.457248 0.262731 0.457465 0.262731 0.458984 0.263021 0.459201 0.266782 0.459201 0.267072 0.458984 0.271701 0.458984 0.271991 0.458767 0.280382 0.458550 0.280671 0.458333 0.290799 0.458333 0.291088 0.458550 0.292535 0.458116 0.293981 0.458116 0.296586 0.456597 0.300926 0.456597 0.301215 0.456380 0.302951 0.456380 0.304688 0.455729 0.304688 0.454644
0 0.209780 0.426215 0.208333 0.428168 0.208044 0.427734 0.205729 0.427951 0.204572 0.429036 0.204572 0.434462 0.205729 0.436198 0.205729 0.446832 0.206597 0.449002 0.206887 0.457248 0.208044 0.458984 0.208044 0.466580 0.209780 0.468750 0.210359 0.474609 0.211516 0.476345 0.211516 0.483073 0.212674 0.484375 0.212674 0.493490 0.213831 0.494792 0.213831 0.502387 0.214988 0.502821 0.214988 0.508247 0.219329 0.508681 0.225116 0.503038 0.231192 0.499132 0.231481 0.489149 0.233796 0.486545 0.233796 0.483724 0.232060 0.481554 0.230324 0.481337 0.230324 0.478299 0.229167 0.476780 0.228009 0.472439 0.226852 0.471354 0.226852 0.468750 0.225694 0.467665 0.225694 0.463542 0.224537 0.463108 0.224537 0.457682 0.223380 0.456380 0.223380 0.453125 0.222222 0.452691 0.222222 0.450955 0.219907 0.447917 0.219907 0.446181 0.217593 0.444227 0.216435 0.439453 0.214988 0.438151 0.213831 0.430556 0.212963 0.429905 0.212674 0.427951 0.211227 0.426215
0 0.470486 0.372179 0.469618 0.372830 0.469618 0.374349 0.470775 0.375868 0.469907 0.376736 0.469618 0.379991 0.468750 0.380208 0.468171 0.391927 0.464120 0.382812 0.458333 0.376302 0.458044 0.375000 0.454861 0.375000 0.454861 0.376302 0.452836 0.376953 0.452836 0.378906 0.455150 0.382595 0.453704 0.383030 0.454861 0.387804 0.458044 0.392795 0.462963 0.404514 0.468750 0.412760 0.471065 0.418620 0.471933 0.424262 0.473958 0.426215 0.474537 0.441623 0.475405 0.441840 0.475984 0.444227 0.478588 0.444227 0.479167 0.443359 0.481192 0.443142 0.481192 0.414931 0.480324 0.414280 0.480324 0.408420 0.478009 0.397786 0.476852 0.397352 0.476562 0.393880 0.475694 0.393229 0.475694 0.381076 0.474537 0.379123 0.474537 0.375868 0.473669 0.375000 0.473380 0.372396
0 0.416667 0.356771 0.416377 0.359375 0.417535 0.360894 0.417535 0.365885 0.418692 0.367188 0.418692 0.370877 0.419850 0.372179 0.419850 0.375868 0.421007 0.377387 0.421007 0.379123 0.422164 0.380859 0.422454 0.382595 0.423322 0.383464 0.423322 0.386719 0.424769 0.389106 0.425926 0.395616 0.426794 0.396267 0.427083 0.398220 0.429109 0.400608 0.429398 0.402561 0.430556 0.403429 0.431713 0.406901 0.434028 0.408203 0.436053 0.411024 0.436343 0.412977 0.437211 0.413194 0.437500 0.415582 0.438657 0.415582 0.439525 0.416233 0.440972 0.419054 0.446181 0.419054 0.446470 0.416884 0.445602 0.416450 0.445312 0.413194 0.444155 0.411892 0.444155 0.409722 0.442130 0.407769 0.441840 0.402778 0.440972 0.402561 0.440683 0.399306 0.439525 0.398220 0.439525 0.396918 0.438368 0.395399 0.438368 0.394097 0.437500 0.393446 0.437211 0.391493 0.436343 0.390842 0.436053 0.388889 0.435185 0.388238 0.434896 0.386285 0.432292 0.381293 0.429398 0.377387 0.426794 0.371311 0.424769 0.368707 0.424769 0.366753 0.423900 0.366102 0.421586 0.359809 0.418981 0.356771
0 0.162616 0.338542 0.161169 0.338542 0.158565 0.342448 0.156250 0.342882 0.154803 0.344184 0.153935 0.346788 0.154225 0.349175 0.149306 0.356771 0.144965 0.366536 0.131944 0.385417 0.129630 0.392361 0.127315 0.395616 0.125000 0.401476 0.123553 0.402995 0.123264 0.405599 0.122396 0.406250 0.122396 0.408854 0.121238 0.410590 0.120081 0.416667 0.120370 0.420790 0.122685 0.420790 0.123843 0.419922 0.125000 0.414931 0.127315 0.414714 0.128472 0.413628 0.128472 0.406467 0.130787 0.404297 0.131655 0.400174 0.133102 0.398872 0.133970 0.394965 0.136285 0.392361 0.136574 0.389757 0.143808 0.378038 0.146123 0.375651 0.147859 0.371094 0.151042 0.365885 0.151620 0.361979 0.155093 0.355469 0.158275 0.351997 0.157986 0.347656 0.162905 0.340061
0 0.252894 0.306424 0.251157 0.306424 0.250000 0.307292 0.249421 0.311198 0.248553 0.311849 0.248553 0.316623 0.246238 0.320312 0.245081 0.328776 0.243924 0.330078 0.243924 0.334852 0.242766 0.336155 0.242766 0.346571 0.241609 0.348090 0.241609 0.354384 0.240451 0.356337 0.240451 0.359158 0.239294 0.359592 0.239005 0.364366 0.237847 0.365451 0.237847 0.370877 0.235822 0.375434 0.235822 0.378255 0.234664 0.379340 0.234664 0.382161 0.233507 0.383030 0.233218 0.392361 0.233507 0.395616 0.234664 0.396050 0.234664 0.402561 0.238426 0.402561 0.239583 0.401476 0.239873 0.399523 0.241898 0.398655 0.242188 0.378472 0.246238 0.357639 0.247685 0.355469 0.247685 0.347873 0.248843 0.347005 0.248843 0.340278 0.250000 0.338976 0.250000 0.335720 0.251157 0.334635 0.251157 0.332248 0.252315 0.331380 0.253472 0.323568 0.254630 0.322266 0.254630 0.319444 0.255787 0.318142 0.255787 0.316406 0.253472 0.315538 0.253472 0.313585 0.252604 0.313151 0.253472 0.312283
0 0.481481 0.292535 0.481481 0.301866 0.482350 0.302083 0.483796 0.308594 0.486111 0.311415 0.489583 0.326823 0.490451 0.327257 0.490741 0.347656 0.491609 0.348524 0.491609 0.355252 0.488137 0.367188 0.486979 0.376085 0.485822 0.377821 0.483507 0.395616 0.480035 0.401693 0.480324 0.402561 0.483218 0.401910 0.485822 0.402561 0.488137 0.399089 0.489583 0.391927 0.491609 0.389323 0.493056 0.383681 0.496528 0.377604 0.496528 0.374566 0.498843 0.368924 0.498843 0.360026 0.497685 0.357639 0.498843 0.355903 0.498843 0.351345 0.500000 0.350477 0.500000 0.328993 0.497396 0.316623 0.495370 0.315755 0.491898 0.309245 0.489583 0.299262 0.487269 0.297092 0.486979 0.292535
0 0.310185 0.256076 0.310185 0.257595 0.311921 0.258247 0.312789 0.259549 0.313657 0.260200 0.314525 0.260200 0.314815 0.260851 0.317419 0.262804 0.318576 0.262804 0.319734 0.263672 0.321181 0.263672 0.322049 0.264540 0.322917 0.264540 0.325521 0.266276 0.326389 0.266276 0.327546 0.267144 0.328414 0.267144 0.328993 0.268012 0.330729 0.268229 0.332465 0.269748 0.333623 0.269965 0.335648 0.271484 0.337095 0.271701 0.340567 0.274089 0.343461 0.275174 0.343750 0.275825 0.344618 0.276042 0.345197 0.276693 0.346354 0.276910 0.348380 0.278429 0.348958 0.278429 0.351852 0.280599 0.353009 0.282552 0.355324 0.284071 0.356481 0.286241 0.357060 0.286241 0.357928 0.287109 0.359664 0.286892 0.359664 0.284722 0.358796 0.284505 0.358507 0.283203 0.357350 0.282552 0.357350 0.282118 0.356481 0.281467 0.356192 0.279514 0.355035 0.279514 0.352431 0.276910 0.351273 0.276693 0.350405 0.276042 0.349826 0.276042 0.348958 0.275174 0.346354 0.274306 0.345775 0.273438 0.344618 0.273220 0.342303 0.271701 0.341725 0.271701 0.341146 0.270833 0.339699 0.270616 0.328414 0.262370 0.315394 0.257378 0.314525 0.256727 0.314525 0.256076 0.313368 0.255425 0.311343 0.255425 0.310764 0.256076
0 0.406539 0.185764 0.406250 0.187934 0.408565 0.189453 0.407407 0.190321 0.407407 0.192491 0.412616 0.196615 0.413194 0.199219 0.419271 0.208333 0.429109 0.214844 0.434317 0.220269 0.436343 0.220486 0.439815 0.223090 0.442130 0.226997 0.444444 0.228950 0.448495 0.228950 0.449074 0.231771 0.450231 0.232422 0.455729 0.232422 0.456887 0.231554 0.456887 0.230035 0.455150 0.228299 0.450231 0.219401 0.447917 0.211155 0.445602 0.209418 0.433738 0.190972 0.429398 0.186415 0.429109 0.184896 0.428241 0.184245 0.424769 0.184028 0.424190 0.183160 0.422743 0.183160 0.422454 0.184462 0.424479 0.185764 0.424769 0.187283 0.427083 0.188585 0.427083 0.191406 0.429109 0.192708 0.433738 0.199436 0.434028 0.201172 0.439815 0.207248 0.442998 0.212457 0.442708 0.213325 0.436921 0.209201 0.434317 0.208333 0.429109 0.203342 0.427083 0.202474 0.422454 0.197700 0.419850 0.192708 0.417245 0.190104 0.413194 0.188368 0.411748 0.186632 0.409433 0.185764
0 0.447917 0.124132 0.446759 0.125000 0.446759 0.126519 0.447627 0.127387 0.447917 0.131293 0.448785 0.133247 0.449074 0.138889 0.451100 0.143663 0.451100 0.149089 0.452257 0.152778 0.452546 0.157769 0.454861 0.163194 0.455729 0.167969 0.456887 0.169054 0.458044 0.173611 0.457755 0.174913 0.458333 0.176432 0.459201 0.176866 0.459201 0.179688 0.461227 0.184028 0.461516 0.186415 0.464699 0.186198 0.466146 0.189236 0.466435 0.192491 0.468461 0.192491 0.468750 0.189236 0.470775 0.188151 0.470775 0.185764 0.469907 0.185113 0.469907 0.177951 0.467593 0.172309 0.467303 0.169271 0.466435 0.169054 0.466435 0.166233 0.464410 0.165799 0.462963 0.163845 0.462674 0.160590 0.461806 0.159939 0.461806 0.155165 0.460648 0.153212 0.459201 0.147569 0.458044 0.146484 0.458044 0.144748 0.453704 0.137804 0.452257 0.131727 0.451100 0.129557 0.449942 0.124132