0 0.890914 0.920139 0.890914 0.925130 0.896123 0.930122 0.895544 0.932075 0.898148 0.933377 0.902488 0.934245 0.914352 0.938585 0.922743 0.940538 0.925926 0.942057 0.929109 0.942057 0.930556 0.942925 0.935764 0.943793 0.938657 0.945530 0.942419 0.946398 0.945891 0.948134 0.947627 0.948134 0.949942 0.949653 0.956597 0.951606 0.960359 0.953776 0.964410 0.954644 0.966435 0.955946 0.971065 0.955946 0.972801 0.956814 0.975694 0.956814 0.980903 0.958984 0.984954 0.959418 0.988426 0.960938 0.991319 0.961155 0.995370 0.962674 0.998553 0.962674 0.998553 0.960720 0.997396 0.959852 0.989873 0.957248 0.984954 0.953559 0.984954 0.952908 0.983218 0.952691 0.980035 0.950304 0.978588 0.950087 0.969329 0.942708 0.964120 0.940538 0.962963 0.940755 0.960938 0.939236 0.955150 0.937283 0.954572 0.936415 0.949653 0.935330 0.947917 0.934028 0.942708 0.932943 0.939236 0.931207 0.934317 0.930339 0.931134 0.928602 0.928819 0.928385 0.923322 0.925130 0.921875 0.925130 0.916377 0.922526 0.909433 0.921658 0.907986 0.920790 0.902778 0.920573 0.898148 0.919271
0 0.889757 0.851562 0.881944 0.851562 0.875000 0.854818 0.869213 0.863932 0.868924 0.866536 0.863426 0.869792 0.859664 0.874132 0.859664 0.882595 0.857639 0.889757 0.848090 0.902127 0.846644 0.908637 0.842593 0.914714 0.834201 0.955078 0.831887 0.956380 0.828414 0.967231 0.828414 0.971788 0.824074 0.979167 0.822627 0.986545 0.818287 0.994792 0.818287 0.997179 0.820312 0.998915 0.829572 0.998047 0.833333 0.983073 0.839120 0.975043 0.843461 0.962240 0.847512 0.957248 0.848380 0.959852 0.850405 0.959852 0.853299 0.957465 0.858796 0.948785 0.861111 0.941406 0.865451 0.937283 0.869213 0.924696 0.869213 0.919271 0.874711 0.909505 0.877315 0.897569 0.881655 0.897569 0.884549 0.893229 0.885706 0.884549 0.888021 0.880859 0.886863 0.874566 0.889178 0.873698 0.892072 0.861111 0.890046 0.860677
0 0.399016 0.550347 0.396412 0.550130 0.392361 0.552734 0.392072 0.555339 0.390046 0.557292 0.386285 0.565755 0.371528 0.578125 0.367766 0.586155 0.360822 0.593750 0.352720 0.610460 0.348380 0.613715 0.342593 0.620660 0.338831 0.638672 0.338831 0.648003 0.334201 0.667318 0.334491 0.672526 0.336516 0.672526 0.337095 0.671658 0.337963 0.672526 0.341146 0.672526 0.343750 0.670790 0.346065 0.663845 0.357350 0.650174 0.358796 0.646484 0.362269 0.644314 0.362269 0.642144 0.365451 0.638889 0.371528 0.628255 0.372685 0.623264 0.377315 0.617839 0.379630 0.612196 0.381944 0.610677 0.381944 0.608941 0.384259 0.606337 0.387442 0.597222 0.393519 0.587457 0.396991 0.579210 0.396991 0.577474 0.395544 0.576823 0.396123 0.570530 0.400463 0.562283 0.400463 0.556207 0.402488 0.554688 0.402488 0.552951
0 0.337674 0.536458 0.335069 0.536458 0.334491 0.536892 0.333044 0.541450 0.330729 0.543403 0.330729 0.545356 0.329861 0.545790 0.329572 0.547092 0.328704 0.547526 0.324942 0.553819 0.322917 0.555556 0.321759 0.557943 0.317130 0.562283 0.315972 0.564887 0.313079 0.567708 0.311343 0.568576 0.305556 0.576389 0.305266 0.577908 0.304109 0.578993 0.304109 0.580946 0.302951 0.582031 0.302951 0.585938 0.301794 0.586806 0.301794 0.588108 0.300926 0.588542 0.300637 0.590061 0.299769 0.590278 0.299479 0.592014 0.298611 0.592882 0.298611 0.594401 0.300637 0.595052 0.298322 0.600694 0.298900 0.602431 0.301215 0.601780 0.304398 0.592665 0.306424 0.591146 0.307002 0.588976 0.309028 0.586155 0.309028 0.583984 0.312500 0.579210 0.312500 0.577908 0.313657 0.576172 0.315972 0.575304 0.317998 0.573568 0.320891 0.568793 0.322627 0.567491 0.324074 0.564670 0.325231 0.563802 0.325231 0.561849 0.326389 0.560981 0.326389 0.559245 0.327257 0.558811 0.327546 0.556641 0.328414 0.556207 0.329861 0.552300 0.331019 0.551432 0.331019 0.550130 0.333044 0.547743 0.333333 0.545790 0.335648 0.542969 0.336806 0.539062 0.337674 0.538194
0 0.821470 0.493924 0.817708 0.493707 0.813368 0.495660 0.806713 0.495660 0.785590 0.500434 0.783565 0.501519 0.768808 0.504123 0.739583 0.504991 0.737558 0.505859 0.731481 0.505859 0.730613 0.504991 0.714120 0.504991 0.712674 0.504123 0.709780 0.504123 0.709201 0.505859 0.687500 0.505859 0.684028 0.506944 0.683738 0.508464 0.684028 0.509332 0.687211 0.509549 0.688368 0.510417 0.704282 0.510417 0.704861 0.511068 0.707176 0.511068 0.708044 0.510417 0.740451 0.510417 0.742766 0.509549 0.758970 0.509549 0.760417 0.508681 0.766782 0.508681 0.769387 0.507812 0.778356 0.507812 0.779803 0.506944 0.786458 0.506944 0.787326 0.506076 0.789641 0.506076 0.790509 0.505208 0.792535 0.504991 0.792824 0.503472 0.800637 0.502387 0.805266 0.500868 0.810185 0.501519 0.812211 0.500651 0.813947 0.498481 0.821181 0.495660
0 0.821470 0.485243 0.809028 0.485026 0.808160 0.485894 0.801794 0.485894 0.799190 0.486762 0.786169 0.486762 0.784433 0.487630 0.758681 0.487630 0.756655 0.488498 0.740741 0.488498 0.739294 0.489366 0.727431 0.489366 0.725984 0.490234 0.721065 0.490234 0.719618 0.491102 0.703993 0.490885 0.692998 0.493056 0.691551 0.492188 0.689525 0.492188 0.683738 0.494792 0.684028 0.500651 0.686343 0.501085 0.684028 0.501736 0.684028 0.503255 0.687789 0.503689 0.689815 0.502604 0.693287 0.502604 0.698495 0.500868 0.702257 0.500651 0.703125 0.499783 0.712095 0.497396 0.715856 0.497396 0.717303 0.495660 0.719618 0.494792 0.739294 0.493924 0.741609 0.493056 0.750868 0.492839 0.751447 0.492188 0.762731 0.492188 0.764468 0.491536 0.770544 0.492188 0.773438 0.491319 0.782118 0.491319 0.784433 0.490451 0.790509 0.490451 0.794271 0.489583 0.805845 0.489583 0.807581 0.488715 0.813079 0.488715 0.813657 0.487847 0.819155 0.487630 0.821470 0.486979
0 0.382812 0.465278 0.377894 0.466363 0.375579 0.468316 0.372975 0.472656 0.370081 0.472439 0.367766 0.481771 0.365741 0.482639 0.365451 0.484809 0.364005 0.486111 0.364294 0.490234 0.363137 0.491536 0.363137 0.494358 0.361979 0.495009 0.361979 0.498698 0.361111 0.499132 0.358507 0.508247 0.357350 0.508898 0.357060 0.513672 0.354167 0.522569 0.353877 0.527778 0.352720 0.529297 0.352720 0.533203 0.351562 0.534722 0.351562 0.542752 0.356192 0.543403 0.357639 0.539714 0.358507 0.539497 0.358507 0.546007 0.357350 0.547526 0.357350 0.561632 0.358796 0.567491 0.360822 0.567491 0.363426 0.562717 0.363426 0.558594 0.365741 0.550998 0.365741 0.545790 0.368056 0.539714 0.368056 0.534288 0.369213 0.532986 0.369213 0.524957 0.370370 0.523220 0.370370 0.518229 0.369213 0.515842 0.370370 0.513672 0.370370 0.508030 0.371528 0.507161 0.371528 0.504557 0.372685 0.503472 0.372685 0.484592 0.379630 0.471571 0.382812 0.468533
0 0.661748 0.469618 0.660012 0.469618 0.659722 0.468750 0.653935 0.469401 0.649595 0.468316 0.639468 0.468533 0.636863 0.467665 0.630498 0.467665 0.627894 0.466580 0.616609 0.465712 0.614005 0.464844 0.600116 0.465929 0.593461 0.470486 0.591435 0.473741 0.583333 0.481554 0.567130 0.490234 0.562211 0.496745 0.561053 0.502170 0.564815 0.504340 0.571470 0.504340 0.575231 0.503255 0.582176 0.498481 0.583333 0.498915 0.583333 0.500000 0.585648 0.499783 0.600405 0.488281 0.613426 0.479384 0.614294 0.480035 0.612847 0.481988 0.609664 0.484375 0.610243 0.487847 0.619792 0.487847 0.620949 0.486979 0.623553 0.486979 0.638889 0.480035 0.643808 0.480035 0.646412 0.483290 0.646701 0.486762 0.648727 0.487630 0.651331 0.487630 0.657118 0.484809 0.656250 0.482639 0.661748 0.473090
0 0.426794 0.454861 0.424769 0.454861 0.423611 0.455729 0.421007 0.460938 0.418981 0.462674 0.411748 0.480469 0.408565 0.483507 0.406829 0.486545 0.401620 0.491319 0.401331 0.493056 0.399306 0.495660 0.399016 0.498264 0.396991 0.500000 0.396701 0.502170 0.392940 0.507812 0.387731 0.525174 0.387731 0.527561 0.390336 0.527127 0.393519 0.529297 0.396701 0.529731 0.398148 0.536241 0.401620 0.540582 0.403935 0.541667 0.407407 0.541884 0.408565 0.541233 0.408854 0.535807 0.410880 0.534505 0.412037 0.530599 0.414062 0.529297 0.414352 0.527127 0.415509 0.526476 0.415509 0.523220 0.416667 0.521918 0.416667 0.517144 0.417824 0.516276 0.417824 0.511936 0.418981 0.511068 0.418981 0.505208 0.420139 0.504123 0.420428 0.496528 0.421586 0.494792 0.421296 0.489366 0.422454 0.488064 0.422454 0.485026 0.423611 0.483941 0.425926 0.475694 0.427083 0.474392 0.427083 0.472005 0.429398 0.468533 0.429398 0.459201 0.427951 0.455729
0 0.726562 0.359375 0.724537 0.359375 0.724248 0.361545 0.722222 0.364583 0.721065 0.367405 0.720775 0.370660 0.719907 0.371311 0.719618 0.374132 0.718171 0.375868 0.716435 0.381944 0.716146 0.386719 0.714988 0.388889 0.714988 0.393880 0.713831 0.395616 0.713831 0.400391 0.712674 0.401910 0.712674 0.411241 0.711516 0.412977 0.711516 0.416884 0.712095 0.417318 0.713542 0.417318 0.714410 0.416450 0.716146 0.416450 0.716435 0.415148 0.718461 0.414714 0.718750 0.414062 0.718750 0.398872 0.719907 0.395182 0.719907 0.388021 0.721065 0.385417 0.721065 0.381944 0.722222 0.379774 0.722222 0.378038 0.724248 0.375000 0.724537 0.372830 0.725405 0.372179 0.725694 0.370443 0.726562 0.369792 0.726562 0.368056 0.725984 0.368056 0.725694 0.367405 0.726562 0.366319 0.726852 0.363064 0.727720 0.362630 0.727720 0.361111 0.726852 0.360460
0 0.715856 0.354167 0.714410 0.354167 0.713542 0.355903 0.712674 0.355469 0.712674 0.355035 0.710648 0.355035 0.710359 0.355252 0.710359 0.356771 0.709201 0.358073 0.709201 0.359375 0.708333 0.360026 0.708044 0.363281 0.706887 0.364583 0.706887 0.365668 0.705729 0.367622 0.705729 0.372396 0.704861 0.373047 0.704572 0.374132 0.703704 0.375000 0.703414 0.375868 0.702546 0.376519 0.702257 0.378472 0.701100 0.379340 0.701100 0.384549 0.699942 0.385851 0.699942 0.387587 0.701100 0.388238 0.701389 0.389540 0.702836 0.389757 0.703414 0.390191 0.703704 0.391493 0.706887 0.391493 0.707176 0.391276 0.707176 0.388889 0.708333 0.387370 0.708333 0.385417 0.709491 0.384115 0.709491 0.381076 0.710648 0.379774 0.710648 0.377604 0.711806 0.376519 0.712095 0.373698 0.712674 0.372613 0.712674 0.370877 0.712963 0.370660 0.712963 0.367188 0.714410 0.365017 0.715278 0.362413 0.715278 0.360026 0.715856 0.359592 0.716435 0.358290 0.716435 0.354601
0 0.720486 0.283854 0.714988 0.284939 0.706019 0.300347 0.690972 0.312500 0.679109 0.333550 0.664352 0.351780 0.660590 0.361762 0.659433 0.370877 0.661748 0.371311 0.667824 0.358941 0.680556 0.347222 0.680266 0.352431 0.675637 0.363064 0.662905 0.383030 0.660590 0.392361 0.662037 0.414931 0.666377 0.417101 0.668692 0.432943 0.672164 0.437283 0.673322 0.442491 0.681424 0.449436 0.683738 0.449436 0.684028 0.444444 0.676215 0.429470 0.675058 0.423611 0.677083 0.423394 0.674769 0.417318 0.673611 0.399740 0.671586 0.399089 0.671007 0.395182 0.669271 0.394965 0.670139 0.388238 0.684028 0.358073 0.682870 0.353516 0.686343 0.341363 0.694155 0.328342 0.694155 0.326389 0.691262 0.327474 0.694444 0.322700 0.697627 0.323568 0.701100 0.320964 0.713831 0.305122 0.721933 0.289497
0 0.046296 0.254774 0.042824 0.254774 0.042245 0.255208 0.042245 0.255859 0.035590 0.261285 0.035301 0.262153 0.028935 0.266927 0.027778 0.267144 0.026042 0.268663 0.024306 0.269531 0.021123 0.270399 0.019965 0.271267 0.018808 0.271267 0.017361 0.273003 0.000868 0.283637 0.000579 0.285590 0.001447 0.285807 0.003472 0.285590 0.006944 0.283203 0.007812 0.283420 0.003183 0.287109 0.003472 0.289497 0.005787 0.289497 0.005787 0.289062 0.011574 0.284505 0.011863 0.283637 0.013889 0.282118 0.013889 0.281684 0.015625 0.280382 0.016204 0.280382 0.016782 0.279514 0.017361 0.279514 0.017650 0.277995 0.020255 0.276042 0.022280 0.275174 0.023148 0.275174 0.024016 0.274523 0.025463 0.274306 0.027778 0.272569 0.029803 0.271918 0.031539 0.270616 0.031539 0.269748 0.033565 0.269097 0.038484 0.265408 0.039641 0.262804 0.043981 0.259332 0.044271 0.258464 0.046007 0.257161 0.046586 0.255425
0 0.078414 0.239583 0.075810 0.239583 0.072049 0.242839 0.070891 0.242839 0.069155 0.243707 0.068866 0.244792 0.063368 0.250217 0.060475 0.252170 0.057581 0.253255 0.056713 0.253906 0.055556 0.254123 0.054688 0.254991 0.053241 0.255642 0.052373 0.256727 0.051505 0.256944 0.049479 0.258464 0.045139 0.264540 0.043692 0.265408 0.043403 0.266493 0.040220 0.269097 0.039062 0.271050 0.037905 0.271701 0.038194 0.276042 0.040509 0.276042 0.042245 0.274740 0.047743 0.269314 0.048611 0.269097 0.053241 0.265625 0.053241 0.264757 0.057581 0.261502 0.057870 0.260634 0.060475 0.259332 0.061343 0.258247 0.069155 0.252604 0.069734 0.251085 0.071759 0.249783 0.072049 0.248915 0.075521 0.246094 0.076678 0.243273 0.077546 0.242839 0.078414 0.241536
0 0.376447 0.212457 0.376157 0.214193 0.378183 0.215278 0.379630 0.218533 0.381944 0.220269 0.381944 0.222873 0.388600 0.227865 0.388889 0.228950 0.393229 0.232422 0.395544 0.235460 0.395833 0.237630 0.396701 0.238064 0.399306 0.242839 0.404803 0.247179 0.410012 0.249349 0.416088 0.254340 0.416377 0.255859 0.417535 0.256944 0.417535 0.258464 0.418403 0.258898 0.418692 0.261068 0.420718 0.263238 0.421296 0.266710 0.436053 0.276693 0.438079 0.276910 0.438657 0.276476 0.438368 0.274957 0.431713 0.270182 0.432292 0.269097 0.434028 0.268880 0.433738 0.266927 0.423900 0.256727 0.418113 0.249349 0.410880 0.244792 0.408565 0.241536 0.405093 0.239149 0.399306 0.230903 0.396991 0.228516 0.394965 0.227648 0.394676 0.226562 0.391204 0.224609 0.391204 0.223958 0.386574 0.219618 0.385417 0.217014 0.382234 0.216797 0.380787 0.215061 0.380787 0.213759 0.378762 0.212457
0 0.364873 0.082899 0.364294 0.083767 0.365741 0.087457 0.361979 0.088542 0.361690 0.091580 0.362847 0.092882 0.363137 0.095486 0.374421 0.111979 0.372975 0.111979 0.368345 0.109375 0.366898 0.107639 0.362269 0.107422 0.361979 0.110894 0.364873 0.114149 0.363137 0.114583 0.363137 0.116753 0.367766 0.121094 0.394097 0.154297 0.396701 0.154514 0.397859 0.156033 0.400463 0.156033 0.400752 0.153429 0.396991 0.147352 0.397569 0.146484 0.399884 0.146701 0.400463 0.144965 0.393808 0.137587 0.389178 0.126953 0.390625 0.127604 0.394387 0.133464 0.396991 0.134115 0.401910 0.139757 0.405093 0.139540 0.403646 0.135634 0.405093 0.135200 0.405093 0.133898 0.406539 0.133247 0.406539 0.130859 0.390336 0.113064 0.383681 0.101345 0.380208 0.097873 0.373843 0.093533 0.370081 0.088542 0.368056 0.083333
0 0.301794 0.078125 0.300926 0.081814 0.306134 0.089410 0.308449 0.094618 0.334491 0.125868 0.343171 0.133681 0.354745 0.145616 0.357060 0.146701 0.359375 0.149089 0.361111 0.149089 0.362269 0.150174 0.364583 0.149957 0.364873 0.147569 0.363715 0.145833 0.364583 0.143012 0.360243 0.139757 0.358796 0.137804 0.360243 0.136719 0.360243 0.134983 0.357928 0.130642 0.357639 0.124349 0.355324 0.122830 0.353299 0.120009 0.350405 0.118707 0.342882 0.111111 0.340278 0.105035 0.336516 0.102214 0.334201 0.102431 0.329572 0.098741 0.327836 0.098090 0.327257 0.097005 0.325810 0.096571 0.324363 0.094401 0.318576 0.090061 0.318287 0.089193 0.315683 0.087891 0.313657 0.084852 0.311053 0.083767 0.304398 0.077908