0 0.783854 0.939453 0.783565 0.941406 0.785301 0.948568 0.789931 0.956380 0.789931 0.957465 0.796296 0.963108 0.796296 0.964410 0.797454 0.965278 0.799479 0.968533 0.801505 0.970486 0.804688 0.972222 0.806134 0.973741 0.806424 0.975477 0.809317 0.978516 0.811343 0.979818 0.813368 0.982422 0.817708 0.985026 0.817998 0.985894 0.821181 0.985677 0.821759 0.986545 0.822917 0.986979 0.825521 0.986979 0.825810 0.984809 0.822049 0.980903 0.822049 0.979601 0.819155 0.975477 0.817708 0.971354 0.814525 0.967665 0.810475 0.961372 0.806424 0.957899 0.803819 0.957899 0.803241 0.961372 0.803819 0.966146 0.803241 0.966363 0.802662 0.965929 0.800347 0.960938 0.792535 0.954427 0.788194 0.946398 0.786748 0.939453
0 0.789641 0.906250 0.788773 0.910590 0.795718 0.919054 0.801505 0.931641 0.810185 0.939670 0.817998 0.952474 0.822049 0.952474 0.829282 0.959418 0.835938 0.961155 0.838831 0.960286 0.861111 0.981337 0.873264 0.999783 0.878183 0.999783 0.873553 0.991319 0.874132 0.988064 0.866609 0.979384 0.863137 0.972005 0.869792 0.976997 0.875289 0.984375 0.878472 0.984158 0.878183 0.981337 0.864583 0.965712 0.848090 0.942057 0.852720 0.924913 0.850984 0.903646 0.853299 0.894097 0.849826 0.893663 0.847222 0.895833 0.835938 0.914497 0.835069 0.922526 0.839699 0.932292 0.836516 0.931641 0.833333 0.925564 0.826678 0.923828 0.829861 0.932943 0.842593 0.949870 0.842593 0.954210 0.846933 0.962023 0.833912 0.953342 0.815104 0.929036 0.811921 0.928819 0.803530 0.922960 0.798611 0.913194 0.792824 0.906467
0 0.886863 0.869792 0.882812 0.869792 0.882523 0.870009 0.882234 0.871094 0.880787 0.873047 0.880787 0.873481 0.880208 0.873915 0.880208 0.874349 0.879630 0.875000 0.879630 0.875868 0.879051 0.876302 0.879051 0.876736 0.878472 0.877387 0.878472 0.877821 0.877894 0.878472 0.877894 0.878906 0.877025 0.879991 0.876736 0.881076 0.875579 0.882812 0.875579 0.883898 0.875000 0.884549 0.875000 0.888672 0.875289 0.888889 0.877894 0.888889 0.878183 0.888672 0.878183 0.888021 0.878762 0.887370 0.878762 0.885417 0.879051 0.885200 0.879340 0.883681 0.879919 0.883030 0.879919 0.882378 0.881655 0.879991 0.881655 0.879557 0.882234 0.878906 0.882523 0.877821 0.883970 0.875651 0.883970 0.875000 0.884549 0.874566 0.885127 0.873698 0.885995 0.873047 0.886285 0.872396 0.887153 0.871745 0.887153 0.870009
0 0.746238 0.912977 0.747396 0.902561 0.746817 0.891059 0.741609 0.871094 0.738137 0.864800 0.738137 0.862847 0.734954 0.858507 0.726852 0.857639 0.719618 0.859809 0.684028 0.858941 0.674769 0.860677 0.663484 0.860243 0.654803 0.858941 0.631076 0.861111 0.630787 0.863064 0.633681 0.867188 0.643519 0.873915 0.644097 0.875868 0.648148 0.879774 0.651620 0.890842 0.655382 0.891927 0.655093 0.894314 0.656829 0.896701 0.657407 0.901910 0.660880 0.905165 0.676794 0.908203 0.682870 0.910807 0.688368 0.911675 0.703125 0.910807 0.718461 0.913845 0.727431 0.913845 0.736690 0.912543 0.740741 0.913411
0 0.294560 0.685330 0.293981 0.687283 0.298032 0.695747 0.302083 0.702474 0.307581 0.708984 0.304109 0.707465 0.302951 0.705946 0.300058 0.705946 0.299479 0.706814 0.298900 0.706597 0.292535 0.693576 0.290220 0.693142 0.289352 0.693576 0.289352 0.697049 0.290509 0.698785 0.293981 0.710720 0.294850 0.711372 0.296586 0.711372 0.296875 0.712023 0.299479 0.712023 0.300347 0.710938 0.300926 0.711155 0.301505 0.713108 0.302951 0.713542 0.304398 0.715278 0.304398 0.717231 0.305556 0.717665 0.308449 0.721788 0.310185 0.725694 0.310185 0.727648 0.311921 0.729384 0.311921 0.730252 0.312500 0.730686 0.315683 0.730686 0.316840 0.730035 0.318287 0.727431 0.319734 0.726780 0.320891 0.723090 0.320891 0.718750 0.319155 0.715712 0.319155 0.713325 0.317998 0.711155 0.317419 0.707465 0.315972 0.704861 0.314815 0.704644 0.312789 0.702474 0.310764 0.697917 0.308160 0.697917 0.307870 0.702691 0.306424 0.702040 0.303530 0.698134 0.302373 0.695095 0.300637 0.693359 0.297164 0.685764
0 0.409433 0.680556 0.406829 0.680556 0.406250 0.679905 0.403646 0.679905 0.403067 0.680122 0.401620 0.681424 0.401042 0.682726 0.400174 0.683377 0.399884 0.684245 0.398438 0.685764 0.398148 0.686849 0.395833 0.689453 0.395833 0.689887 0.394387 0.691189 0.393519 0.691623 0.392940 0.692491 0.390914 0.694010 0.390914 0.694227 0.389178 0.695312 0.388889 0.696398 0.388021 0.697049 0.387731 0.699002 0.386574 0.700521 0.386574 0.701172 0.385995 0.702040 0.385995 0.702691 0.385706 0.702908 0.385706 0.704861 0.386863 0.704861 0.387442 0.705295 0.390336 0.705295 0.390914 0.704427 0.393229 0.702040 0.393229 0.701606 0.394097 0.701172 0.395255 0.699436 0.396701 0.698351 0.397280 0.697483 0.398148 0.697049 0.399595 0.695312 0.400463 0.694661 0.402488 0.691623 0.402488 0.690538 0.403935 0.688368 0.405093 0.687717 0.405961 0.686632 0.407697 0.685113 0.407986 0.684028 0.409722 0.683160 0.410012 0.682726 0.410012 0.680990 0.409722 0.680990
0 0.900174 0.643446 0.898727 0.645399 0.898148 0.645833 0.896412 0.645833 0.896123 0.645616 0.895833 0.645833 0.895255 0.645833 0.895255 0.652995 0.895833 0.653863 0.895833 0.658203 0.896412 0.659071 0.896412 0.659722 0.896701 0.659939 0.896701 0.660590 0.896991 0.660807 0.896991 0.661458 0.897569 0.662543 0.897569 0.664497 0.898148 0.665582 0.898148 0.666450 0.898727 0.667101 0.898727 0.668403 0.899306 0.669054 0.899306 0.669922 0.900463 0.669922 0.901042 0.670356 0.901910 0.670356 0.902199 0.670573 0.903935 0.670573 0.904225 0.670356 0.904225 0.659722 0.903935 0.659505 0.903646 0.657986 0.904225 0.657335 0.904225 0.645833 0.903067 0.645182 0.903067 0.644097 0.902778 0.643880 0.902778 0.643446
0 0.870370 0.622179 0.867477 0.622179 0.866898 0.623047 0.864873 0.624132 0.858796 0.632161 0.858796 0.633030 0.858218 0.633681 0.857060 0.637153 0.855903 0.638238 0.854745 0.640408 0.852720 0.642361 0.848958 0.648220 0.847222 0.649523 0.845486 0.652995 0.845486 0.654297 0.844329 0.655816 0.843171 0.659722 0.842593 0.660156 0.842593 0.661024 0.842014 0.661675 0.842014 0.664280 0.844907 0.664280 0.845486 0.663845 0.845775 0.662326 0.846933 0.661024 0.846933 0.659722 0.848669 0.656033 0.848669 0.654948 0.851562 0.650825 0.853299 0.649306 0.854456 0.646701 0.855613 0.645616 0.856192 0.644314 0.860822 0.639106 0.863426 0.633898 0.865451 0.631944 0.865451 0.631293 0.867188 0.629991 0.867188 0.628038 0.870660 0.624349
0 0.887731 0.582899 0.885127 0.582899 0.884838 0.583333 0.884259 0.583333 0.881076 0.586372 0.879051 0.589410 0.879051 0.590929 0.878472 0.591580 0.878472 0.595486 0.877604 0.598090 0.877894 0.599609 0.876157 0.603082 0.875579 0.605686 0.874421 0.607205 0.873843 0.609809 0.872685 0.611545 0.872106 0.613715 0.871238 0.614800 0.871238 0.615668 0.870370 0.617188 0.870370 0.618490 0.871817 0.619358 0.872396 0.623264 0.873843 0.626085 0.875000 0.627387 0.875000 0.628038 0.877894 0.629557 0.880498 0.629340 0.881076 0.628906 0.881076 0.627821 0.881655 0.627170 0.881655 0.623264 0.882234 0.622830 0.882234 0.621962 0.882812 0.621311 0.883102 0.619358 0.882812 0.615668 0.882234 0.614583 0.882234 0.611111 0.881655 0.610677 0.881655 0.606554 0.881076 0.606120 0.881076 0.600260 0.881944 0.599175 0.883391 0.595703 0.883970 0.595269 0.883970 0.594618 0.884549 0.594184 0.885706 0.589410 0.886863 0.587891 0.886863 0.586372 0.888021 0.585069
0 0.920428 0.577691 0.917245 0.577691 0.916088 0.581597 0.910590 0.588108 0.905382 0.597222 0.898148 0.618273 0.898438 0.619792 0.901331 0.619358 0.908275 0.599392 0.913484 0.590061 0.916667 0.587023 0.913194 0.624783 0.906250 0.644965 0.906539 0.649306 0.909433 0.649089 0.909433 0.646701 0.911748 0.642144 0.912905 0.635851 0.916377 0.626085 0.917535 0.619575 0.917535 0.608724 0.919271 0.599609
0 0.532407 0.576172 0.529803 0.576172 0.524016 0.580946 0.519097 0.583984 0.513889 0.589844 0.513889 0.590712 0.508391 0.595052 0.508102 0.595703 0.506366 0.596571 0.503762 0.600477 0.503183 0.600694 0.501157 0.604384 0.497975 0.607205 0.490741 0.615668 0.491030 0.617839 0.493634 0.617839 0.500289 0.609809 0.503183 0.607422 0.504630 0.607205 0.507234 0.603733 0.507812 0.601780 0.509838 0.599175 0.513310 0.596137 0.514757 0.595703 0.516782 0.594184 0.519965 0.589844 0.521701 0.588976 0.523727 0.586806 0.526620 0.584852 0.528067 0.584418 0.532118 0.581814 0.532118 0.579861 0.531539 0.579427 0.532697 0.578559
0 0.432870 0.552300 0.432581 0.552083 0.429977 0.552083 0.427662 0.553602 0.426505 0.553602 0.425347 0.554253 0.424479 0.555122 0.423611 0.555122 0.422743 0.555556 0.422454 0.556207 0.421007 0.557292 0.419560 0.557943 0.418981 0.558811 0.418403 0.559028 0.416956 0.560330 0.415509 0.560981 0.410012 0.565321 0.408275 0.565972 0.406829 0.567057 0.405382 0.567708 0.401331 0.570747 0.401331 0.572700 0.401910 0.572917 0.402488 0.572700 0.403935 0.572917 0.404225 0.572700 0.405382 0.572700 0.405961 0.572266 0.407697 0.572266 0.409722 0.571398 0.410301 0.571398 0.411458 0.570747 0.412037 0.570095 0.412616 0.570095 0.414352 0.568793 0.414641 0.568793 0.417824 0.566189 0.418981 0.565755 0.422743 0.563368 0.423611 0.563151 0.424190 0.562500 0.428530 0.559462 0.429688 0.557943 0.430266 0.557726 0.430266 0.557075 0.430845 0.556641 0.430845 0.555556 0.432581 0.555122 0.432870 0.554688
0 0.421875 0.529731 0.420718 0.529514 0.420428 0.529731 0.418692 0.529731 0.418403 0.529948 0.417824 0.529948 0.416956 0.530382 0.415799 0.530599 0.414931 0.531250 0.414352 0.531250 0.413484 0.531901 0.411458 0.532769 0.410012 0.533854 0.408275 0.534722 0.407986 0.535156 0.406829 0.535590 0.405093 0.536892 0.403356 0.537760 0.403067 0.538194 0.398148 0.541016 0.398438 0.541233 0.398438 0.541667 0.397280 0.542318 0.396123 0.542318 0.395255 0.542969 0.394097 0.543186 0.392940 0.544054 0.391782 0.544488 0.391204 0.544922 0.391204 0.546875 0.391493 0.547092 0.394097 0.547092 0.395255 0.546224 0.396701 0.545573 0.397280 0.544922 0.398148 0.544922 0.398727 0.544488 0.402199 0.544488 0.402778 0.544054 0.403646 0.544054 0.405093 0.543186 0.406250 0.543186 0.407986 0.542318 0.408854 0.542318 0.411458 0.541450 0.412616 0.540365 0.414352 0.539714 0.414931 0.538628 0.416088 0.537977 0.416377 0.537109 0.416956 0.536675 0.417245 0.536024 0.418692 0.534939 0.418981 0.534288 0.420139 0.533854 0.421296 0.532769 0.421875 0.532769 0.422164 0.532335 0.422164 0.530165
0 0.675637 0.429905 0.670428 0.430339 0.646701 0.450087 0.598669 0.480469 0.564525 0.506727 0.558738 0.515625 0.519676 0.540365 0.504630 0.553385 0.500289 0.561632 0.465278 0.590495 0.468171 0.592665 0.486979 0.578125 0.472222 0.597656 0.487558 0.585720 0.487269 0.605252 0.490451 0.605469 0.499421 0.593099 0.504340 0.592448 0.528935 0.572917 0.530671 0.566623 0.563368 0.549696 0.566840 0.551215 0.565104 0.554470 0.587963 0.557075 0.618056 0.541233 0.618634 0.538194 0.561053 0.540365 0.522569 0.553602 0.503183 0.564453 0.530961 0.539931 0.536169 0.540799 0.562500 0.520833 0.565972 0.523003 0.590567 0.504557 0.590856 0.501953 0.585069 0.503038 0.590567 0.498264 0.585938 0.496311 0.607060 0.479384 0.607060 0.485026 0.610532 0.485026 0.614294 0.480469 0.625868 0.477865 0.669560 0.441623
0 0.895544 0.429253 0.894965 0.429688 0.895255 0.429905 0.895255 0.431641 0.897859 0.433811 0.897569 0.434896 0.898148 0.435113 0.899306 0.436415 0.901042 0.437500 0.902199 0.438802 0.904514 0.440538 0.905961 0.442491 0.908565 0.444444 0.910301 0.446398 0.911458 0.447266 0.912616 0.447700 0.912905 0.448134 0.913484 0.448134 0.914931 0.449219 0.915799 0.449436 0.916956 0.450738 0.919850 0.452908 0.920428 0.453776 0.923322 0.455729 0.925058 0.455729 0.927662 0.456597 0.930266 0.456597 0.930845 0.456163 0.930845 0.454210 0.930266 0.453559 0.930266 0.452474 0.928819 0.450521 0.923611 0.447049 0.923032 0.447049 0.921875 0.445747 0.921296 0.445747 0.918981 0.444227 0.918403 0.443142 0.915799 0.441189 0.915220 0.439887 0.913484 0.438585 0.912037 0.438368 0.908565 0.436198 0.907407 0.435981 0.907118 0.435547 0.904803 0.434245 0.904803 0.433811 0.900752 0.430990 0.900174 0.430990 0.897859 0.429253
0 0.729167 0.384983 0.726562 0.385417 0.725694 0.387587 0.725116 0.388021 0.725116 0.388455 0.723958 0.389106 0.723958 0.389540 0.722801 0.389974 0.721065 0.391493 0.720197 0.391710 0.718750 0.392795 0.717882 0.393012 0.714410 0.395616 0.713252 0.397352 0.712384 0.398003 0.712384 0.398438 0.711806 0.398655 0.710648 0.400174 0.708623 0.401476 0.708333 0.402344 0.706887 0.403429 0.704861 0.404297 0.700810 0.407335 0.698495 0.409505 0.697627 0.409939 0.696759 0.410807 0.696759 0.411675 0.697049 0.411892 0.696759 0.412543 0.697049 0.412760 0.699653 0.412977 0.703414 0.409722 0.708333 0.406033 0.709780 0.405599 0.710648 0.404948 0.710938 0.404297 0.712674 0.402995 0.712674 0.402561 0.714699 0.401042 0.715567 0.399957 0.715567 0.399523 0.716435 0.399089 0.717014 0.398003 0.719618 0.395833 0.721354 0.394748 0.721933 0.394748 0.722801 0.393880 0.724537 0.393229 0.726852 0.391493 0.729456 0.388021 0.729456 0.385200
0 0.869213 0.350260 0.868056 0.350911 0.868056 0.353950 0.871528 0.359592 0.873264 0.361111 0.874421 0.362847 0.875579 0.363715 0.875000 0.366536 0.874421 0.367188 0.873553 0.369575 0.873553 0.371311 0.874132 0.372179 0.877025 0.374566 0.877315 0.375434 0.879340 0.377170 0.879630 0.378038 0.884549 0.381510 0.887442 0.384766 0.890046 0.384766 0.890914 0.383681 0.890914 0.381293 0.890336 0.380425 0.890336 0.377170 0.888021 0.372830 0.891204 0.372396 0.891493 0.371962 0.891493 0.369575 0.890625 0.368707 0.888600 0.365234 0.886574 0.362847 0.879340 0.357856 0.879051 0.357205 0.876447 0.355469 0.874711 0.352431 0.872396 0.350694 0.871817 0.350694 0.871238 0.350260 0.869792 0.350477
0 0.924190 0.329644 0.921296 0.329861 0.920718 0.330729 0.920139 0.334201 0.918403 0.337674 0.918403 0.340495 0.917245 0.341146 0.916667 0.345920 0.914931 0.348958 0.914931 0.350911 0.913773 0.353082 0.912616 0.353516 0.912037 0.356771 0.910590 0.357205 0.910012 0.356988 0.909433 0.357422 0.907407 0.360894 0.907407 0.375434 0.907986 0.376085 0.907986 0.381727 0.908565 0.382161 0.908854 0.385851 0.911748 0.385634 0.911748 0.384332 0.915220 0.379991 0.916667 0.376302 0.917245 0.376736 0.917824 0.379991 0.918403 0.380425 0.921007 0.380208 0.924479 0.369575 0.925058 0.363281 0.925637 0.362196 0.925637 0.351780 0.925058 0.350911 0.925058 0.334201 0.924479 0.333550
0 0.301505 0.309028 0.298611 0.309028 0.292245 0.314236 0.285880 0.316406 0.282407 0.319010 0.279514 0.323351 0.277778 0.324219 0.269676 0.331380 0.263021 0.339193 0.254630 0.347005 0.251157 0.349392 0.248264 0.353082 0.243924 0.356120 0.240451 0.357639 0.232928 0.364583 0.232060 0.365885 0.232639 0.367405 0.235243 0.367188 0.241609 0.360677 0.246817 0.358073 0.250000 0.355469 0.253472 0.355469 0.254340 0.353733 0.256366 0.351997 0.266204 0.347439 0.270544 0.342448 0.281539 0.335720 0.285301 0.329861 0.293981 0.323134 0.295428 0.320095 0.301505 0.312283
0 0.339699 0.305556 0.337674 0.305339 0.335938 0.305556 0.335359 0.305990 0.331597 0.305990 0.328125 0.307509 0.325521 0.309462 0.323785 0.311415 0.321470 0.312066 0.319444 0.313151 0.314236 0.314670 0.312211 0.315972 0.310185 0.316623 0.307292 0.319444 0.306713 0.319444 0.304688 0.320964 0.302662 0.321615 0.300926 0.322917 0.298322 0.324002 0.292245 0.328559 0.287326 0.330946 0.283854 0.333984 0.283565 0.335938 0.286458 0.336155 0.288484 0.334635 0.289641 0.333116 0.295428 0.330295 0.299479 0.327040 0.300637 0.326823 0.301794 0.325738 0.303241 0.325304 0.304977 0.324002 0.309896 0.321615 0.313079 0.318793 0.315104 0.318142 0.316551 0.317057 0.321181 0.315755 0.326968 0.313368 0.329572 0.311198 0.329861 0.310330 0.330729 0.309679 0.332465 0.309245 0.333912 0.308377 0.337384 0.308377 0.339410 0.307726
0 0.910012 0.301649 0.907697 0.302083 0.906829 0.305339 0.905671 0.306424 0.903935 0.319661 0.903356 0.320095 0.903356 0.323785 0.902778 0.324219 0.902778 0.326606 0.901620 0.329861 0.901620 0.336155 0.900463 0.340929 0.900463 0.346137 0.899306 0.348524 0.897280 0.363932 0.896412 0.366319 0.897280 0.375434 0.898148 0.377387 0.900174 0.377387 0.900752 0.376953 0.899595 0.368490 0.902488 0.351997 0.904803 0.351562 0.904803 0.344401 0.905382 0.343750 0.904803 0.341146 0.906539 0.334201 0.906539 0.330295 0.907697 0.327257 0.907697 0.322483 0.909433 0.315755 0.910012 0.308594 0.910590 0.307943 0.910590 0.302083
0 0.344907 0.292101 0.341146 0.292101 0.338252 0.294271 0.337963 0.294271 0.337674 0.294488 0.336806 0.294705 0.336806 0.294922 0.335359 0.296007 0.335069 0.296007 0.333044 0.297526 0.332755 0.297526 0.331887 0.298177 0.331887 0.298394 0.331597 0.298611 0.331308 0.298611 0.331308 0.298828 0.330729 0.299262 0.330440 0.299262 0.330150 0.299479 0.330150 0.299696 0.329282 0.300347 0.328993 0.300347 0.328414 0.300998 0.328125 0.300998 0.327836 0.301215 0.327836 0.303168 0.328414 0.303602 0.328704 0.303385 0.328993 0.303602 0.330729 0.303602 0.331019 0.303385 0.331308 0.303385 0.331597 0.303168 0.332465 0.302951 0.333333 0.302300 0.333623 0.302300 0.334201 0.301866 0.334491 0.301866 0.337963 0.299262 0.338252 0.299262 0.338831 0.298828 0.338831 0.298611 0.339120 0.298394 0.339410 0.298394 0.341146 0.297092 0.341435 0.296441 0.341725 0.296224 0.342014 0.296224 0.342593 0.295573 0.342882 0.295573 0.344329 0.294488 0.344618 0.294488 0.344907 0.294271 0.344907 0.294054 0.345197 0.293837 0.345197 0.293620 0.344907 0.293403 0.345197 0.293186 0.345197 0.292535 0.344907 0.292318
0 0.436632 0.267361 0.433738 0.267361 0.433449 0.267795 0.433449 0.268446 0.432870 0.269314 0.432870 0.270616 0.431713 0.271267 0.431713 0.279514 0.432002 0.279731 0.432002 0.284505 0.432292 0.284722 0.431713 0.285590 0.431713 0.290148 0.432581 0.290582 0.433449 0.290582 0.433738 0.290365 0.434028 0.290582 0.434896 0.290582 0.435185 0.290365 0.435764 0.290365 0.435764 0.288194 0.435475 0.287760 0.436053 0.287109 0.436053 0.283854 0.436921 0.283203 0.436632 0.279514 0.436921 0.279297 0.436921 0.278212 0.437211 0.277995 0.437211 0.275825 0.436632 0.275391
0 0.423611 0.263021 0.421875 0.263455 0.421296 0.265408 0.421296 0.286024 0.420718 0.286458 0.420718 0.291667 0.420139 0.292318 0.420139 0.306641 0.418981 0.307726 0.418981 0.310113 0.422743 0.310330 0.423032 0.317057 0.423611 0.317708 0.423032 0.327040 0.424190 0.330295 0.424190 0.333984 0.427083 0.334201 0.427662 0.328993 0.426794 0.313151 0.427373 0.312283 0.427373 0.306424 0.428241 0.303602 0.427373 0.300347 0.427373 0.275608 0.425637 0.272135 0.425637 0.263672
0 0.460648 0.226562 0.458044 0.226562 0.455440 0.227865 0.452836 0.227865 0.450521 0.228299 0.448206 0.229167 0.447338 0.229167 0.445023 0.230469 0.443866 0.230469 0.442419 0.232422 0.438368 0.235460 0.432870 0.237196 0.431134 0.238281 0.429398 0.240885 0.428241 0.246962 0.427373 0.248481 0.425058 0.250868 0.425058 0.253038 0.426505 0.253472 0.424190 0.255425 0.423032 0.257378 0.423032 0.258898 0.423611 0.259332 0.425347 0.259332 0.426794 0.258898 0.429109 0.257161 0.431134 0.254340 0.433738 0.252170 0.435475 0.251302 0.436053 0.250651 0.439525 0.249566 0.442130 0.247613 0.442998 0.247396 0.443576 0.246745 0.443576 0.246094 0.446181 0.243056 0.448206 0.241319 0.448785 0.240234 0.450231 0.239366 0.454861 0.235026 0.455150 0.234375 0.457176 0.232856 0.458044 0.231554 0.458912 0.231120 0.458912 0.230686 0.460069 0.229818 0.460648 0.229818 0.461227 0.228733 0.460938 0.228082 0.461227 0.227214
0 0.590567 0.000651 0.589410 0.001519 0.589410 0.003255 0.588542 0.004774 0.589699 0.012153 0.590278 0.026042 0.591435 0.031250 0.591435 0.037977 0.592303 0.040365 0.593461 0.054688 0.595775 0.054688 0.596354 0.053168 0.596354 0.047960 0.596933 0.046441 0.596354 0.015191 0.595775 0.013021 0.595775 0.009549 0.593750 0.001519 0.592593 0.000651
0 0.565394 0.000000 0.567419 0.005425 0.572338 0.009332 0.586516 0.070530 0.588542 0.101128 0.584491 0.112630 0.582755 0.108507 0.579861 0.108941 0.581019 0.144531 0.592014 0.182075 0.594618 0.182726 0.595197 0.181207 0.608507 0.180990 0.611400 0.169705 0.606192 0.070312 0.603877 0.070312 0.602720 0.073568 0.604167 0.143446 0.597512 0.146918 0.598669 0.152778 0.596933 0.152127 0.587095 0.124349 0.591725 0.088976 0.584201 0.050998 0.584780 0.037109 0.574653 0.000651