0 0.741898 0.653863 0.741030 0.654731 0.741609 0.663845 0.743056 0.667752 0.742766 0.680339 0.743634 0.681858 0.743345 0.693142 0.743634 0.693793 0.744502 0.694010 0.745370 0.696832 0.747106 0.696832 0.747975 0.695095 0.750289 0.693793 0.750289 0.692925 0.751157 0.692708 0.752025 0.695530 0.752025 0.698568 0.754051 0.703125 0.754919 0.703125 0.755498 0.703776 0.755208 0.705512 0.757234 0.705512 0.759259 0.703776 0.759838 0.701389 0.759259 0.699002 0.759838 0.696832 0.759259 0.693142 0.759838 0.688368 0.758391 0.678168 0.758970 0.677300 0.760127 0.669271 0.758102 0.669054 0.757234 0.669488 0.756655 0.668837 0.754919 0.668837 0.753183 0.670790 0.753183 0.674262 0.752604 0.676432 0.752025 0.676432 0.751736 0.674262 0.749132 0.673611 0.749132 0.669705 0.747975 0.667318 0.747396 0.662543 0.745081 0.655165 0.743924 0.653863
0 0.397569 0.618490 0.397280 0.619792 0.395833 0.620226 0.395544 0.620877 0.396991 0.627604 0.396701 0.632595 0.397280 0.633464 0.397280 0.637153 0.399016 0.643663 0.399016 0.646701 0.399884 0.648003 0.399595 0.657769 0.400463 0.659505 0.400174 0.662326 0.401042 0.665799 0.401042 0.669705 0.404514 0.677083 0.404514 0.680122 0.405671 0.683811 0.408854 0.685981 0.411169 0.685981 0.414062 0.682509 0.414352 0.677083 0.413484 0.674262 0.409433 0.667969 0.407986 0.663845 0.405961 0.654297 0.403356 0.647352 0.403356 0.644097 0.401331 0.634766 0.401620 0.630859 0.400752 0.630208 0.401042 0.622179 0.399595 0.618490
0 0.563657 0.599175 0.563079 0.598741 0.561632 0.598741 0.559896 0.600043 0.559606 0.600043 0.557581 0.601345 0.556713 0.601562 0.555845 0.602214 0.554977 0.602431 0.554688 0.602648 0.554688 0.603082 0.554398 0.603299 0.552951 0.603733 0.552373 0.604167 0.552373 0.604384 0.551505 0.605035 0.551215 0.605035 0.550637 0.605469 0.550347 0.605469 0.549769 0.605903 0.549769 0.606120 0.548322 0.607205 0.548322 0.607422 0.547743 0.607856 0.547454 0.608507 0.546586 0.609158 0.546296 0.609158 0.546296 0.609375 0.545718 0.609809 0.545718 0.610026 0.545428 0.610243 0.545428 0.611545 0.547164 0.611545 0.547743 0.610894 0.548032 0.610894 0.548611 0.610460 0.548900 0.610460 0.550347 0.609375 0.550637 0.609375 0.550637 0.609158 0.550926 0.608941 0.551215 0.608941 0.552083 0.608290 0.552373 0.608290 0.553530 0.607422 0.553819 0.607422 0.554977 0.606554 0.555266 0.606554 0.557870 0.604818 0.559317 0.604384 0.559606 0.604167 0.559606 0.603950 0.563368 0.601128 0.563368 0.600694 0.563657 0.600477
0 0.563368 0.593099 0.563079 0.592882 0.561343 0.592882 0.560764 0.593316 0.560185 0.593316 0.560185 0.593533 0.559896 0.593750 0.559317 0.593750 0.558738 0.594184 0.558449 0.594184 0.557870 0.594618 0.557581 0.594618 0.556713 0.595269 0.556424 0.595269 0.554398 0.596788 0.554109 0.597439 0.553241 0.598090 0.552951 0.598090 0.552373 0.598524 0.552083 0.598524 0.552083 0.598741 0.551215 0.599392 0.550926 0.599392 0.550347 0.600477 0.546586 0.603299 0.546296 0.603299 0.543981 0.604818 0.543981 0.605903 0.544271 0.606120 0.545718 0.606120 0.546296 0.605686 0.546586 0.605686 0.548032 0.604601 0.548322 0.604601 0.552083 0.601780 0.552083 0.601562 0.552662 0.601128 0.553241 0.601128 0.554977 0.599826 0.555266 0.599826 0.555266 0.599609 0.555556 0.599392 0.555845 0.599392 0.555845 0.599175 0.556424 0.598741 0.556713 0.598090 0.558160 0.597005 0.558449 0.597005 0.559028 0.596571 0.559317 0.596571 0.560185 0.595920 0.562211 0.595269 0.562211 0.594835 0.563079 0.594184 0.563079 0.593316
0 0.355613 0.584201 0.353299 0.584418 0.351852 0.585720 0.351852 0.586589 0.350984 0.586806 0.349537 0.588325 0.349537 0.588759 0.347222 0.590929 0.346644 0.592231 0.344329 0.594401 0.343171 0.594835 0.340278 0.597005 0.336516 0.602865 0.335069 0.603516 0.335069 0.603950 0.332755 0.605686 0.329282 0.609592 0.329572 0.611328 0.328125 0.613498 0.328125 0.614366 0.323206 0.620443 0.323206 0.622179 0.325231 0.621962 0.326100 0.620877 0.326100 0.620226 0.328993 0.616536 0.334780 0.611979 0.335069 0.612196 0.334780 0.611979 0.335938 0.611111 0.336227 0.611328 0.335938 0.611111 0.336516 0.610677 0.336806 0.610894 0.336516 0.610677 0.337095 0.610243 0.338252 0.610026 0.343461 0.606120 0.343750 0.605469 0.344618 0.605252 0.346354 0.603516 0.346354 0.601780 0.344907 0.601562 0.345197 0.600694 0.348958 0.598524 0.352431 0.597439 0.356771 0.594401 0.356771 0.592665 0.354456 0.592448 0.353299 0.593099 0.352720 0.592882 0.353299 0.591363 0.354456 0.590061 0.354456 0.588542 0.355035 0.588108 0.355035 0.587240 0.356192 0.585720 0.356192 0.584852
0 0.563657 0.577691 0.561632 0.577691 0.560475 0.578559 0.560185 0.578559 0.559896 0.578993 0.557870 0.579644 0.557002 0.580295 0.555845 0.580512 0.554398 0.581380 0.553530 0.581597 0.551215 0.583333 0.550926 0.583984 0.549769 0.584852 0.549479 0.584852 0.548322 0.585938 0.547164 0.586372 0.546875 0.586806 0.546875 0.588325 0.547454 0.588325 0.548611 0.589627 0.548032 0.589844 0.546875 0.590929 0.546875 0.592231 0.546586 0.592448 0.547454 0.592882 0.548032 0.592882 0.548322 0.592665 0.548611 0.592882 0.549190 0.592665 0.549479 0.592014 0.550058 0.591797 0.551215 0.590712 0.552083 0.590495 0.552951 0.589627 0.554109 0.589410 0.555556 0.588325 0.556134 0.588325 0.557870 0.587457 0.558738 0.587457 0.559606 0.587023 0.560475 0.587023 0.561921 0.586372 0.561921 0.585286 0.561632 0.585069 0.559896 0.585069 0.557581 0.585938 0.556134 0.586155 0.555556 0.586589 0.553241 0.587457 0.552373 0.587457 0.551794 0.587891 0.551215 0.587891 0.550926 0.587457 0.551794 0.586155 0.554977 0.583767 0.555266 0.583767 0.555556 0.583333 0.559028 0.581814 0.559606 0.581163 0.560764 0.580946 0.563079 0.579210 0.563657 0.579210 0.563947 0.578993
0 0.609375 0.545356 0.607639 0.545356 0.607350 0.545573 0.607350 0.545790 0.607060 0.546007 0.607060 0.546441 0.606481 0.547092 0.606481 0.547526 0.605903 0.548177 0.605613 0.549696 0.605324 0.549913 0.605324 0.550347 0.605035 0.550564 0.605035 0.550998 0.604745 0.551215 0.604745 0.551866 0.604456 0.552083 0.604456 0.552951 0.604167 0.553168 0.604167 0.553819 0.603877 0.554036 0.604167 0.554253 0.604167 0.554470 0.603588 0.554905 0.603588 0.555339 0.603299 0.555556 0.603299 0.556641 0.603009 0.556858 0.603009 0.557292 0.602431 0.557943 0.602431 0.558377 0.602141 0.558594 0.602141 0.559028 0.601852 0.559245 0.601852 0.559896 0.599826 0.561415 0.599826 0.561849 0.599537 0.562066 0.599826 0.562283 0.599826 0.564019 0.600116 0.564236 0.600116 0.564453 0.601273 0.564453 0.602141 0.564019 0.602141 0.563802 0.602720 0.563368 0.602720 0.562934 0.604167 0.561849 0.604456 0.561198 0.605324 0.560547 0.605324 0.560330 0.606771 0.558377 0.606771 0.557943 0.607350 0.557509 0.607350 0.555773 0.607639 0.555556 0.607639 0.555122 0.607928 0.554905 0.607928 0.554253 0.608218 0.554036 0.608218 0.553168 0.608507 0.552951 0.608507 0.552300 0.608796 0.552083 0.609086 0.550564 0.609375 0.550347 0.609375 0.549913 0.609664 0.549696 0.609664 0.549045 0.609954 0.548828 0.609954 0.548394 0.610243 0.548177 0.610243 0.546658 0.609664 0.546224 0.609664 0.545790 0.609375 0.545573
0 0.392072 0.537760 0.390046 0.537760 0.388310 0.538845 0.386574 0.540365 0.386574 0.540799 0.385995 0.541450 0.384838 0.542101 0.384259 0.542969 0.382234 0.544705 0.381944 0.545356 0.381076 0.546007 0.379919 0.548177 0.375000 0.551866 0.375000 0.552300 0.373843 0.553168 0.373264 0.554036 0.373264 0.554905 0.372106 0.556424 0.372106 0.556858 0.371528 0.557292 0.371238 0.558160 0.371528 0.559462 0.369502 0.562066 0.368345 0.562934 0.365451 0.566406 0.365451 0.567708 0.367188 0.567708 0.367766 0.567274 0.370081 0.564236 0.372685 0.561632 0.373843 0.559896 0.375000 0.557292 0.376447 0.555556 0.379919 0.552951 0.380787 0.552734 0.383970 0.550564 0.383970 0.549913 0.385127 0.548611 0.385127 0.548177 0.386285 0.546441 0.386285 0.545790 0.388310 0.543837 0.388310 0.543403 0.389178 0.542752 0.389178 0.542318 0.390336 0.541016 0.392361 0.539280
0 0.804398 0.537543 0.802662 0.537543 0.800926 0.539714 0.800926 0.540148 0.797164 0.544705 0.796875 0.545573 0.793403 0.547743 0.790220 0.549045 0.789641 0.549045 0.787037 0.550998 0.787037 0.551432 0.785590 0.552951 0.784722 0.554470 0.783565 0.555122 0.782697 0.556858 0.782986 0.561632 0.783565 0.562717 0.783565 0.564236 0.783275 0.564453 0.783565 0.567708 0.787616 0.569878 0.789062 0.571181 0.789641 0.572266 0.791088 0.573134 0.793113 0.573134 0.793692 0.572700 0.795718 0.567057 0.795718 0.563802 0.796586 0.561415 0.796586 0.559896 0.798322 0.557075 0.798322 0.556424 0.798900 0.555556 0.798900 0.554036 0.800347 0.552083 0.800926 0.548828 0.802373 0.547092 0.802662 0.545356 0.804398 0.541450 0.804109 0.539280 0.804688 0.538411
0 0.424190 0.515625 0.422164 0.515408 0.421007 0.516493 0.419271 0.516927 0.417535 0.518229 0.416667 0.518446 0.415509 0.519748 0.414352 0.520182 0.411169 0.522569 0.410880 0.523220 0.405093 0.527561 0.405093 0.527995 0.401910 0.530382 0.398148 0.535156 0.398148 0.536241 0.397280 0.537543 0.393519 0.540148 0.388310 0.546224 0.388600 0.547743 0.390046 0.547960 0.391204 0.547092 0.394387 0.543186 0.395833 0.542752 0.397859 0.541233 0.399595 0.539497 0.400174 0.537760 0.402778 0.534071 0.407407 0.530382 0.409433 0.529514 0.412616 0.527127 0.414931 0.524523 0.415220 0.523655 0.417824 0.521484 0.418113 0.520833 0.420139 0.519748 0.420718 0.519097 0.424190 0.517361 0.424479 0.516927
0 0.655093 0.509549 0.654514 0.509332 0.652778 0.509549 0.652488 0.511068 0.651910 0.511502 0.651910 0.511936 0.651042 0.512587 0.650463 0.512587 0.649595 0.514757 0.649016 0.514974 0.648148 0.516276 0.647280 0.516927 0.646991 0.516927 0.644676 0.518880 0.644676 0.519314 0.644097 0.519748 0.644097 0.520182 0.643519 0.520616 0.643519 0.521050 0.642940 0.521701 0.642940 0.522352 0.642361 0.523438 0.641782 0.523872 0.640625 0.525825 0.638600 0.527778 0.638310 0.528863 0.637731 0.529514 0.637731 0.530599 0.637442 0.530816 0.637442 0.532335 0.637731 0.532552 0.639757 0.532552 0.639757 0.532118 0.642650 0.529731 0.642650 0.529514 0.645255 0.527995 0.646123 0.527778 0.646991 0.527127 0.647280 0.527127 0.650463 0.524523 0.651042 0.523655 0.651042 0.522135 0.651331 0.521918 0.651331 0.521484 0.651910 0.521050 0.651910 0.520399 0.652488 0.519531 0.652488 0.518880 0.653067 0.518446 0.653356 0.517361 0.654803 0.515408 0.654803 0.514974 0.655961 0.513672 0.655961 0.511719 0.655382 0.511719 0.655093 0.511502
0 0.455729 0.510634 0.455440 0.510417 0.454572 0.510417 0.453993 0.509983 0.453704 0.509983 0.453414 0.509766 0.452546 0.509766 0.452257 0.509549 0.451678 0.509549 0.451389 0.509332 0.449942 0.509332 0.449653 0.509549 0.445602 0.509549 0.444734 0.509983 0.442708 0.509983 0.442419 0.510200 0.442130 0.510200 0.441840 0.510417 0.441262 0.510417 0.440394 0.510851 0.439236 0.510851 0.438657 0.511285 0.438368 0.511285 0.438079 0.511502 0.437789 0.511502 0.437500 0.511719 0.437500 0.513238 0.437789 0.513455 0.440104 0.513455 0.440394 0.513238 0.440972 0.513238 0.441262 0.513021 0.441840 0.513021 0.442130 0.512804 0.442998 0.512804 0.443866 0.512370 0.444734 0.512370 0.445023 0.512153 0.445602 0.512153 0.445891 0.511936 0.446470 0.511936 0.446759 0.511719 0.447338 0.511719 0.447627 0.511502 0.448495 0.511502 0.448785 0.511285 0.450231 0.511285 0.450521 0.511502 0.451968 0.511502 0.452257 0.511719 0.452546 0.511719 0.452836 0.511936 0.453414 0.511936 0.453704 0.512153 0.455440 0.512153 0.455729 0.511936
0 0.755498 0.386285 0.753183 0.386502 0.752315 0.391276 0.750868 0.391493 0.748843 0.393012 0.748843 0.394314 0.750579 0.394531 0.750868 0.394965 0.750000 0.398438 0.748553 0.400825 0.747975 0.404297 0.747396 0.404731 0.747685 0.408203 0.746817 0.411675 0.745949 0.409505 0.745949 0.405816 0.743924 0.400391 0.743345 0.394531 0.741030 0.394965 0.741319 0.402561 0.742766 0.412543 0.741898 0.412977 0.741609 0.415799 0.741030 0.416016 0.741319 0.421441 0.740741 0.425998 0.740162 0.426866 0.740451 0.428602 0.742766 0.428602 0.743345 0.427734 0.743924 0.422960 0.745081 0.420573 0.745081 0.415799 0.745949 0.416016 0.746528 0.417101 0.748264 0.417318 0.749711 0.416016 0.751447 0.410373 0.752025 0.406250 0.752894 0.404514 0.753183 0.401693 0.754051 0.399957 0.754051 0.395182 0.755498 0.389540
0 0.414352 0.317491 0.416088 0.325304 0.415509 0.326823 0.415509 0.330512 0.416088 0.331380 0.416088 0.333333 0.417535 0.336155 0.417245 0.336589 0.415509 0.336806 0.415509 0.337891 0.414641 0.339193 0.415509 0.343967 0.420139 0.350260 0.422454 0.355686 0.423322 0.355686 0.424190 0.356337 0.424190 0.356988 0.425347 0.358073 0.425347 0.359158 0.427373 0.358724 0.427373 0.356554 0.426794 0.356120 0.426215 0.351997 0.425637 0.351345 0.425926 0.349826 0.426505 0.350260 0.428241 0.354384 0.428819 0.357856 0.431713 0.361979 0.432870 0.365885 0.435185 0.366102 0.434896 0.363064 0.433738 0.360894 0.433738 0.359809 0.430266 0.353950 0.430266 0.350043 0.419850 0.333550 0.419271 0.328342 0.418113 0.325738 0.416377 0.317491
0 0.185764 0.286458 0.183449 0.286458 0.183449 0.287109 0.182292 0.288411 0.182292 0.288845 0.181134 0.289714 0.181134 0.290148 0.180556 0.290582 0.180556 0.291450 0.179398 0.292318 0.179398 0.292969 0.178819 0.293620 0.178819 0.294922 0.178530 0.295139 0.178530 0.296224 0.178241 0.296441 0.177951 0.298828 0.177662 0.299045 0.177662 0.300130 0.177373 0.300347 0.177373 0.301432 0.177083 0.301649 0.177083 0.303385 0.176505 0.304253 0.176505 0.305122 0.175926 0.305556 0.175926 0.307726 0.176505 0.308160 0.176505 0.308811 0.177373 0.309462 0.178241 0.310764 0.178241 0.311415 0.178819 0.312066 0.178819 0.312500 0.179398 0.312934 0.181424 0.312934 0.181424 0.311198 0.182002 0.310764 0.182581 0.310764 0.182581 0.309896 0.183160 0.309462 0.183160 0.308160 0.183738 0.307726 0.183738 0.306858 0.184896 0.305990 0.184896 0.304688 0.186343 0.303168 0.186343 0.302300 0.186921 0.301866 0.186632 0.301649 0.186632 0.301215 0.187211 0.300998 0.187789 0.300130 0.187789 0.299479 0.188368 0.298828 0.188368 0.298394 0.188947 0.297526 0.188947 0.296875 0.189525 0.296224 0.189525 0.295139 0.190104 0.294705 0.190104 0.294054 0.190394 0.293837 0.190394 0.293403 0.190104 0.293186 0.190394 0.292969 0.189815 0.292318 0.188368 0.292318 0.187500 0.292752 0.187211 0.292318 0.186053 0.292318 0.185764 0.292101 0.186053 0.291667 0.186053 0.289497 0.185764 0.289280 0.186632 0.287977 0.186632 0.287109 0.186343 0.286675